{"prediction": [[[0.8283120473901735, 0.06995596472660737, 0.012362147733162472, 0.016902892382664916, 0.06842323357265359, 0.004043714194738182], [0.7894346540654111, 0.0971882108101404, 0.0172575749880734, 0.021312567772361683, 0.0703557933577565, 0.00445119900625692], [0.8234850085731801, 0.09858751903559027, 0.007867319212739626, 0.016789048874254094, 0.04906653771323937, 0.004204566590996425], [0.8106057705050127, 0.10335053818725991, 0.007343804100865286, 0.01666729958112738, 0.05767943895957366, 0.004353148666161128], [0.8181797855185176, 0.0893836406673393, 0.004297482215545822, 0.011303086600694847, 0.07253852278235678, 0.004297482215545822], [0.839072014586041, 0.08166567663760488, 0.004068752546223359, 0.009666223075780312, 0.06145858060812704, 0.004068752546223359], [0.8721048350354702, 0.06985004717263592, 0.003947117591831818, 0.007504152213511538, 0.04285900731433754, 0.003734840672213053], [0.8598662568219507, 0.07922173993615984, 0.0039768758015228224, 0.007657165953967627, 0.04540308341081867, 0.0038748780755802933], [0.8740046833513928, 0.07215000486313922, 0.0037379563291628504, 0.0061527959639274075, 0.04021660316321501, 0.0037379563291628504], [0.8762621045595542, 0.07342608407249002, 0.003724099671085582, 0.006365778038545948, 0.036497833987238694, 0.003724099671085582], [0.8754401724422489, 0.07670110345326171, 0.003749485604686229, 0.005883571065550208, 0.034476181829566736, 0.003749485604686229], [0.8827549425844835, 0.07233114816737948, 0.003675877948164011, 0.005522620488448687, 0.032039532863360344, 0.003675877948164011], [0.8952637051362051, 0.06657539033421392, 0.0035696002862101958, 0.004068146932085537, 0.026953557025074962, 0.0035696002862101958], [0.8886157057670308, 0.06807279119716854, 0.0036180173627741417, 0.004695421176546144, 0.03138004713370607, 0.0036180173627741417], [0.9007888189432991, 0.058446593506133876, 0.003497276306012281, 0.003544441052967217, 0.030225593885575226, 0.003497276306012281], [0.8822604642150083, 0.06975036329086419, 0.0036710390772553138, 0.004876750395658076, 0.03577034394395868, 0.0036710390772553138], [0.8861710158240266, 0.06656106724295073, 0.00415687237263379, 0.0043723610719581, 0.035111239192406024, 0.003627444296024745], [0.884402202918132, 0.07029390828883993, 0.0036582469923944505, 0.004780781082017647, 0.03320661372622152, 0.0036582469923944505], [0.8921072582187383, 0.06961935847279292, 0.0036086165913384637, 0.0037427658697767254, 0.027313384256015115, 0.0036086165913384637], [0.8823584560478624, 0.07450921290768252, 0.0041352888022198305, 0.004400223302998826, 0.03090242074264747, 0.003694398196588861], [0.8861024817915834, 0.07598534633807517, 0.0036821802839901926, 0.004329933526188295, 0.02621787777617286, 0.0036821802839901926], [0.8706356899649698, 0.0823972996200923, 0.004354887680182424, 0.005276201291376632, 0.03351935081904314, 0.003816570624335805], [0.8832110336884861, 0.07690760837077319, 0.0037046922283173627, 0.004602900951865948, 0.027869072532240163, 0.0037046922283173627], [0.8777233703173378, 0.07450483880555328, 0.003729908514545548, 0.004523822430802782, 0.035788151417215065, 0.003729908514545548], [0.8976135239103773, 0.0658468548366862, 0.0035504871980297967, 0.004154310517684678, 0.025284336339192408, 0.0035504871980297967], [0.867415261439016, 0.08205859860543595, 0.0038385087945934458, 0.005860788752012121, 0.0369883336143489, 0.0038385087945934458], [0.8768151830230815, 0.07572236351513416, 0.003734553944427999, 0.005830180209051782, 0.03416316536387665, 0.003734553944427999], [0.8908711169538576, 0.0725219860738145, 0.0036309131702501104, 0.004326145578744446, 0.02501892505308318, 0.0036309131702501104], [0.8868897641570909, 0.07059311089124862, 0.003641595218715298, 0.0048934667324759115, 0.030340467781754046, 0.003641595218715298], [0.8849514932921738, 0.072548995692962, 0.0036670141604281687, 0.004628957542581367, 0.03053652515142629, 0.0036670141604281687], [0.8726054694907572, 0.06939161369241895, 0.003738076809222522, 0.0064337302763288655, 0.04409303292204994, 0.003738076809222522], [0.8801750484816754, 0.06715850766314205, 0.0036748381005836544, 0.005258125426871278, 0.04005864222714392, 0.0036748381005836544], [0.8712072102197982, 0.06663437890457974, 0.004723968177207809, 0.0067722818043250204, 0.04692976009597743, 0.0037324007981119913], [0.869042400888969, 0.06930822068705376, 0.004628192852016341, 0.007059953775113742, 0.04620336433432383, 0.003757867462523324], [0.8555675512516714, 0.07905468502885594, 0.004493710834082789, 0.008833839494528777, 0.048149737894921135, 0.0039004754959400187], [0.8583290341835935, 0.07924645537724241, 0.003885922769906316, 0.008140070735259965, 0.04651259416409147, 0.003885922769906316], [0.8380228454166635, 0.1007035760586493, 0.006226031705861444, 0.013583032756128275, 0.03734220777600879, 0.00412230628668874], [0.8372813379099352, 0.10278274874884025, 0.006239822134632344, 0.012916727448538447, 0.03663417210280754, 0.004145191655246202], [0.8173887466654169, 0.09580010465340921, 0.014718976415382506, 0.017537940644063242, 0.050354677890032985, 0.004199553731695107], [0.832975845480252, 0.07213574585923146, 0.012458024400720271, 0.017439401716697844, 0.06100166165016308, 0.003989320892935237]], [[0.8060480604664146, 0.0955300625662225, 0.014485989046290313, 0.018906094076770123, 0.06072709979436657, 0.004302694049935833], [0.7078517385539027, 0.2150649418235265, 0.04140359655241065, 0.00826288170985584, 0.024299564956684897, 0.003117276403619269], [0.7448610512947853, 0.21586486758565773, 0.013299580299898825, 0.006080576121154499, 0.016729909898330852, 0.003164014800172715], [0.7664559418427379, 0.19818822815866124, 0.01332468378495079, 0.005414523623316579, 0.013471704378368757, 0.0031449182119646373], [0.760247627798456, 0.2038755067505353, 0.0107986403602012, 0.00542213830354706, 0.01650183677288089, 0.0031542500143795014], [0.7675044735544517, 0.19649907982311712, 0.0107706456808478, 0.005408081809566852, 0.016672207467996438, 0.0031455116640200557], [0.12170468777972857, 0.346056537849475, 0.013405142840438538, 0.008030334714851633, 0.5073285882703433, 0.003474708545163089], [0.7770944577055285, 0.1913859860154227, 0.010755409716675294, 0.005400431633046881, 0.012219759131276113, 0.0031439557980501693], [0.7723560486166006, 0.1977618980789821, 0.010781369788104182, 0.005413466523825924, 0.010534424358432166, 0.003152792634054941], [0.7627050398564399, 0.20570760415353453, 0.01080857467696647, 0.005427126453689652, 0.012191386468338918, 0.0031602683910303023], [0.767707952488695, 0.20295417105927654, 0.010804247699866007, 0.005424953821997845, 0.009949162556398675, 0.0031595123737660088], [0.19268440273420054, 0.39971832989046374, 0.017162176045319822, 0.007342308005169345, 0.3792849853036254, 0.0038077980212212967], [0.7567121859810152, 0.2118839245985096, 0.010832623074371458, 0.005439201467983957, 0.011963724447340259, 0.0031683404307795335], [0.7737075938831266, 0.19587682367466663, 0.010656360361154419, 0.0053506973396017085, 0.01125730272717269, 0.0031512220142778558], [0.8746274219708691, 0.08918462680270298, 0.003849656837629365, 0.003849656837629365, 0.024638980713539906, 0.003849656837629365], [0.8293339233475909, 0.14961240490035307, 0.007298386593311758, 0.0038372558600383846, 0.0067777987791236005, 0.0031402305195822808], [0.8367027141395079, 0.14227008412718214, 0.0072591778149209306, 0.003816641151195333, 0.006827578021759432, 0.0031238047454342634], [0.1642831798686623, 0.3325698623055959, 0.010607761711628319, 0.005933962576051479, 0.4820609276192386, 0.004544305918823367], [0.8294527561473914, 0.1500554670489335, 0.0072992132960609185, 0.0038376905136331438, 0.006213458089163141, 0.0031414149048180026], [0.820531525292835, 0.15955220185492477, 0.007352088970356773, 0.0038654908347659244, 0.0055341669272195235, 0.0031645261198980064], [0.7649568646043647, 0.20688972947709464, 0.010934644345143947, 0.005490427679949567, 0.008563925773311446, 0.0031644081201357742], [0.7590728744970251, 0.21342308248909334, 0.010965101116700739, 0.005505720422568268, 0.007860037612892496, 0.003173183861720134], [0.7585379510393531, 0.21232238691782282, 0.01095610308303332, 0.0055012023923924945, 0.009512823333954307, 0.0031695332334440674], [0.7467334143646351, 0.22050157502765955, 0.010980271849852489, 0.00551333784574111, 0.013095569777330377, 0.0031758311347812483], [0.2629584086298342, 0.4883029351737433, 0.016703284754986416, 0.007935816189229677, 0.2203996166789659, 0.003699938573240572], [0.66900974050972, 0.2885989365517365, 0.014969103871777936, 0.006718373319633064, 0.017401990462624438, 0.0033018552845080324], [0.6745124261714921, 0.28787704274616516, 0.01406707631342008, 0.0066469181821994985, 0.013629525175817881, 0.0032670114109053126], [0.2360971810038893, 0.39934793019509196, 0.013749975900645403, 0.007221673254418391, 0.3396274143939409, 0.003955825252014063], [0.4662557005162383, 0.3344395879641327, 0.014870607429092597, 0.014870607429092597, 0.056916864835704725, 0.11264663182573893], [0.7764168331514836, 0.19157007618994865, 0.010866857338423954, 0.005456390938900769, 0.012546595905574063, 0.0031432464756690173], [0.833913868468309, 0.1450049118065615, 0.0072761593719343305, 0.003825569505199212, 0.006849701816279296, 0.0031297890317167256], [0.8415794013628217, 0.13756071198172914, 0.0072400279764216, 0.0038065727848432852, 0.006699416915770413, 0.0031138689784138683], [0.8257087243543456, 0.15131281806837496, 0.0073137433624462485, 0.003845329953072396, 0.008675268298140382, 0.0031441159636203665], [0.7672740408121459, 0.20112757829043085, 0.010909765029755325, 0.005477935450887857, 0.01205713134457741, 0.0031535490722028182], [0.7563351590067962, 0.20887957589425699, 0.010934594833182595, 0.0054904028193473835, 0.015200999730802455, 0.003159267715614291], [0.1542443608695972, 0.3537860020189402, 0.024364906074062696, 0.009417219886059565, 0.45465982498447444, 0.003527686166865731], [0.11605368745912283, 0.36164874811601255, 0.048265872805721234, 0.009843566713827148, 0.46073056810634594, 0.0034575567989702126], [0.08213350386560385, 0.3408044899146974, 0.06454998827514438, 0.009775232476281816, 0.49938785199053354, 0.003348933477739074], [0.06676387862801893, 0.23485775433618492, 0.07277300712669202, 0.009058148947880538, 0.6129362117780022, 0.0036109991832215414], [0.8178082623809729, 0.09397102702688859, 0.015265366838209452, 0.01794043163854892, 0.050832631116795084, 0.004182280998584806]], [[0.8144820956711278, 0.10817440515550918, 0.008154230416776959, 0.016541067607906416, 0.04831141471238569, 0.004336786436293702], [0.7270716333332502, 0.22944388240252572, 0.01901765835938569, 0.005700276459395706, 0.015591640681916388, 0.0031749087635262042], [0.6140116686938766, 0.35970170424152986, 0.0031197626357805227, 0.0059967908710548135, 0.014050310921977796, 0.0031197626357805227], [0.6408197920898753, 0.3357692857997543, 0.0030947438451632923, 0.0059463709029886945, 0.011275063517055248, 0.0030947438451632923], [0.15728030341006669, 0.541127981297103, 0.003540570745834356, 0.0067928166385785365, 0.287717757162583, 0.003540570745834356], [0.6044511932590741, 0.37174308463463196, 0.00305927911482643, 0.006691164008324892, 0.010995999868316198, 0.00305927911482643], [0.6777657174321767, 0.3009418629706573, 0.003065274149426386, 0.005886657425000893, 0.009275213873312448, 0.003065274149426386], [0.690521599921268, 0.28938334128974896, 0.0030587407810841113, 0.005873459792476234, 0.008104117434338549, 0.0030587407810841113], [0.6997293230067811, 0.28068505092585916, 0.0030540573862789856, 0.005863994698498809, 0.0076135165963028065, 0.0030540573862789856], [0.17916637897867688, 0.5635884118260611, 0.003652364221801253, 0.007003222755850333, 0.24293725799580917, 0.003652364221801253], [0.1940819849913335, 0.6117222701882618, 0.0038403154643565393, 0.007360562161866353, 0.1791545517298253, 0.0038403154643565393], [0.659394413498896, 0.320978573544937, 0.00308510627453411, 0.005922616370457271, 0.007534184036641504, 0.00308510627453411], [0.6109078442551066, 0.3675438358464621, 0.0030639600083462765, 0.006693853195085136, 0.008726546686653663, 0.0030639600083462765], [0.772347394300902, 0.20170208924952399, 0.010688262847194024, 0.0053667159933815725, 0.0067312728078480835, 0.0031642648011501228], [0.8952768987707587, 0.08613257094543783, 0.003738552795626765, 0.003738552795626765, 0.007374871896923325, 0.003738552795626765], [0.265822269008773, 0.43584843166121223, 0.014585274680401036, 0.007215237207399038, 0.2723684137188988, 0.004160373723315824], [0.12362256421299839, 0.5225584309283207, 0.004617916975868304, 0.005963879631681062, 0.33861929127526325, 0.004617916975868304], [0.7843236126630101, 0.2009626262964108, 0.0031356195488422044, 0.003980314797963763, 0.004462207144930909, 0.0031356195488422044], [0.136776280542657, 0.5714041967180415, 0.004933645398146715, 0.006371169180114987, 0.2755810627628931, 0.004933645398146715], [0.7054058469855938, 0.2750653209754443, 0.0030487925300979554, 0.005911369777776453, 0.007519877200989428, 0.0030487925300979554], [0.6798709775001633, 0.3005037287448217, 0.0030633792965447703, 0.005940984699827903, 0.007557550462097371, 0.0030633792965447703], [0.6842222875485608, 0.29617012658786745, 0.003060498177549054, 0.005935727170508242, 0.007550862337965282, 0.003060498177549054], [0.6671503569164052, 0.3131612562621316, 0.0030727095647762664, 0.005960540375881037, 0.007582427316029728, 0.0030727095647762664], [0.5785986043191209, 0.39966220195143287, 0.0030669082506641306, 0.006774149924550668, 0.008831227303567385, 0.0030669082506641306], [0.5337187799849078, 0.4445276772586432, 0.00306795106134997, 0.00677947335551405, 0.008838167278235215, 0.00306795106134997], [0.2359592204652929, 0.6962660940733802, 0.0034730246760458364, 0.007710509787923271, 0.05311812632131202, 0.0034730246760458364], [0.5432656102100716, 0.4351623873627409, 0.0030659513696288158, 0.006702404699042646, 0.008737694988887287, 0.0030659513696288158], [0.559854924253823, 0.41855731221739306, 0.0030701297307080006, 0.006705618871783938, 0.008741885195584147, 0.0030701297307080006], [0.4612758880390849, 0.36062983887392314, 0.015080685212778494, 0.015080685212778494, 0.033952373271333776, 0.11398052939010113], [0.40769751563917395, 0.40949120136106304, 0.014964253496954903, 0.014964253496954903, 0.03977519723042027, 0.11310757877543264], [0.7226821183462766, 0.2578180247634081, 0.0030421379810753354, 0.005904474824671341, 0.0075111061034932175, 0.0030421379810753354], [0.7879201765561697, 0.19739610616994036, 0.003128326274675455, 0.003973027331567737, 0.004454037392971234, 0.003128326274675455], [0.7124284637860308, 0.2680464608551531, 0.00304576160409233, 0.005912384331623935, 0.007521167819007529, 0.00304576160409233], [0.6748489631875992, 0.3053984669588744, 0.003066675594908063, 0.005954475298237191, 0.007664743365473089, 0.003066675594908063], [0.6624547195822946, 0.31488469882300485, 0.003069612394385397, 0.005961367581478552, 0.010559989224451212, 0.003069612394385397], [0.5738870169879, 0.4026072358901856, 0.003063682468841417, 0.006775084954288128, 0.010603297229943603, 0.003063682468841417], [0.6222544886605629, 0.35372107416874976, 0.0031060363859219528, 0.006034842004356936, 0.011777522394486473, 0.0031060363859219528], [0.6359040730303793, 0.3422231428867404, 0.003096247325615856, 0.006015208069426418, 0.009665081362222251, 0.003096247325615856], [0.7339763606460491, 0.22266598520542566, 0.019856059705429696, 0.005502519831776589, 0.014838541938745928, 0.0031605326725729506], [0.8333334988399196, 0.10134304839645386, 0.00812798917603404, 0.013924018349610682, 0.03912165376633215, 0.004149791471649613]], [[0.7727890290083079, 0.12692374238652712, 0.0084403952228953, 0.019876504936603184, 0.06715149358365173, 0.004818834862014662], [0.128369462761209, 0.35075886106549464, 0.044008258537186096, 0.011490818388266254, 0.46190005421025204, 0.003472545037591883], [0.15839436678158697, 0.6313804850919454, 0.003298191044162405, 0.007732187875764859, 0.19589657816237793, 0.003298191044162405], [0.6138560826831835, 0.35860807958131186, 0.0031171782514490135, 0.005990244838088679, 0.015311236394518098, 0.0031171782514490135], [0.5616205391149115, 0.41563326320754, 0.003067085768961524, 0.006707575742762269, 0.00990445039686312, 0.003067085768961524], [0.5992928298330584, 0.3769566098805377, 0.003059356625937614, 0.006691600179274767, 0.010940246855254075, 0.003059356625937614], [0.17285406896663952, 0.6006117276743403, 0.0032561700980207548, 0.007235882012735193, 0.2127859811502436, 0.0032561700980207548], [0.6751823193399753, 0.30261805594369284, 0.0030652732848118858, 0.0058863461730799425, 0.010182731973628312, 0.0030652732848118858], [0.6926422812455255, 0.2868292806673804, 0.0030563506241483547, 0.005868355417174312, 0.0085473814216232, 0.0030563506241483547], [0.5920652791132719, 0.38531573506818373, 0.003061893601022715, 0.006694789407781011, 0.009800409208717869, 0.003061893601022715], [0.25837280051416966, 0.5885695278667311, 0.003965574716307913, 0.007601012686237215, 0.13752550950024608, 0.003965574716307913], [0.20722915371196127, 0.6670651517885975, 0.0034643447152887317, 0.007692754916651133, 0.11108425015221274, 0.0034643447152887317], [0.5920527581997609, 0.3863979743594577, 0.0030640920179843037, 0.006694149906139839, 0.008726933498672965, 0.0030640920179843037], [0.6143172088045707, 0.36432491590666133, 0.0030610814498671962, 0.006613682283010298, 0.008622030106023403, 0.0030610814498671962], [0.2831349809974032, 0.4330430261459961, 0.014757233497885035, 0.007300304512044216, 0.25746170407060665, 0.004302750776064737], [0.8741600708639535, 0.1063522657658214, 0.004032374543278334, 0.004032374543278334, 0.007390539740390152, 0.004032374543278334], [0.7824501760269545, 0.19121150943279983, 0.010876563230185859, 0.005461264393867031, 0.006849862176147466, 0.0031506247400453348], [0.7885251531829981, 0.19680219993540649, 0.0031271189882657556, 0.003968946455429262, 0.004449462449634591, 0.0031271189882657556], [0.7191500115674356, 0.2613606949086158, 0.0030432918902789556, 0.005898809949861378, 0.007503899793529315, 0.0030432918902789556], [0.6929333932327305, 0.28749709937246454, 0.0030552189659172097, 0.0059236150289084235, 0.007535454434062187, 0.0030552189659172097], [0.23857559277484214, 0.5952367817780011, 0.003879854836216269, 0.007517276842998179, 0.15091063893172604, 0.003879854836216269], [0.678897295305111, 0.30147436701936425, 0.003064046831955024, 0.005941736799943725, 0.007558507211670897, 0.003064046831955024], [0.5889332437372156, 0.38932650573184213, 0.0030665276207756283, 0.006774939128134538, 0.008832256161256626, 0.0030665276207756283], [0.3891891165074927, 0.4403728113180822, 0.015138619541602777, 0.015138619541602777, 0.02576821357489413, 0.11439261951632541], [0.3450049825541261, 0.48481655045741945, 0.015237861651011911, 0.015237861651011911, 0.024553498510226524, 0.11514924517620416], [0.38540642145048076, 0.5835694553032628, 0.003186783193288097, 0.007945811165324864, 0.01670474569435544, 0.003186783193288097], [0.34130952913098495, 0.49005711759602616, 0.015274261317332663, 0.015274261317332663, 0.022666365935217623, 0.11541846470310597], [0.5837204094130876, 0.3947220413605756, 0.003064952613383088, 0.006696997799742992, 0.008730646199827628, 0.003064952613383088], [0.40479104415447364, 0.4204000324303876, 0.015067093020773041, 0.015067093020773041, 0.030809764827913116, 0.11386497254567965], [0.24848618304379952, 0.5205361990890011, 0.0036882576792761058, 0.007149004321294308, 0.21645209818735314, 0.0036882576792761058], [0.7241554180259822, 0.25635506994923213, 0.0030416987409722807, 0.005900308472567664, 0.007505806070273587, 0.0030416987409722807], [0.721803661142366, 0.25869729473917114, 0.003042413312782664, 0.0059038747485916756, 0.007510342744305759, 0.003042413312782664], [0.6918679132381388, 0.2880241830898829, 0.0030546433574010546, 0.00593088553579089, 0.008067731421385286, 0.0030546433574010546], [0.6562822328901474, 0.3221191478457847, 0.003077275930498939, 0.005975149580395589, 0.009468917822674588, 0.003077275930498939], [0.17318571552715145, 0.6378617038064148, 0.003302961869528177, 0.007420549395957817, 0.17492610753141952, 0.003302961869528177], [0.161620896351382, 0.6403411180800662, 0.003231500852737539, 0.007263135098396911, 0.18431184876467985, 0.003231500852737539], [0.15139304380436994, 0.650735726545166, 0.0033017017824625463, 0.007423043546913243, 0.1838447825386257, 0.0033017017824625463], [0.611468784768616, 0.3625683373584791, 0.003114300194833761, 0.006051774606489345, 0.013682502876748206, 0.003114300194833761], [0.11082075436544786, 0.34059289952277044, 0.050781682043092594, 0.010251543492556577, 0.48416454964051614, 0.003388570935616377], [0.8352584537417912, 0.098129447353347, 0.007436705482376545, 0.014525634895396879, 0.04053441683694005, 0.004115341690148206]], [[0.8380808105716945, 0.09038241530335428, 0.004099168190159364, 0.010439157478217803, 0.05289928026641485, 0.004099168190159364], [0.6501451564386462, 0.3046173746711659, 0.01398833110173033, 0.0066097098122667635, 0.02139512492485986, 0.003244303051330896], [0.17879661157363516, 0.6357107029147859, 0.003273828951900131, 0.007277055953426948, 0.17166797165435171, 0.003273828951900131], [0.525027819651388, 0.45239432268300905, 0.00308271878426112, 0.006741766689268381, 0.009670653407812375, 0.00308271878426112], [0.554649256343791, 0.42187814985244093, 0.003067687040428569, 0.006707407803836804, 0.01062981191907405, 0.003067687040428569], [0.5538552345521622, 0.42192364639039365, 0.003066367728062757, 0.006704288678115718, 0.011384094923203024, 0.003066367728062757], [0.2542578388145422, 0.6224805057364061, 0.003462817461690957, 0.0076890078839586505, 0.1086470126417111, 0.003462817461690957], [0.2364682646384651, 0.5774350395088852, 0.0033209199779131175, 0.0073745737078273026, 0.1720802821889962, 0.0033209199779131175], [0.6377657334782207, 0.34065810352046916, 0.0030681744572093384, 0.00670228072226916, 0.008737533364622404, 0.0030681744572093384], [0.2687444347628622, 0.5951426172796651, 0.003377208755705404, 0.007498118798946724, 0.12186041164711538, 0.003377208755705404], [0.5972720631777073, 0.38118848414190937, 0.0030638080861301897, 0.006690135913673617, 0.00872170059444942, 0.0030638080861301897], [0.5695496892318955, 0.408884527098045, 0.0030675510054734225, 0.006698316419700038, 0.008732365239412418, 0.0030675510054734225], [0.5669658019854528, 0.4114667356110483, 0.0030681774811295594, 0.006698501247789823, 0.008732606193450025, 0.0030681774811295594], [0.6126121779778609, 0.36603729493816084, 0.003061106794079338, 0.006610470491679823, 0.008617843004139666, 0.003061106794079338], [0.6557299435784475, 0.32287968309240267, 0.0030670903098770634, 0.006622572601261824, 0.008633620108133679, 0.0030670903098770634], [0.7840052157239615, 0.18967790464935189, 0.010867172224098255, 0.005456549047108739, 0.006843947890905515, 0.0031492104645738407], [0.870852164883963, 0.10594155039793787, 0.004034726419731617, 0.004034726419731617, 0.011102105458904459, 0.004034726419731617], [0.7879226362307262, 0.18579771245019008, 0.010851334316544784, 0.005448596626958679, 0.006833973464094042, 0.0031457469114862177], [0.2460375228347335, 0.6154782997168539, 0.0039715189617573355, 0.00769277661005184, 0.1228483629148462, 0.0039715189617573355], [0.7124156068471847, 0.26808089090123866, 0.0030457810531406976, 0.0059028724407783496, 0.0075090677045168185, 0.0030457810531406976], [0.6544295036472997, 0.32373557398632963, 0.0030817952170276272, 0.006802780251644416, 0.008868551680671003, 0.0030817952170276272], [0.7107025765371277, 0.2697875976712035, 0.0030464768316760525, 0.005905043108581913, 0.007511829019734876, 0.0030464768316760525], [0.454245909307194, 0.3818031952345047, 0.015243570471652155, 0.015243570471652155, 0.01829931451066721, 0.1151644400043299], [0.5947850840724379, 0.3834850335674965, 0.003066655431391502, 0.006770327438236996, 0.008826244059045666, 0.003066655431391502], [0.5348344883875072, 0.443361782033225, 0.003076764941281297, 0.006793606943612725, 0.008856592753092519, 0.003076764941281297], [0.47722927286295935, 0.4994835479469882, 0.0031163407250636415, 0.006803572624936083, 0.010250925114989136, 0.0031163407250636415], [0.26730586743308515, 0.6641509045916301, 0.0036114325079294363, 0.008016110149106562, 0.053304252810319426, 0.0036114325079294363], [0.5544785029367438, 0.4239288148162562, 0.003071850447090969, 0.006706260147756306, 0.008742721205061619, 0.003071850447090969], [0.7134065230097264, 0.26708756735625067, 0.003045386461447792, 0.005904279315559403, 0.007510857395567861, 0.003045386461447792], [0.300215428517245, 0.5371318849691388, 0.003915547704925105, 0.007585206216232109, 0.14723638488753404, 0.003915547704925105], [0.2944081644264936, 0.49121578737461846, 0.003764575817422367, 0.0072935387971836034, 0.19955335776685948, 0.003764575817422367], [0.7157894881339494, 0.2647091750957288, 0.00304448022153467, 0.005903064413485371, 0.007509311913767299, 0.00304448022153467], [0.2231636588639243, 0.5720873815266994, 0.003759806333175714, 0.0072850816199648465, 0.1899442653230599, 0.003759806333175714], [0.574202723144053, 0.4040546055584342, 0.0030672955061467285, 0.006775323296638526, 0.008832756988580995, 0.0030672955061467285], [0.5374441801868899, 0.4408006380548656, 0.0030674739939537616, 0.006780599012123517, 0.008839634758213468, 0.0030674739939537616], [0.24490242569555545, 0.649631158039095, 0.003405253726738875, 0.007646233042232819, 0.09100967576963909, 0.003405253726738875], [0.5353849432517651, 0.43990186412337445, 0.0030616668025096067, 0.006771308998978926, 0.011818550020862247, 0.0030616668025096067], [0.5873075154090758, 0.39024127000118103, 0.003065095688474891, 0.006779109172165383, 0.009541914040627954, 0.003065095688474891], [0.7479168285539279, 0.21371069788420394, 0.010955765949213268, 0.005501033113100088, 0.01875304980690227, 0.003162624692652523], [0.8636569952192629, 0.07319080562018648, 0.0056142074223216815, 0.008980875296690553, 0.04475994079077964, 0.0037971756507588507]], [[0.8135802426134728, 0.10410884138069708, 0.004383515590258211, 0.011905885005760184, 0.06163799981955353, 0.004383515590258211], [0.22339318012944526, 0.42480226648809666, 0.03177768823364956, 0.013205194239070878, 0.3033923187211797, 0.0034293521885577936], [0.4758606816606054, 0.49537140685537007, 0.0031039845746907223, 0.006789643188170688, 0.015770299146472457, 0.0031039845746907223], [0.5126206052173988, 0.46160828062489656, 0.003065699291194038, 0.0067066959179301324, 0.012933019657386434, 0.003065699291194038], [0.24171031801231527, 0.6406378641768169, 0.003476595975009648, 0.0077209427004591505, 0.10297768316038947, 0.003476595975009648], [0.43147194360316043, 0.5308579577625221, 0.003204447918555156, 0.007992772468912016, 0.023268430328295023, 0.003204447918555156], [0.5974588865877931, 0.37752558973978073, 0.003060273683610826, 0.006690610024030546, 0.01220436628117395, 0.003060273683610826], [0.6272467944534046, 0.3500649339574176, 0.003063767394645632, 0.0066980350987298955, 0.009862701701156657, 0.003063767394645632], [0.6489290104924301, 0.32946729826948906, 0.0030714611417028462, 0.006711377036874593, 0.008749391917800577, 0.0030714611417028462], [0.3291874818812829, 0.5722829625741577, 0.0035038874165502056, 0.007778762256782107, 0.08374301845467706, 0.0035038874165502056], [0.6005532149174435, 0.37790515010338177, 0.0030637228126280383, 0.006691157262307076, 0.008723032091611588, 0.0030637228126280383], [0.5714168582032595, 0.40701918317211183, 0.0030671281110110564, 0.006697891333493361, 0.008731811069113143, 0.0030671281110110564], [0.4372852010647901, 0.5340932424772157, 0.0032255075153004376, 0.008040780762807278, 0.01412976066458601, 0.0032255075153004376], [0.5946320627759988, 0.3840027019496741, 0.0030625853539844564, 0.006615571523062162, 0.00862449304329611, 0.0030625853539844564], [0.7388293149189746, 0.22947815825921078, 0.013811538152859494, 0.006526173098862904, 0.008104651753035267, 0.0032501638170568123], [0.9088263406822067, 0.07409121419076573, 0.0035760887991701604, 0.0035760887991701604, 0.006354178729517196, 0.0035760887991701604], [0.8859216831155053, 0.09142055758498811, 0.003821595822166481, 0.003821595822166481, 0.011192971833007201, 0.003821595822166481], [0.9008275878900344, 0.08146811426335855, 0.003673584853701636, 0.003673584853701636, 0.006683543285502227, 0.003673584853701636], [0.7776888635059436, 0.19594861995611795, 0.010885748016824643, 0.00546587619514783, 0.006855646588122233, 0.0031552457378437575], [0.6506084886785859, 0.3275716524373484, 0.0030800587477718736, 0.006797748903781698, 0.008861992484740315, 0.0030800587477718736], [0.65260106668421, 0.32557075357471754, 0.0030809507592724867, 0.006800586482965963, 0.008865691739561542, 0.0030809507592724867], [0.446147750606968, 0.38464210550423145, 0.015161924481265089, 0.015161924481265089, 0.024338501302354435, 0.1145477936239158], [0.44353491886942065, 0.3865992884683182, 0.015149941795807387, 0.015149941795807387, 0.02510840784096951, 0.11445750122967695], [0.6038088970964421, 0.37445160114111825, 0.0030673103987986397, 0.006773934501252527, 0.008830946463589888, 0.0030673103987986397], [0.41291019100724663, 0.562003826848979, 0.003191987512833022, 0.008045238768027147, 0.010656768350081086, 0.003191987512833022], [0.3090684257687314, 0.6413772843879147, 0.003678231506028678, 0.010488630540556133, 0.03170919629074055, 0.003678231506028678], [0.249654146251217, 0.6785828927818225, 0.003602213694215304, 0.007995424376629248, 0.05656310920190069, 0.003602213694215304], [0.6183442196971831, 0.36011282021188534, 0.003064612853427128, 0.0066909597641002195, 0.008722774619977173, 0.003064612853427128], [0.7158816724185142, 0.26461902046816865, 0.003044447368743343, 0.005902200037817205, 0.007508212338013374, 0.003044447368743343], [0.7340994044036303, 0.24643215596708584, 0.003039219588474538, 0.005893216327827388, 0.0074967841245074775, 0.003039219588474538], [0.25126126155403516, 0.5299786293421548, 0.003723269040983707, 0.0072138550764292275, 0.20409971594541337, 0.003723269040983707], [0.7087581013377732, 0.2717190894003978, 0.003047294080090347, 0.005910038026631389, 0.007518183075016998, 0.003047294080090347], [0.5885679768445934, 0.3896845025651976, 0.003066522641872803, 0.006778099316214579, 0.008836375990248854, 0.003066522641872803], [0.555004899290503, 0.4232573462850243, 0.003066532244291813, 0.006773851577350691, 0.008830838358538455, 0.003066532244291813], [0.5332970605958605, 0.4442727823527382, 0.003066577463286571, 0.006779538159279555, 0.009517463965548808, 0.003066577463286571], [0.3984795769132714, 0.5664717641737427, 0.0032109065610651686, 0.00809710078312575, 0.020529745007729985, 0.0032109065610651686], [0.5571718835206172, 0.41491600630434966, 0.0030550274666087873, 0.006757345417613516, 0.015044709824202045, 0.0030550274666087873], [0.6918277219330162, 0.26899726605447083, 0.015175124708509844, 0.006810839579356345, 0.01387764546023897, 0.0033114022644076656], [0.819174696893568, 0.10986711697945395, 0.006438569668518654, 0.00876824559343213, 0.0513891023513541, 0.00436226851367317], [0.8503311630977973, 0.07370140524718276, 0.005919253533099487, 0.009830785065789091, 0.05630041210847368, 0.003916980947657688]], [[0.8351882854660274, 0.09460717423749015, 0.004140206276698176, 0.011014978647074061, 0.05090914909601202, 0.004140206276698176], [0.6483390352001046, 0.3023315212523321, 0.014989618411644168, 0.00672758057335262, 0.02431149743629046, 0.003300747126275961], [0.34003231297900055, 0.620309078140814, 0.0031403745001908133, 0.007837167638669509, 0.02554069224113442, 0.0031403745001908133], [0.18454911080376343, 0.6770165920847495, 0.0033099751618779517, 0.007354185506956787, 0.12446016128077439, 0.0033099751618779517], [0.5599364655352826, 0.41704153189195964, 0.0030669799082352353, 0.006705398933856291, 0.010182643822430946, 0.0030669799082352353], [0.5813795754340365, 0.39437939105291714, 0.0030591045261865388, 0.006688016807412505, 0.011434807653260791, 0.0030591045261865388], [0.6418842751905774, 0.33531509322550657, 0.003067064059484346, 0.00670502142621213, 0.009961482038735344, 0.003067064059484346], [0.6320199044835664, 0.3458052250540515, 0.0030767354329710238, 0.006725955330897931, 0.009295444265542106, 0.0030767354329710238], [0.6067582281520866, 0.3715460544705431, 0.0030685131340880615, 0.006707535802129751, 0.008851155307064444, 0.0030685131340880615], [0.4573539156481828, 0.5115600948151401, 0.0033472985817542453, 0.008344670370194908, 0.016046722002973707, 0.0033472985817542453], [0.597809485016703, 0.38065086593075914, 0.0030637889645882773, 0.006690237757982203, 0.008721833365379366, 0.0030637889645882773], [0.6017486930894563, 0.37671307941925536, 0.0030637139813293316, 0.006689685770451107, 0.008721113758178524, 0.0030637139813293316], [0.5764835704113697, 0.4019583340604149, 0.003066105238655631, 0.006696234256369243, 0.008729650794535025, 0.003066105238655631], [0.620013362828091, 0.3586326259896183, 0.003061169732045556, 0.0066119282650540364, 0.008619743453145588, 0.003061169732045556], [0.7346743498987516, 0.2336314782743496, 0.01381212731663538, 0.006526451488188007, 0.008104997476094946, 0.003250595545980554], [0.9008003013149354, 0.08029992835623337, 0.0036601540988732044, 0.0036601540988732044, 0.007919308032211587, 0.0036601540988732044], [0.36716207285221575, 0.4395938345805693, 0.016244107287021203, 0.008035850531892387, 0.16432692673949137, 0.004637208008809879], [0.7942892708758912, 0.17947812554001344, 0.010831719740600734, 0.0054387478923044515, 0.0068216205600547, 0.0031405153911354556], [0.6444470216936785, 0.3337517930120864, 0.003077480104337652, 0.006791881601674618, 0.008854343483885087, 0.003077480104337652], [0.6299941177799732, 0.3482396840211795, 0.0030725079828244975, 0.006781010731079517, 0.008840171502118774, 0.0030725079828244975], [0.45608310964564885, 0.3826370128997881, 0.015282603699946466, 0.015282603699946466, 0.015282603699946466, 0.11543206635472365], [0.6222098229608723, 0.35603578236798317, 0.003070451268165574, 0.006777672530494473, 0.008835819604319084, 0.003070451268165574], [0.6371944789538446, 0.3410207969367343, 0.0030747953735067897, 0.0067870667872388275, 0.008848066575168782, 0.0030747953735067897], [0.6291208276158526, 0.3491114224754388, 0.0030722538352460417, 0.006781904960205465, 0.008841337278011051, 0.0030722538352460417], [0.5543465081317562, 0.4238952760996775, 0.0030707349793466445, 0.006779084920745443, 0.008837660889127744, 0.0030707349793466445], [0.5130405269618719, 0.4653498611459886, 0.003074411786652464, 0.006711385442677412, 0.008749402876157235, 0.003074411786652464], [0.5496647633393421, 0.42879130454050873, 0.0030649823160304453, 0.00669106095239882, 0.008722906535689417, 0.0030649823160304453], [0.2884765492561405, 0.645498934079381, 0.003622718615197752, 0.008040529612889893, 0.05073854982119302, 0.003622718615197752], [0.7092806197565416, 0.2712061525773308, 0.0030470753666597887, 0.005906013488670677, 0.007513063444137358, 0.0030470753666597887], [0.7255755177848983, 0.25494847314868485, 0.0030412958180412934, 0.005894720210565085, 0.007498697219769204, 0.0030412958180412934], [0.29121733786780984, 0.5593805897300436, 0.003949705588482262, 0.0076511847747501, 0.13385147645043197, 0.003949705588482262], [0.6889215981343941, 0.29149495851280366, 0.003057572256949022, 0.005927677068274386, 0.007540621770629841, 0.003057572256949022], [0.23950394703083136, 0.6524139062910338, 0.003465646818252723, 0.007779349584693413, 0.09337150345693611, 0.003465646818252723], [0.19190240885726345, 0.7206548309362372, 0.003463047263098438, 0.007773406090579764, 0.0727432595897229, 0.003463047263098438], [0.21406109363772688, 0.6896447892889684, 0.00343049829255562, 0.007701636819099695, 0.08173148366909369, 0.00343049829255562], [0.5360404961766898, 0.4417845315768326, 0.0030667509167241055, 0.006779635715666422, 0.00926183469736295, 0.0030667509167241055], [0.6701861097917287, 0.2927301569585397, 0.015219648572941051, 0.00683082260446611, 0.011711055527123948, 0.0033222065452006098], [0.8454332990650455, 0.11405801957560674, 0.004231775208454821, 0.004959684546038545, 0.027085446396399405, 0.004231775208454821], [0.8533239652155828, 0.09418229597959522, 0.004014528486047494, 0.006275816726672585, 0.03818886510605457, 0.004014528486047494], [0.8800974700427473, 0.06263369738330811, 0.006008640203914809, 0.006958300262059369, 0.04066991045874427, 0.0036319816492262577]], [[0.8281136582848503, 0.10450986966970384, 0.004438011684864244, 0.010358415358487957, 0.04832315111822373, 0.004256893883870043], [0.655408223671456, 0.29458961256656635, 0.014971706282234461, 0.007089888357643336, 0.02464544531234653, 0.003295123809753242], [0.5149737625200728, 0.45760739106464987, 0.0030616034202480408, 0.0066972181068549715, 0.014598421467926169, 0.0030616034202480408], [0.20132338317399248, 0.6233147930060791, 0.0032867218570130077, 0.007305191809763881, 0.16148318829613845, 0.0032867218570130077], [0.6176005951476183, 0.36084120391168567, 0.0030645199289407927, 0.006697656351570276, 0.008731504731244271, 0.0030645199289407927], [0.6333758326825423, 0.3415723530526817, 0.003060865287003278, 0.006691725223014599, 0.012238358467754859, 0.003060865287003278], [0.6700906664847963, 0.30658436134385275, 0.0030774219019280504, 0.006727343012580296, 0.010442785354914606, 0.0030774219019280504], [0.6653430011617635, 0.3120132612335462, 0.0030762459926134385, 0.006724794823157479, 0.009766450796305868, 0.0030762459926134385], [0.6479082303859838, 0.3304939298463229, 0.0030711244059880793, 0.006709129315341107, 0.008746461640376062, 0.0030711244059880793], [0.6049655076532127, 0.3734583255034427, 0.0030682555489375055, 0.006702211987720048, 0.0087374437577496, 0.0030682555489375055], [0.6059198176558142, 0.3725381348131695, 0.0030637518377738854, 0.006691311148156451, 0.008723232707312267, 0.0030637518377738854], [0.6142593064500647, 0.36420286791368733, 0.0030642104497130406, 0.00668908030420706, 0.008720324432614925, 0.0030642104497130406], [0.5891870207635129, 0.38927025159181816, 0.0030643397226862335, 0.0066910959883889716, 0.008722952210907391, 0.0030643397226862335], [0.3085936288082249, 0.6144497401436113, 0.003638125417003558, 0.007988182088910523, 0.06169219812524619, 0.003638125417003558], [0.7881540447102023, 0.18605756602043932, 0.010620588265352775, 0.005332735704357505, 0.006688652591724742, 0.003146412707923287], [0.9029750841699039, 0.08012558293642917, 0.0036544893895912338, 0.0036544893895912338, 0.00593586472489325, 0.0036544893895912338], [0.7972042452921702, 0.17658124146011325, 0.010824277224861864, 0.005435010907988239, 0.006816933398680638, 0.003138291716185726], [0.6675886277516982, 0.31052801911513345, 0.0030885942426931347, 0.006817900811269551, 0.008888263836512542, 0.0030885942426931347], [0.6432137070271353, 0.3349887701226282, 0.0030769970790254352, 0.006790711122249215, 0.008852817569936472, 0.0030769970790254352], [0.34382783551164714, 0.6083087008248422, 0.00366570565898928, 0.00822678724555598, 0.032305265099975944, 0.00366570565898928], [0.4320376595874216, 0.5408691617748613, 0.003298593132387932, 0.008311351441119108, 0.01218464093182239, 0.003298593132387932], [0.3686171530351429, 0.578483278961903, 0.003564212077689523, 0.007999062257859228, 0.03777208158971577, 0.003564212077689523], [0.6370861567126903, 0.34112739300671785, 0.0030747570921754066, 0.006787849337322916, 0.00884908675891818, 0.0030747570921754066], [0.6264475130591239, 0.35179108321928815, 0.0030715164537415064, 0.006779790320053168, 0.00883858049405171, 0.0030715164537415064], [0.33151469064148475, 0.6103759518489226, 0.003566598975866417, 0.008004679812222117, 0.042971479745637704, 0.003566598975866417], [0.39792870354644017, 0.576856741804623, 0.003235470313663793, 0.008063136972711944, 0.