{"prediction": [[[0.8620910088156397, 0.03141808208544162, 0.01947249280476232, 0.010519123440472624, 0.0727657230938577, 0.0037335697598258302], [0.733872254257485, 0.07776628955958009, 0.07152498698160009, 0.021826419762143955, 0.08937534131884924, 0.005634708120341724], [0.7663700548521412, 0.06820246725626716, 0.05178820406031861, 0.01881613647652831, 0.09009314736833812, 0.004729989986406574], [0.7204037039270847, 0.07655767163765734, 0.06393116613157174, 0.0229753009487785, 0.11024351226506537, 0.00588864508984232], [0.735884059590157, 0.08053426436019565, 0.05199395216569899, 0.023066719062897985, 0.10199338974092327, 0.006527615080126962], [0.7762029210886492, 0.0688279785824512, 0.05598180177267757, 0.023939143098384023, 0.06912858337514383, 0.005919572082694197], [0.7322557413436362, 0.0811135446194228, 0.05419790997685154, 0.023037421153678794, 0.10401382224382887, 0.0053815606625818805], [0.7467512171855629, 0.06460089833190943, 0.039212956174154885, 0.022874728801030374, 0.12045537845568598, 0.00610482105165642], [0.784057096193358, 0.05682209551001141, 0.034369512400269746, 0.016586746876110142, 0.10368966816258701, 0.0044748808576636065], [0.7820017466645091, 0.05498834786853027, 0.027431389994150627, 0.014921925523392107, 0.11606796054906915, 0.004588629400348842], [0.8404456723353051, 0.04393275052948875, 0.025961339077766415, 0.0122984566757607, 0.0734796263429669, 0.0038821550387122456], [0.8569514999785626, 0.04475719444285176, 0.023279278332321587, 0.009639101988272116, 0.06164594151708927, 0.0037269837409028175], [0.8064116310330697, 0.0467136865011597, 0.02452541098023629, 0.01018420225866207, 0.10780545393864768, 0.0043596152882245665], [0.8177787418131565, 0.044881822312991176, 0.022844844371183743, 0.009468582131007918, 0.10079494954754051, 0.0042310598241201945], [0.7813964298786908, 0.05201595411423573, 0.027760931949580826, 0.010700603709864235, 0.12346263532152302, 0.004663445026105292], [0.7830893804875102, 0.05622753966626059, 0.032469261777627226, 0.0137072210816998, 0.10996980724789221, 0.0045367897390100565], [0.8015807934499359, 0.054453735461914184, 0.030929577560073005, 0.018625346193245754, 0.08917207071317174, 0.005238476621659599], [0.7871011001369368, 0.06745004354916108, 0.03206145542076066, 0.02206142466759488, 0.08525005216618707, 0.006075924059359581], [0.7859435839508431, 0.05753505517608478, 0.048695336574215015, 0.019847818731308926, 0.08242089820191906, 0.005557307365629193], [0.7913091969989204, 0.05771322695216401, 0.044778159868667795, 0.01816261883891437, 0.08271603921533027, 0.005320758126003097], [0.7789621626551372, 0.060811038702947434, 0.04198511059604649, 0.018476422204370645, 0.09488229478757461, 0.004882971053923612], [0.7701758765086635, 0.05455733986256168, 0.03579258929754694, 0.012499648805525568, 0.12225039203962766, 0.004724153486074741], [0.8022030764737702, 0.05043178406304224, 0.03600997150855774, 0.01035692074808664, 0.09669126700571036, 0.0043069802008328315], [0.7948282421751945, 0.05258269033026923, 0.03271470772529405, 0.009867745634186279, 0.10557786707203133, 0.004428747063024608], [0.8081979234325882, 0.05030598239638064, 0.030596763434228735, 0.010092281655310367, 0.09654124080613727, 0.004265808275354641], [0.8105393123080178, 0.054461911991423057, 0.030773999082977854, 0.010603088977282921, 0.08941151782453678, 0.00421016981576161], [0.8061826732168833, 0.053774814262257636, 0.03473003523447464, 0.010502265518498118, 0.09056440266028122, 0.004245809107605186], [0.8221073659331679, 0.05584294895908935, 0.035780528046746626, 0.008867891486664697, 0.07335130647703066, 0.004049959097300874], [0.8237854181039764, 0.043361492611966375, 0.025737321656472977, 0.006662588055497243, 0.09628888637497221, 0.0041642931971147545], [0.7468267533617605, 0.05202659582467107, 0.020297080798430202, 0.007472691287073128, 0.16802097574108876, 0.0053559029869763375], [0.7769826185149049, 0.054585753479807715, 0.029274627820633035, 0.007138377720636817, 0.1272712601926537, 0.004747362271363718], [0.7870758706239754, 0.054800820425323915, 0.02886652325372103, 0.006796572868521109, 0.11785919504541958, 0.004601017783038736], [0.8072624438185764, 0.051019691474610475, 0.03736903986121763, 0.008131351598816705, 0.09196520431593981, 0.004252268930838902], [0.8191877086234508, 0.059696416869360204, 0.04091126837466509, 0.01174171925500523, 0.06442875750584827, 0.004034129371670374], [0.8111215118775673, 0.05307237508344526, 0.034129209187287124, 0.012705195313120936, 0.08480676152635418, 0.004164947012225307], [0.7615103414050075, 0.0629600571021793, 0.04516538655917442, 0.017660182481008133, 0.10802006939238597, 0.0046839630602446706], [0.7682608867190416, 0.060256412192166556, 0.046618208838425476, 0.024152728770392973, 0.09346437960246409, 0.00724738387750921], [0.7675281895792397, 0.06272799137407196, 0.04821664312402228, 0.01775800674766997, 0.09918534734487376, 0.004583821830122349], [0.7347978263419961, 0.06959043146031538, 0.05232782306746458, 0.023930706825235626, 0.11174126275235736, 0.00761194955263111], [0.8505497370180314, 0.03528663708130433, 0.025193814739394846, 0.011134347829312326, 0.07326944145684428, 0.004566021875112683]], [[0.7826375428643776, 0.057438858320577414, 0.05146625390012986, 0.017042404339736014, 0.08632470643787787, 0.005090234137301393], [0.7869998294853379, 0.11472696069156318, 0.07526708824102345, 0.006917918113789964, 0.013072983232626668, 0.00301522023565888], [0.7137190551761035, 0.142518411483862, 0.11359075593585573, 0.00872728372604727, 0.0184021407793405, 0.0030423528987909843], [0.6339714964289458, 0.19847929075749318, 0.12346593420351257, 0.01252925085733768, 0.028523713694190607, 0.0030303140585201675], [0.62623611892441, 0.13751794014457785, 0.11029384509713397, 0.03855170842197378, 0.079880813934364, 0.007519573477540477], [0.06822635146247098, 0.1891663779756195, 0.1927230983437533, 0.011475792453987907, 0.5353918617629398, 0.003016518001228549], [0.05592427165655408, 0.19339027814465123, 0.17473780582718673, 0.01436298634990951, 0.558558319373202, 0.003026338648496451], [0.644720038196104, 0.16564138085016553, 0.1507756288369151, 0.012241691720834391, 0.02360711008025238, 0.0030141503157285216], [0.7320123156948025, 0.123560986601181, 0.10487904890514213, 0.010064165505939929, 0.026464010492109724, 0.0030194728008248652], [0.7731864141723089, 0.11171706545214989, 0.07640114449900544, 0.009285700087091363, 0.026402053564705447, 0.003007622224738896], [0.8208878693371988, 0.09372972864053783, 0.06094575421955302, 0.00664950717726783, 0.014773799206838129, 0.0030133414186043093], [0.028627986831910104, 0.08431771538544526, 0.047791184898837, 0.00497643320167243, 0.8312482479073838, 0.0030384317747513827], [0.8870812607434246, 0.06317915966636194, 0.03557780552253899, 0.0035702960980843012, 0.007585263763537958, 0.003006214206052259], [0.03180513513224322, 0.08768169700507833, 0.03623247703318052, 0.00492645429813998, 0.8363113422198146, 0.0030428943115433224], [0.6795161438409343, 0.10046550893660304, 0.06732865442538337, 0.015537070009820865, 0.13150696424054492, 0.005645658546713461], [0.8068536593244297, 0.10829478781219107, 0.058583044993012826, 0.005806592158157252, 0.017449298181205775, 0.0030126175310034075], [0.7368430641587068, 0.1368739359763284, 0.09770069598267196, 0.008337601667452297, 0.017188301585601563, 0.0030564006292388935], [0.04458648442543725, 0.172285484281865, 0.14275817152392473, 0.010639772347970547, 0.6266797768203953, 0.003050310600407273], [0.062282355153429024, 0.17786646368738696, 0.18872377839243568, 0.010437875518594939, 0.5576647899043585, 0.0030247373437948363], [0.05395780084786438, 0.18995499159892107, 0.1715290738844186, 0.011818735751178209, 0.5697001656367211, 0.0030392322808966265], [0.664294155005047, 0.1646002268424644, 0.13644686328481315, 0.010422799701653095, 0.021216034263470348, 0.0030199209025521746], [0.6833254593801752, 0.17527490451437275, 0.11074288422931333, 0.008538887255902312, 0.01907706007647783, 0.003040804543758552], [0.7798852013560417, 0.11172632752518587, 0.07973746213993253, 0.007039427397582113, 0.018591949761542298, 0.0030196318197155294], [0.8141979353263382, 0.10696909860130055, 0.05793807543430118, 0.005403217731186064, 0.012471788893188682, 0.0030198840136854152], [0.8489682526905685, 0.0905507918504259, 0.043358953677422124, 0.004896529087288024, 0.009193627960684162, 0.003031844733611342], [0.874948121394513, 0.07449645563687989, 0.037405117641557795, 0.0035771090725321207, 0.0065529193537156565, 0.0030202769008013785], [0.00968034773297621, 0.05908071822759149, 0.024924117305803593, 0.0038188706358362316, 0.8994841814159146, 0.003011764681877967], [0.8322648624409905, 0.09212833559967715, 0.05879147906027759, 0.0048198976403858495, 0.008976972026684437, 0.0030184532319844845], [0.8361438659971066, 0.09280839521565246, 0.05282028579796174, 0.004879880044729847, 0.010325040710200203, 0.003022532234349259], [0.8559622049201037, 0.0830526724298151, 0.04455364024411431, 0.004893981042811903, 0.008505538385867754, 0.003031962977287222], [0.898231074555768, 0.06613411182433705, 0.0248880413940503, 0.003531356164399995, 0.004205463464600138, 0.0030099525968444113], [0.9086345572020673, 0.059160532816759724, 0.02147064706654524, 0.0035270510181050186, 0.004200336500734018, 0.0030068753957887065], [0.8846791998455533, 0.07358271042515802, 0.030333252220470997, 0.003539494267080589, 0.004849846562509361, 0.003015496679227793], [0.8477548550842746, 0.08981417176968705, 0.04734057070896028, 0.004893300971003069, 0.007166110864870119, 0.0030309906012050717], [0.018682442600235487, 0.09603676918375072, 0.05346311939331795, 0.004919837960950096, 0.823858175777259, 0.0030396550844868035], [0.027249146289416375, 0.10867445236009018, 0.09778531570562309, 0.005629678122585553, 0.7576417556508315, 0.003019651871453325], [0.6837701547257319, 0.14628196926324352, 0.14284295497259666, 0.007482071161819774, 0.016596987763711924, 0.0030258621128962065], [0.026272238880131814, 0.12083422080983824, 0.10878705310100752, 0.006396251986171491, 0.7346804492488488, 0.0030297859740021867], [0.7784574214517566, 0.13038296707866026, 0.07208749547100324, 0.005441906538926161, 0.01061754742100762, 0.0030126620386461997], [0.6887536460004112, 0.08434955608677419, 0.06462847814848767, 0.020254893783600757, 0.136492965968506, 0.005520460012220175]], [[0.7822121226984113, 0.05351396124880465, 0.041980412891243137, 0.017861944290748, 0.09873951540201165, 0.005692043468781299], [0.7048816774951532, 0.1378374758484495, 0.12540777368826728, 0.00926789559384772, 0.019559335580536494, 0.003045841793745866], [0.6880993639332718, 0.16030430380966515, 0.11570479202844475, 0.010983752289298388, 0.02187338011705742, 0.0030344078222626], [0.6997491137873427, 0.17152467984194664, 0.005826563328959189, 0.03273960923175301, 0.0843661198403412, 0.005793913969657295], [0.5491093072058936, 0.19433233276034564, 0.19029125183087137, 0.013446495588812741, 0.04979896812655219, 0.0030216444875245164], [0.34067316660242225, 0.5012512067240716, 0.0030117713983808672, 0.020750243570967452, 0.1313018403057771, 0.0030117713983808672], [0.6107303970448065, 0.3247796584972123, 0.0030121652621878077, 0.012419227596488355, 0.046046386337117245, 0.0030121652621878077], [0.6715837219550945, 0.26415062573573234, 0.0030143013321730578, 0.01156863013758084, 0.04666841950724615, 0.0030143013321730578], [0.7017140486129595, 0.2401370922962786, 0.003027537089682755, 0.01128012656659132, 0.04081365834480519, 0.003027537089682755], [0.719913749751924, 0.22133176900666357, 0.0030386894436815865, 0.00976562729811067, 0.042911475055938474, 0.0030386894436815865], [0.8084862041588308, 0.1533928259422628, 0.0030104836409073016, 0.006751883806594984, 0.025348118810496895, 0.0030104836409073016], [0.8369623193487117, 0.13363068556646865, 0.0030243362758340434, 0.005577804370273447, 0.01778051816287818, 0.0030243362758340434], [0.030320457619071033, 0.08758080253026437, 0.04916679495557818, 0.004970459049094015, 0.8249268729344016, 0.003034612911590845], [0.5836729876816691, 0.10545524991571824, 0.0580546003153156, 0.023588550062483556, 0.22208454338194686, 0.007144068642866746], [0.034475987260951316, 0.09175791275539646, 0.04773343198799056, 0.00521691248947661, 0.8177883225636403, 0.0030274329425447545], [0.7681172095509021, 0.19787007709957885, 0.0030763351267859974, 0.006654489403789559, 0.021205553692157323, 0.0030763351267859974], [0.6899848656864999, 0.2660967834597242, 0.0030382188094818605, 0.008648118499041338, 0.029193794735770835, 0.0030382188094818605], [0.09820249745049485, 0.32225934675395324, 0.003018372924787662, 0.011289177554636213, 0.5622122323913403, 0.003018372924787662], [0.3365703267964054, 0.49100749803069715, 0.003016111201260444, 0.0176779094598193, 0.1487120433105574, 0.003016111201260444], [0.06550135817405894, 0.3253497599670777, 0.0030469889261034388, 0.010966905828890624, 0.5920879981777659, 0.0030469889261034388], [0.10477043520369499, 0.31987324776707704, 0.0030122929630964548, 0.013570814996293866, 0.5557609161067412, 0.0030122929630964548], [0.6693788176557408, 0.2813233357796988, 0.0030255725415147482, 0.010666322471526539, 0.03258037901000454, 0.0030255725415147482], [0.7129482300505724, 0.2428842257360356, 0.003034031063157958, 0.008510076306681245, 0.029589405780394883, 0.003034031063157958], [0.7967870257706668, 0.16439624387813218, 0.003007618289325466, 0.007417579546635598, 0.02538391422591459, 0.003007618289325466], [0.8287858112687689, 0.14146776767466737, 0.003048735335127655, 0.00555870050584662, 0.01809024988046193, 0.003048735335127655], [0.845344387613644, 0.13093828875694674, 0.003025530653179254, 0.00545307712464737, 0.01221318519840344, 0.003025530653179254], [0.8327797050725977, 0.1406667832135271, 0.003019149234661739, 0.0054439377038475005, 0.01507127554070407, 0.003019149234661739], [0.023618468670572827, 0.1306156781863977, 0.0030563599375466543, 0.0054942120669579, 0.8341589212009783, 0.0030563599375466543], [0.810720679739195, 0.1559427987012584, 0.0030124110241519465, 0.005573634925421285, 0.021738064585821348, 0.0030124110241519465], [0.8516154191429599, 0.1249504740604396, 0.003032030924162828, 0.005524077068987171, 0.011845967879287673, 0.003032030924162828], [0.8665213689439052, 0.11234713718979952, 0.003042953718713728, 0.005543790633542227, 0.009501795795325394, 0.003042953718713728], [0.9026844537623901, 0.07930715246517432, 0.0030270081001826147, 0.007277043588180857, 0.004677333983889464, 0.0030270081001826147], [0.8540001189438985, 0.12292848099684082, 0.0030336028742682037, 0.005530077764164237, 0.011474116546560014, 0.0030336028742682037], [0.02268790536744276, 0.1532120405369838, 0.00305383178654065, 0.0055531291095381055, 0.8124392614129541, 0.00305383178654065], [0.7873562924127417, 0.1857577566579772, 0.003021346896285387, 0.005508523512294392, 0.015334733624415862, 0.003021346896285387], [0.713775848338867, 0.2511643504918651, 0.0030427879956608592, 0.006849674681997327, 0.022124550495948855, 0.0030427879956608592], [0.6836623682976934, 0.2778995568747203, 0.0030313338495589577, 0.007555198544259095, 0.024820208584209285, 0.0030313338495589577], [0.6919008641084394, 0.27580035668633107, 0.003040072374956337, 0.007579509346523194, 0.01863912510879369, 0.003040072374956337], [0.7141536519365163, 0.13764134175373802, 0.11611175130202717, 0.008878802344080594, 0.020170242715587414, 0.0030442099480506566], [0.7319733219965977, 0.07634304957863135, 0.05158189619447345, 0.02048198709695146, 0.11460570956064246, 0.005014035572703674]], [[0.779302658957803, 0.06353878592568687, 0.051103652407190114, 0.015675743691227127, 0.08594515653250157, 0.0044340024855913564], [0.7799696528437301, 0.12455339979208153, 0.07018539270982463, 0.007713452225280661, 0.014557615978081721, 0.003020486451001515], [0.7532920608622714, 0.14754643697200592, 0.00511780630522103, 0.02928575080222427, 0.05964013875305622, 0.00511780630522103], [0.6377101804783871, 0.178288573801285, 0.14391897311653198, 0.010985210390051863, 0.026079595802870344, 0.0030174664108738075], [0.6617969212162885, 0.29297644248067245, 0.0030248626928398377, 0.009555684423262387, 0.029621226494097028, 0.0030248626928398377], [0.09454732248262815, 0.29476308177610727, 0.0030227809607798225, 0.01312608794511953, 0.5915179458745853, 0.0030227809607798225], [0.6594492165975703, 0.2762620581710146, 0.003010809741957608, 0.012937914451304282, 0.0453291912961956, 0.003010809741957608], [0.6835568256185174, 0.2443136023933355, 0.003017298169679537, 0.012322340519025058, 0.05377263512976306, 0.003017298169679537], [0.7009754514213385, 0.23166384838774462, 0.0030263728001638382, 0.010987079850316979, 0.05032087474027219, 0.0030263728001638382], [0.7031532933220995, 0.2323692513199408, 0.003027594348387138, 0.010854616930176605, 0.04756764973100885, 0.003027594348387138], [0.08645105309017746, 0.24261891394668633, 0.0030568640521030895, 0.01020503683275184, 0.6546112680261783, 0.0030568640521030895], [0.7847621392452055, 0.17360693912519812, 0.003007944339288817, 0.006765877423742687, 0.02884915552727611, 0.003007944339288817], [0.02643020135206352, 0.09174070254740636, 0.06581282085712484, 0.00495572917613357, 0.8080350892478826, 0.003025456819389189], [0.6067498033243314, 0.10120962437525928, 0.04559912272067839, 0.019843906557050803, 0.21965270306161278, 0.006944839961067479], [0.8235177731295196, 0.09508212870714451, 0.05387897711332592, 0.005060345064375402, 0.019441091156331858, 0.00301968482930283], [0.7984922948770228, 0.15835324719650318, 0.003006259226562712, 0.00680466136837552, 0.030337278104973157, 0.003006259226562712], [0.6772091904715346, 0.2653239404261409, 0.0030155362320400704, 0.009162333479085407, 0.04227346315915896, 0.0030155362320400704], [0.6361741698959864, 0.30091241851856765, 0.0030106966603385943, 0.011193886602288664, 0.04569813166248007, 0.0030106966603385943], [0.6290550553336767, 0.3076125298297218, 0.0030097746143601368, 0.011037941749040766, 0.046274923858840425, 0.0030097746143601368], [0.603344463959933, 0.3169088438334228, 0.0030171305871380632, 0.012321021191320067, 0.06139140984104797, 0.0030171305871380632], [0.3909311092414985, 0.4326286606834599, 0.003051798131407049, 0.019091072276976748, 0.1512455615352508, 0.003051798131407049], [0.6448666452116852, 0.2839024803110395, 0.003006228925442053, 0.01198108375842935, 0.05323733286796197, 0.003006228925442053], [0.7087912263425142, 0.23827647796520432, 0.0030447826886274543, 0.0092252232023199, 0.037617507112706755, 0.0030447826886274543], [0.05357213337555834, 0.2251235908368682, 0.0031335975997008516, 0.007967175569320254, 0.7070699050188515, 0.0031335975997008516], [0.06453681285985627, 0.16239447971187185, 0.003008191993727567, 0.007534392789237711, 0.759517930651579, 0.003008191993727567], [0.03844789586214062, 0.1527447015393385, 0.0030283397451362536, 0.005538651805722569, 0.7972120713025258, 0.0030283397451362536], [0.030531767256707747, 0.15556127028766717, 0.003048732995609217, 0.0054840188640000115, 0.8023254776004066, 0.003048732995609217], [0.7792254298444375, 0.17957896967311907, 0.0030281580868823962, 0.006425087994619693, 0.028714196314058863, 0.0030281580868823962], [0.753048838200341, 0.20954435135477573, 0.0030623405056304127, 0.0063660814309009555, 0.02491604800272164, 0.0030623405056304127], [0.8121283269874694, 0.15716424809135113, 0.003014562531676598, 0.005496227079881582, 0.01918207277794448, 0.003014562531676598], [0.8335529595010706, 0.14042606020983328, 0.0030225236531000073, 0.005508204083216423, 0.014467728899679861, 0.0030225236531000073], [0.8502280718095514, 0.12263896691054771, 0.0030282293731379814, 0.005519475436283962, 0.015557027097341107, 0.0030282293731379814], [0.835549443174278, 0.13644256510701175, 0.003054915346667283, 0.008085999195829335, 0.01381216182954653, 0.003054915346667283], [0.8011149405794511, 0.1648386636093005, 0.0030113465536058437, 0.006174917905005069, 0.021848784799031865, 0.0030113465536058437], [0.7176495564317901, 0.24225492742002974, 0.0030395172429178406, 0.007386649009352143, 0.026629832652992305, 0.0030395172429178406], [0.6821310362407468, 0.2790992845911929, 0.0030305759798622974, 0.008284133201155293, 0.02442439400718039, 0.0030305759798622974], [0.6356832453986444, 0.30210645531552466, 0.0030113686934637243, 0.010449712679311335, 0.04573784921959206, 0.0030113686934637243], [0.6025112074872522, 0.34524312919192235, 0.0030173765144207837, 0.010776787935696978, 0.0354341223562868, 0.0030173765144207837], [0.6502612121516658, 0.171507382343418, 0.13884467788771046, 0.015363357258909556, 0.020979907142248178, 0.003043463216048141], [0.7288100485020289, 0.07324173034531263, 0.050313024128495455, 0.02408983123809619, 0.11708781291613754, 0.006457552869929293]], [[0.7806571806767197, 0.06347784727538225, 0.046152168686426416, 0.01517244542673102, 0.09009878497970647, 0.004441572955034063], [0.6687876911840791, 0.13010108066802664, 0.09874100601530335, 0.026780334471381725, 0.06991174222392349, 0.005678145437285738], [0.030298004134383535, 0.11822284543813215, 0.08690254974999723, 0.006140340013084569, 0.7554169682271258, 0.003019292437276698], [0.7665048625173458, 0.20299268847973695, 0.003022529300541892, 0.006483144477527051, 0.017974245924306378, 0.003022529300541892], [0.7188179024535999, 0.24273760303286612, 0.003048586691183588, 0.007860112906763065, 0.02448720822440381, 0.003048586691183588], [0.7058586218639571, 0.23089108633760955, 0.0030299297568054783, 0.00980792363603592, 0.04738250864878651, 0.0030299297568054783], [0.7284864280230747, 0.20797245486876537, 0.003045089333093361, 0.009424404301051292, 0.048026534140921916, 0.003045089333093361], [0.712075767646526, 0.2185932955056982, 0.003033750469916276, 0.010397391394502579, 0.05286604451344073, 0.003033750469916276], [0.668682256902695, 0.2607138856972125, 0.003011997475238872, 0.012363400461569071, 0.052216461988045894, 0.003011997475238872], [0.6477977338180229, 0.26857519100797805, 0.003009217283946015, 0.01160751074563379, 0.0660011298604734, 0.003009217283946015], [0.6551346568496013, 0.29052918872427735, 0.003016456033081954, 0.010591424991607847, 0.03771181736834962, 0.003016456033081954], [0.05488254978955742, 0.24031782920811642, 0.0031032761118887074, 0.007932427535009865, 0.6906606412435388, 0.0031032761118887074], [0.03018313274919704, 0.09118349055270217, 0.053890005235518575, 0.0049628116391606455, 0.8167506145124058, 0.0030299453110157466], [0.5899231440251437, 0.10750447273558549, 0.04069008325967767, 0.017742264660333126, 0.2368518283496895, 0.007288206969570467], [0.8160785869318398, 0.10118307536593556, 0.04596582048715786, 0.0058161909591188795, 0.027934374160248944, 0.003021952095699156], [0.7824108569215422, 0.16957720975767437, 0.003006199596370311, 0.00668058911064894, 0.03531894501739386, 0.003006199596370311], [0.0990154328223368, 0.23925814720912833, 0.003064172697176881, 0.010610337016035176, 0.644987737558146, 0.003064172697176881], [0.6583553391931529, 0.2701494935375282, 0.00302420234277469, 0.009746114032733151, 0.055700648551036396, 0.00302420234277469], [0.6660792961056956, 0.2659307276807157, 0.003009542460247817, 0.010777273837204702, 0.051193617455888185, 0.003009542460247817], [0.6430089812549982, 0.2857908571666142, 0.003011436550558784, 0.010618413229771818, 0.054558875247498355, 0.003011436550558784], [0.11351721386635279, 0.2915238587835108, 0.0030175521862942536, 0.011899971188290105, 0.5770238517892579, 0.0030175521862942536], [0.669428373214573, 0.2711094247709388, 0.003021532493985081, 0.010080516079169585, 0.04333862094734838, 0.003021532493985081], [0.6801438440885512, 0.2588199384617789, 0.003027248133904962, 0.0086692981575589, 0.04631242302430102, 0.003027248133904962], [0.7129623342922498, 0.23680326139109237, 0.0030490693150602073, 0.008040959397215901, 0.03609530628932149, 0.0030490693150602073], [0.7375376702888287, 0.2166438385525262, 0.0030700044747746617, 0.007488787751000922, 0.03218969445809487, 0.0030700044747746617], [0.05077186674797062, 0.1741934473399752, 0.0030325165048031904, 0.005687037406960952, 0.7632826154954869, 0.0030325165048031904], [0.05058960007036096, 0.17475318489852432, 0.0030196990204453362, 0.005472356862698948, 0.7631454601275252, 0.0030196990204453362], [0.7286051976548736, 0.23433567137800385, 0.003057628241406175, 0.006684772155970219, 0.02425910232834, 0.003057628241406175], [0.7063400275414593, 0.25047227063282457, 0.0030694252143364867, 0.009357301399196678, 0.02769154999784654, 0.0030694252143364867], [0.7313355533854279, 0.2303091275716596, 0.0030479673018614173, 0.00639207605867141, 0.02586730838051837, 0.0030479673018614173], [0.789102706357648, 0.1736307771221834, 0.0030100301391856477, 0.006286480820780085, 0.024959975421017355, 0.0030100301391856477], [0.029503060642772194, 0.13374423787264927, 0.0030515472144608947, 0.005546784918097428, 0.8251028221375591, 0.0030515472144608947], [0.8036034181487985, 0.14716534278128215, 0.0030327365333049144, 0.010282103755473013, 0.03288366224783649, 0.0030327365333049144], [0.05445332840218629, 0.20464540366280226, 0.0031221475981984314, 0.006720251549992648, 0.727936721188622, 0.0031221475981984314], [0.686177333825236, 0.26378250952111315, 0.0030554911075114733, 0.010638884926384375, 0.03329028951224332, 0.0030554911075114733], [0.660163612698035, 0.2830585290200683, 0.0030141688587001616, 0.008606732971865177, 0.04214278759263107, 0.0030141688587001616], [0.3306422220972982, 0.4760956014914694, 0.0030129972863519087, 0.01879361802701043, 0.16844256381151806, 0.0030129972863519087], [0.6103881453636646, 0.3294652432145788, 0.003012166514445036, 0.009164369350616689, 0.04495790904224983, 0.003012166514445036], [0.5964745037694249, 0.17947820088044975, 0.17977718077481536, 0.012140567678515794, 0.029123302651525722, 0.0030062442452684765], [0.7424640646351256, 0.07998057863459437, 0.04813121107247243, 0.02304404051218313, 0.10078527845816691, 0.005594826687457629]], [[0.8033632752120561, 0.06797449308303068, 0.05414110163775339, 0.014234707075538929, 0.05612202896293824, 0.004164394028682713], [0.8536790033936443, 0.08943646450600974, 0.0450705610724973, 0.00360914905653247, 0.005166564141865635, 0.0030382578294505863], [0.021352340313984964, 0.18339916525229136, 0.0030552223340793447, 0.005620877038611302, 0.7835171727269536, 0.0030552223340793447], [0.8235312830602133, 0.1546569407076772, 0.0030281043155934444, 0.00558263331618983, 0.010172934284732989, 0.0030281043155934444], [0.7952204321828295, 0.16309019740087946, 0.0030078399700582655, 0.0065643445590737315, 0.029109345917100748, 0.0030078399700582655], [0.0708559833073862, 0.1939195456409837, 0.0031246148170984544, 0.0076084073826016, 0.7213668340348315, 0.0031246148170984544], [0.7666526737219933, 0.17852584915723552, 0.0030789997460035088, 0.008372186776471143, 0.04029129085229285, 0.0030789997460035088], [0.10576685190959448, 0.2316189465265231, 0.0030463503140058692, 0.01126250957491593, 0.6452589913609548, 0.0030463503140058692], [0.6314691629193634, 0.28744949914042084, 0.003004529212675777, 0.014039279658325089, 0.061032999856539046, 0.003004529212675777], [0.3323850576287209, 0.48261924760980485, 0.0030148006172116626, 0.019507813762729597, 0.1594582797643214, 0.0030148006172116626], [0.11443368293151152, 0.29938045077269737, 0.003012655190411927, 0.011675171825737646, 0.5684853840892297, 0.003012655190411927], [0.6923621699377793, 0.24922458904698686, 0.0030239961732417687, 0.00998674041017816, 0.04237850825857212, 0.0030239961732417687], [0.7887466340324648, 0.10949995153682153, 0.06598966060779118, 0.0069467759327519, 0.025700434221784325, 0.0031165436683861306], [0.6298125362382645, 0.08641783584427609, 0.036981788389342365, 0.019135656634742742, 0.2209036765163009, 0.006748506377073311], [0.8362109784868716, 0.08758174366758362, 0.04062301936142239, 0.006180039874874975, 0.026380749701673145, 0.003023468907574188], [0.7499323482171709, 0.194210460711284, 0.00305403943730014, 0.0072656959180622946, 0.04248341627888267, 0.00305403943730014], [0.09597645987342196, 0.24929937804957614, 0.003052712594406589, 0.011453196968441654, 0.6371655399197472, 0.003052712594406589], [0.6780623215342793, 0.24731341866658033, 0.0030131060807667147, 0.010298444937621791, 0.05829960269998523, 0.0030131060807667147], [0.4371642686770112, 0.34476839394113884, 0.003144521966339568, 0.015544677679535619, 0.19623361576963533, 0.003144521966339568], [0.6578588705356396, 0.2623187202878545, 0.0030183483701120683, 0.010569932763306924, 0.06321577967297493, 0.0030183483701120683], [0.7017055032378672, 0.23047020374497215, 0.003021279532706167, 0.010261759414491471, 0.05151997453725685, 0.003021279532706167], [0.6937810002048225, 0.2411112514309657, 0.003018083716026083, 0.00995239766575168, 0.04911918326640801, 0.003018083716026083], [0.418092755290997, 0.37551346614244513, 0.0030684281848236163, 0.018969028344360775, 0.1812878938525499, 0.0030684281848236163], [0.7102211898201672, 0.23105829395572297, 0.003027069759149108, 0.008417297138441877, 0.04424907956736964, 0.003027069759149108], [0.7347316473499677, 0.21411427897508326, 0.00306643707093914, 0.007663372318970233, 0.03735782721410059, 0.00306643707093914], [0.7334695205214449, 0.20478494664788907, 0.0030333604669358295, 0.008725806340024638, 0.04695300555676991, 0.0030333604669358295], [0.7292050293016696, 0.21863544220636585, 0.0030515086162497354, 0.007870659984969457, 0.03818585127449553, 0.0030515086162497354], [0.6831003765434899, 0.26102029151535877, 0.0030396405172347283, 0.008111904299191954, 0.04168814660748994, 0.0030396405172347283], [0.6619613117578588, 0.2708157050482204, 0.003018600924159618, 0.009308544399256422, 0.0518772369463453, 0.003018600924159618], [0.6867558151626227, 0.25766182373100066, 0.0030186807215764706, 0.00890025212427841, 0.04064474753894535, 0.0030186807215764706], [0.7286584937020486, 0.22326945107090718, 0.0030623195092934464, 0.006894860612920946, 0.03505255559553633, 0.0030623195092934464], [0.8089895731797888, 0.14572688710056053, 0.003006972112145664, 0.006845924265113325, 0.032423671230246164, 0.003006972112145664], [0.8236517303467706, 0.13922695434231738, 0.0030124227534035924, 0.006052768282434927, 0.025043701521669747, 0.0030124227534035924], [0.7792094631804758, 0.16797291719797725, 0.003004693701131442, 0.008106858956655307, 0.03870137326262884, 0.003004693701131442], [0.06507200633621786, 0.25136025777136056, 0.0030684863046283855, 0.007587696209629425, 0.6698430670735355, 0.0030684863046283855], [0.06776546531064556, 0.3089070318061089, 0.0030446077360930146, 0.008811730438925637, 0.6084265569721339, 0.0030446077360930146], [0.635862171085031, 0.30641887100782705, 0.0030138199024131074, 0.009464561193954077, 0.04222675690836162, 0.0030138199024131074], [0.6157921643420339, 0.33853186259895174, 0.0030225776447331486, 0.008834739466425275, 0.030796078303122646, 0.0030225776447331486], [0.032074601856561476, 0.1736016800329276, 0.13019078646310034, 0.008081486804292678, 0.6529703132165335, 0.0030811316265844254], [0.7550069347304748, 0.06902003104353847, 0.04718832066083328, 0.018301562723424314, 0.10574856359124153, 0.004734587250487666]], [[0.8312644518834197, 0.06311768031963985, 0.0447084193442926, 0.01246711060777837, 0.044535583057657126, 0.0039067547872123996], [0.012365938049317064, 0.08314378602154686, 0.03770366488546867, 0.003940013833302732, 0.8598094829311387, 0.0030371142792260998], [0.009813842736457813, 0.11087877573502751, 0.0030207473063068473, 0.003779402143247179, 0.8694864847726539, 0.0030207473063068473], [0.8387440476488418, 0.13943018959996065, 0.0030322562364733996, 0.005590620601508368, 0.010170629676742385, 0.0030322562364733996], [0.026012274110968268, 0.12862340778096504, 0.0030665918226151453, 0.005638786532874838, 0.8335923479299616, 0.0030665918226151453], [0.055728946589315626, 0.13931122309220198, 0.0030257842902557557, 0.005788827956156704, 0.7931194337818143, 0.0030257842902557557], [0.8218045267451013, 0.13929127761026558, 0.0030142065126880523, 0.005866612778422561, 0.027009169840834454, 0.0030142065126880523], [0.06763147757640219, 0.2302276953263193, 0.0030883944875102214, 0.010320648349127035, 0.6856433897731311, 0.0030883944875102214], [0.07637124418713025, 0.3122847498573377, 0.003035963597904881, 0.012602338493486373, 0.592669740266236, 0.003035963597904881], [0.5935362724312166, 0.31686326356930794, 0.0030105680347702678, 0.012308589706095689, 0.07127073822383911, 0.0030105680347702678], [0.6594903191591736, 0.2849251764597564, 0.0030163800476836356, 0.010080088062264037, 0.039471656223438734, 0.0030163800476836356], [0.7364405927715741, 0.2138420259727021, 0.003053082535226023, 0.007912268232954404, 0.03569894795231717, 0.003053082535226023], [0.8401451465424594, 0.0798855160025581, 0.04630292953884827, 0.005951380332810031, 0.024693311036119794, 0.003021716547204319], [0.6524478967437664, 0.0776989294345872, 0.03413640671292569, 0.014612832794544743, 0.21459143360232025, 0.006512500711855781], [0.8605167726426082, 0.07644951991817422, 0.03481595390782832, 0.005196204634292285, 0.019987918933527304, 0.003033629963569809], [0.7579246012643922, 0.1887860659933166, 0.003060082808464929, 0.007979059706995344, 0.03919010741836604, 0.003060082808464929], [0.6687830607289296, 0.26511583937096417, 0.0030199674981188623, 0.010803670122693575, 0.04925749478117497, 0.0030199674981188623], [0.12939862170783856, 0.26793294102928, 0.0030217561800184208, 0.012233401365040655, 0.5843915235378041, 0.0030217561800184208], [0.6782604056482053, 0.24682538295085288, 0.0030119367774184827, 0.011520419018775836, 0.05736991882732886, 0.0030119367774184827], [0.10650430154317948, 0.22888678909345822, 0.003039640918751412, 0.009648474840526998, 0.6488811526853325, 0.003039640918751412], [0.7061380361511325, 0.23264703136442338, 0.0030422200203662005, 0.009387092050032606, 0.0457434003936792, 0.0030422200203662005], [0.7018509003882566, 0.23340473391143657, 0.003039518676128742, 0.00953372676750681, 0.04913160158054252, 0.003039518676128742], [0.13274304390947825, 0.24082545017935564, 0.003036243810569178, 0.009347691941800141, 0.6110113263482276, 0.003036243810569178], [0.726451978020619, 0.21947900550863209, 0.0030364505895784165, 0.008586788718826167, 0.03940932657276583, 0.0030364505895784165], [0.7097345572643765, 0.21810548018696524, 0.0030465061602107752, 0.008828139977451868, 0.0572388102507848, 0.0030465061602107752], [0.709470793464179, 0.2257185773580526, 0.00303808284279468, 0.008188717523533114, 0.05054574596864592, 0.00303808284279468], [0.705223389479725, 0.23705582142284762, 0.003034018226592668, 0.008751475836464183, 0.04290127680777792, 0.003034018226592668], [0.6789228651739726, 0.2558531784056056, 0.0030107907110745913, 0.009275553677533006, 0.04992682132073982, 0.0030107907110745913], [0.3869371805718119, 0.4334188004842354, 0.0030512581329901183, 0.018138309583486504, 0.155403193094486, 0.0030512581329901183], [0.6801241178567581, 0.2495522257138109, 0.0030146552068863047, 0.008942332426887304, 0.055352013588771135, 0.0030146552068863047], [0.7137230326685075, 0.21847113883352492, 0.003029096278157133, 0.00874655785753394, 0.053001078084119344, 0.003029096278157133], [0.07089454627982658, 0.18233720328216813, 0.003121570217110512, 0.00690796608702791, 0.7336171439167565, 0.003121570217110512], [0.8163540332251601, 0.13773542660734747, 0.0030081765452144725, 0.007347784413855618, 0.03254640266320786, 0.0030081765452144725], [0.06091280115077111, 0.16547602758892144, 0.0030109615271223045, 0.006322861424005917, 0.7612663867820569, 0.0030109615271223045], [0.06345958698655349, 0.20889077817725965, 0.003008925454430824, 0.006889974673909909, 0.7147418092534153, 0.003008925454430824], [0.0540229256626469, 0.2727753705221729, 0.0030918637907782205, 0.007610489940839151, 0.6594074862927847, 0.0030918637907782205], [0.6619411744782321, 0.2924536660850013, 0.0030267995558123204, 0.008227595283645748, 0.031323965041496295, 0.0030267995558123204], [0.6768856986945809, 0.28532695771108324, 0.0030659040949452356, 0.009432767145615403, 0.022222768258830104, 0.0030659040949452356], [0.037844852305658865, 0.13455420068965385, 0.12130196301033076, 0.01162425640997302, 0.6916165825239221, 0.003058145060461441], [0.745310485101811, 0.06905883008990596, 0.03903630092889629, 0.012522565930203391, 0.12907673136495754, 0.004995086584225823]], [[0.8583493825953928, 0.05816119322274983, 0.03333712167634239, 0.009686044062154788, 0.036779649019467536, 0.0036866094238926198], [0.8853280944380385, 0.06972550416257438, 0.03410989498883019, 0.003571528507633869, 0.004253303875869089, 0.00301167402705391], [0.0075813761505854355, 0.08556997756998994, 0.0030076114865725547, 0.003760336276075665, 0.8970730870302038, 0.0030076114865725547], [0.8983628442391561, 0.08694510776328376, 0.003006397057370174, 0.0036610628065059186, 0.005018191076313855, 0.003006397057370174], [0.8594038699289555, 0.11497809784460175, 0.003039331202284901, 0.005603613852262956, 0.013935755969610096, 0.003039331202284901], [0.8539280410028076, 0.11773850049792374, 0.0030340084588439302, 0.005594070198638115, 0.016671371382942703, 0.0030340084588439302], [0.8411137525682391, 0.12495516519541991, 0.0030241120917783907, 0.005577615094149273, 0.02230524295863503, 0.0030241120917783907], [0.7985823852499554, 0.16249461267187912, 0.003008917801345442, 0.006934013654762386, 0.025971152820712027, 0.003008917801345442], [0.04784061782529429, 0.2434966433001222, 0.0031124766388219, 0.007944871477279614, 0.6944929141196602, 0.0031124766388219], [0.69164552474026, 0.24750867530515194, 0.0030227341973578744, 0.010517572732712071, 0.04428275882716032, 0.0030227341973578744], [0.7199611780029566, 0.2335489129311092, 0.0030432776517391206, 0.008559717324377603, 0.031843636438078395, 0.0030432776517391206], [0.8048630658595338, 0.14753099356637037, 0.0030076653688171167, 0.007063859878884328, 0.03452674995757728, 0.0030076653688171167], [0.8545241017585846, 0.08391645169523702, 0.03292178902422558, 0.005325557439154062, 0.02027410171587299, 0.003037998366925718], [0.7443691184560167, 0.07489094810079641, 0.034869388224623196, 0.015641114523896545, 0.12524872772982498, 0.004980702964842307], [0.8146094460153303, 0.10680145884869416, 0.04391846032046016, 0.006428694818520188, 0.025063249453592493, 0.0031786905434027443], [0.7570883770276632, 0.18524906701640806, 0.003059983342773908, 0.007674082145084943, 0.043868507125296066, 0.003059983342773908], [0.6842692058217777, 0.24422065429284337, 0.0030144151592666926, 0.010494956503994523, 0.054986353062851066, 0.0030144151592666926], [0.38765540039468127, 0.39800477323270333, 0.003051970813566175, 0.019337698238188913, 0.18889818650729412, 0.003051970813566175], [0.6714082476887071, 0.26440797699413526, 0.0030215933048589913, 0.010271643834693906, 0.04786894487274582, 0.0030215933048589913], [0.07555558749049714, 0.21967488930386062, 0.0031136132008422607, 0.00871845194136228, 0.6898238448625954, 0.0031136132008422607], [0.7119734306172494, 0.21762662161267315, 0.0030489795443844453, 0.008058357789968218, 0.056243630891340365, 0.0030489795443844453], [0.7276964614170426, 0.21791019797745712, 0.0030602683226433254, 0.007584781754552699, 0.040688022205661076, 0.0030602683226433254], [0.7273002527312794, 0.22218355470877868, 0.0030602205744020643, 0.007599320763703751, 0.03679643064743413, 0.0030602205744020643], [0.7498940876522403, 0.2050502114378605, 0.003055700124219487, 0.007127987175582849, 0.03181631348587736, 0.003055700124219487], [0.7831224039897126, 0.17467487023791703, 0.0030077444900258135, 0.006781604887923775, 0.02940563190439499, 0.0030077444900258135], [0.06956087543508754, 0.18969626745155926, 0.003020751779592124, 0.006548293112267775, 0.7281530604419012, 0.003020751779592124], [0.07064877556346856, 0.2394364013553543, 0.003117178084753927, 0.008131033859800872, 0.6755494330518684, 0.003117178084753927], [0.071178