{"prediction": [[[0.9852216748768479, 0.0029556650246305434, 0.0029556650246305434, 0.0029556650246305434, 0.0029556650246305434, 0.0029556650246305434], [0.9852216748768479, 0.0029556650246305434, 0.0029556650246305434, 0.0029556650246305434, 0.0029556650246305434, 0.0029556650246305434], [0.9852216748768479, 0.0029556650246305434, 0.0029556650246305434, 0.0029556650246305434, 0.0029556650246305434, 0.0029556650246305434], [0.9852216748768479, 0.0029556650246305434, 0.0029556650246305434, 0.0029556650246305434, 0.0029556650246305434, 0.0029556650246305434], [0.9852216748768479, 0.0029556650246305434, 0.0029556650246305434, 0.0029556650246305434, 0.0029556650246305434, 0.0029556650246305434], [0.9852216748768479, 0.0029556650246305434, 0.0029556650246305434, 0.0029556650246305434, 0.0029556650246305434, 0.0029556650246305434], [0.9852216748768479, 0.0029556650246305434, 0.0029556650246305434, 0.0029556650246305434, 0.0029556650246305434, 0.0029556650246305434], [0.9852216748768479, 0.0029556650246305434, 0.0029556650246305434, 0.0029556650246305434, 0.0029556650246305434, 0.0029556650246305434], [0.9852216748768479, 0.0029556650246305434, 0.0029556650246305434, 0.0029556650246305434, 0.0029556650246305434, 0.0029556650246305434], [0.9852216748768479, 0.0029556650246305434, 0.0029556650246305434, 0.0029556650246305434, 0.0029556650246305434, 0.0029556650246305434], [0.9852216748768479, 0.0029556650246305434, 0.0029556650246305434, 0.0029556650246305434, 0.0029556650246305434, 0.0029556650246305434], [0.9852216748768479, 0.0029556650246305434, 0.0029556650246305434, 0.0029556650246305434, 0.0029556650246305434, 0.0029556650246305434], [0.9852216748768479, 0.0029556650246305434, 0.0029556650246305434, 0.0029556650246305434, 0.0029556650246305434, 0.0029556650246305434], [0.9852216748768479, 0.0029556650246305434, 0.0029556650246305434, 0.0029556650246305434, 0.0029556650246305434, 0.0029556650246305434], [0.9852216748768479, 0.0029556650246305434, 0.0029556650246305434, 0.0029556650246305434, 0.0029556650246305434, 0.0029556650246305434], [0.9852216748768479, 0.0029556650246305434, 0.0029556650246305434, 0.0029556650246305434, 0.0029556650246305434, 0.0029556650246305434], [0.9852216748768479, 0.0029556650246305434, 0.0029556650246305434, 0.0029556650246305434, 0.0029556650246305434, 0.0029556650246305434], [0.9852216748768479, 0.0029556650246305434, 0.0029556650246305434, 0.0029556650246305434, 0.0029556650246305434, 0.0029556650246305434], [0.9852216748768479, 0.0029556650246305434, 0.0029556650246305434, 0.0029556650246305434, 0.0029556650246305434, 0.0029556650246305434], [0.9852216748768479, 0.0029556650246305434, 0.0029556650246305434, 0.0029556650246305434, 0.0029556650246305434, 0.0029556650246305434], [0.9852216748768479, 0.0029556650246305434, 0.0029556650246305434, 0.0029556650246305434, 0.0029556650246305434, 0.0029556650246305434], [0.9852216748768479, 0.0029556650246305434, 0.0029556650246305434, 0.0029556650246305434, 0.0029556650246305434, 0.0029556650246305434], [0.9852216748768479, 0.0029556650246305434, 0.0029556650246305434, 0.0029556650246305434, 0.0029556650246305434, 0.0029556650246305434], [0.9852216748768479, 0.0029556650246305434, 0.0029556650246305434, 0.0029556650246305434, 0.0029556650246305434, 0.0029556650246305434], [0.9852216748768479, 0.0029556650246305434, 0.0029556650246305434, 0.0029556650246305434, 0.0029556650246305434, 0.0029556650246305434], [0.9852216748768479, 0.0029556650246305434, 0.0029556650246305434, 0.0029556650246305434, 0.0029556650246305434, 0.0029556650246305434], [0.9852216748768479, 0.0029556650246305434, 0.0029556650246305434, 0.0029556650246305434, 0.0029556650246305434, 0.0029556650246305434], [0.9852216748768479, 0.0029556650246305434, 0.0029556650246305434, 0.0029556650246305434, 0.0029556650246305434, 0.0029556650246305434], [0.9852216748768479, 0.0029556650246305434, 0.0029556650246305434, 0.0029556650246305434, 0.0029556650246305434, 0.0029556650246305434], [0.9852216748768479, 0.0029556650246305434, 0.0029556650246305434, 0.0029556650246305434, 0.0029556650246305434, 0.0029556650246305434], [0.9852216748768479, 0.0029556650246305434, 0.0029556650246305434, 0.0029556650246305434, 0.0029556650246305434, 0.0029556650246305434], [0.9852216748768479, 0.0029556650246305434, 0.0029556650246305434, 0.0029556650246305434, 0.0029556650246305434, 0.0029556650246305434], [0.9852216748768479, 0.0029556650246305434, 0.0029556650246305434, 0.0029556650246305434, 0.0029556650246305434, 0.0029556650246305434], [0.9852216748768479, 0.0029556650246305434, 0.0029556650246305434, 0.0029556650246305434, 0.0029556650246305434, 0.0029556650246305434], [0.9852216748768479, 0.0029556650246305434, 0.0029556650246305434, 0.0029556650246305434, 0.0029556650246305434, 0.0029556650246305434], [0.9852216748768479, 0.0029556650246305434, 0.0029556650246305434, 0.0029556650246305434, 0.0029556650246305434, 0.0029556650246305434], [0.9852216748768479, 0.0029556650246305434, 0.0029556650246305434, 0.0029556650246305434, 0.0029556650246305434, 0.0029556650246305434], [0.9852216748768479, 0.0029556650246305434, 0.0029556650246305434, 0.0029556650246305434, 0.0029556650246305434, 0.0029556650246305434], [0.9852216748768479, 0.0029556650246305434, 0.0029556650246305434, 0.0029556650246305434, 0.0029556650246305434, 0.0029556650246305434], [0.9852216748768479, 0.0029556650246305434, 0.0029556650246305434, 0.0029556650246305434, 0.0029556650246305434, 0.0029556650246305434]], [[0.9852216748768479, 0.0029556650246305434, 0.0029556650246305434, 0.0029556650246305434, 0.0029556650246305434, 0.0029556650246305434], [0.007099402275401486, 0.006823503585678057, 0.004709298902034104, 0.0030009036575490903, 0.9753659879217882, 0.0030009036575490903], [0.9785751198584507, 0.007404575583088745, 0.004606845240668191, 0.0030006556692600966, 0.0034121479792721637, 0.0030006556692600966], [0.978363664522595, 0.007393752018468811, 0.004631814806477095, 0.0030009420814356316, 0.003608884489587686, 0.0030009420814356316], [0.9777611936510717, 0.0075116514053851354, 0.004848371552527597, 0.0030013748894716186, 0.0038760336120723052, 0.0030013748894716186], [0.9561999287974965, 0.013212812529550581, 0.011409452491671458, 0.0037418647108282232, 0.012425667278030888, 0.0030102741924223535], [0.9773604883588484, 0.007504801860180268, 0.004768579205903279, 0.003003355089138299, 0.004359420396791471, 0.003003355089138299], [0.9776092550550244, 0.007434057541952119, 0.004701194311304786, 0.0030028982606979996, 0.004249696570322654, 0.0030028982606979996], [0.9573353860692205, 0.01300383918388047, 0.010978602658037365, 0.003743743126837375, 0.011926588465421812, 0.0030118404966024298], [0.9778209442703849, 0.007327551713244533, 0.0046733244497948615, 0.00300261259473504, 0.00417295437710573, 0.00300261259473504], [0.9777346964146184, 0.007364589546281838, 0.004696325228555993, 0.0030026919550616257, 0.0041990049004205, 0.0030026919550616257], [0.9565913981013239, 0.013003707100653582, 0.011135565423789351, 0.003742928959150836, 0.012515277928556029, 0.0030111224865264586], [0.9551627144819346, 0.013230253878109083, 0.011674479232504469, 0.0037409837208320237, 0.013182105068856068, 0.0030094636177639307], [0.03095051905548805, 0.012379958414805409, 0.011063822910591617, 0.003924212482832132, 0.9386683589222728, 0.003013128214009847], [0.9774445077845594, 0.007395069887971691, 0.004870401075270251, 0.0030028014255425893, 0.004284418401113652, 0.0030028014255425893], [0.9776115871076636, 0.007385983372278786, 0.004766624597041156, 0.0030027603247885833, 0.00423028427343929, 0.0030027603247885833], [0.9768308193256023, 0.007538149163872332, 0.004921807116561381, 0.003005241445103981, 0.0046987415037559955, 0.003005241445103981], [0.9523804171614259, 0.01370302860860061, 0.012396861469417781, 0.003739678008699673, 0.014771914968187584, 0.003008099783668475], [0.9487396002350921, 0.014578427432598665, 0.014036446383565165, 0.003737778893786515, 0.015901662442135263, 0.0030060846128223146], [0.9418327382059438, 0.01578177886751406, 0.016750940880465665, 0.00413617280194859, 0.018487771448812074, 0.0030105977953157593], [0.9050184824045857, 0.022775958830699525, 0.0259676951923918, 0.006481532194102765, 0.0367484157691605, 0.003007915609059765], [0.09512720470438828, 0.026220782270579168, 0.03207296610195767, 0.008411454887523546, 0.8351037869297221, 0.0030638051058292353], [0.9025237054259349, 0.023525832393604375, 0.028022832786896698, 0.006671690634477532, 0.03625061005961922, 0.0030053286994670262], [0.04624979811479475, 0.01767815943817877, 0.01718141159785261, 0.004890836071804572, 0.9109335369326793, 0.0030662578446899887], [0.9476174788502439, 0.01472663156159206, 0.014558032813939978, 0.003737904077337064, 0.01635374863408941, 0.003006204062797401], [0.0345385059214111, 0.01321966263417472, 0.012837450105516386, 0.0039279903121536616, 0.9324608644135253, 0.0030155266132189384], [0.9852216748768479, 0.0029556650246305434, 0.0029556650246305434, 0.0029556650246305434, 0.0029556650246305434, 0.0029556650246305434], [0.9852216748768479, 0.0029556650246305434, 0.0029556650246305434, 0.0029556650246305434, 0.0029556650246305434, 0.0029556650246305434], [0.03638666100064767, 0.013253798787570605, 0.012770210332101548, 0.004024257931449285, 0.9305456480553026, 0.0030194238929283092], [0.038236400311409416, 0.013973055302003094, 0.013611968785941859, 0.004030084679737682, 0.9271250414070418, 0.0030234495138662374], [0.9213216578941875, 0.018816850915257158, 0.020528180568748795, 0.005271889633603659, 0.031045449590943637, 0.003015971397259034], [0.9475609405054576, 0.01433215570176379, 0.013701709737890096, 0.0037536917927951004, 0.017640213642361787, 0.0030112886197316132], [0.9489916529694079, 0.014214008283637778, 0.01335395554111956, 0.0037416651668029594, 0.016689561309046582, 0.003009156729985383], [0.9456103779950206, 0.014763360869192008, 0.01507494969832621, 0.0038767105545326397, 0.017665378535932977, 0.0030092223469954335], [0.0836289693676926, 0.022900052208792245, 0.026265113424358767, 0.006826022750695038, 0.8573541627692608, 0.003025679479200578], [0.09031722727920467, 0.025478453825940172, 0.03116495660567032, 0.007962381983117295, 0.8420342253080129, 0.0030427549980547378], [0.8935690604138881, 0.02435262609996167, 0.03155930429688137, 0.007177239849484273, 0.04032598232765176, 0.0030157870121329086], [0.09799070856996736, 0.026451807099711136, 0.03170516980383384, 0.0085926246234934, 0.8321813677940779, 0.0030783221089163803], [0.9039769313942062, 0.02299400111902775, 0.02738367294252253, 0.0065626815647914566, 0.03607718917932046, 0.0030055238001316068], [0.9852216748768479, 0.0029556650246305434, 0.0029556650246305434, 0.0029556650246305434, 0.0029556650246305434, 0.0029556650246305434]], [[0.9852216748768479, 0.0029556650246305434, 0.0029556650246305434, 0.0029556650246305434, 0.0029556650246305434, 0.0029556650246305434], [0.9786388376802684, 0.007335953763074355, 0.004606779843814834, 0.003000677166176201, 0.003417074380489903, 0.003000677166176201], [0.9735613570239993, 0.013816830564218589, 0.003000880788730077, 0.003000880788730077, 0.0036191700455920025, 0.003000880788730077], [0.97289857845704, 0.014228361690618531, 0.0030012626598684158, 0.0030012626598684158, 0.0038692718727362184, 0.0030012626598684158], [0.035765803344807064, 0.02908006105221413, 0.0030111976442396262, 0.004518506863473857, 0.9246132334510258, 0.0030111976442396262], [0.9443172495624149, 0.02994197509197118, 0.003007416862544814, 0.004325552327445434, 0.015400389293078688, 0.003007416862544814], [0.9446285298346273, 0.02937467629749101, 0.0030082613062560448, 0.004326783198061791, 0.01565348805730773, 0.0030082613062560448], [0.9451878536055993, 0.029710506514959118, 0.003008030175796839, 0.0043263695809443396, 0.014759209946903612, 0.003008030175796839], [0.9456270333133722, 0.028790095086632144, 0.0030093204823909373, 0.004328265578314885, 0.0152359650568991, 0.0030093204823909373], [0.946261216774596, 0.02847927804944889, 0.0030099854907236034, 0.004329132502760686, 0.014910401691747283, 0.0030099854907236034], [0.9452229502170051, 0.028779377701093397, 0.003009242620785402, 0.0043281802169400085, 0.01565100662339071, 0.003009242620785402], [0.944397841847843, 0.029485555800130563, 0.0030080726727223788, 0.004326490121470534, 0.01577396688511105, 0.0030080726727223788], [0.9410108414782427, 0.031108803803076075, 0.0030064297562622257, 0.0043242302725361335, 0.0175432649336207, 0.0030064297562622257], [0.9455149712713248, 0.028646925820761015, 0.003007644031796412, 0.004227674604631983, 0.015595140239689366, 0.003007644031796412], [0.034974070467024825, 0.028121531217281403, 0.0030109529291830993, 0.0044152990444779735, 0.9264671934128497, 0.0030109529291830993], [0.9450735326243485, 0.028639154194871876, 0.0030094639870281727, 0.004328545181519226, 0.01593984002520406, 0.0030094639870281727], [0.9410313938449006, 0.03158589546638043, 0.0030054160630842352, 0.004322955997230216, 0.01704892256532015, 0.0030054160630842352], [0.938027771446715, 0.03322799683843978, 0.003004985716827212, 0.004322708012143904, 0.01841155226904701, 0.003004985716827212], [0.04847233792040615, 0.04479881499123848, 0.003030595302293412, 0.004628620833246886, 0.8960390356505217, 0.003030595302293412], [0.09108222576094815, 0.07088010765535459, 0.0030161476724944835, 0.006750886080165142, 0.8252544851585432, 0.0030161476724944835], [0.8543824144728915, 0.08526536122267961, 0.003060306558085307, 0.007915264487282315, 0.046316346700975924, 0.003060306558085307], [0.855338884877774, 0.08371763966727407, 0.0030552638029747, 0.00798769824928455, 0.04684524959971807, 0.0030552638029747], [0.101009059538652, 0.08893644011833274, 0.0030917915321613853, 0.008172599388482527, 0.79569831789021, 0.0030917915321613853], [0.09296533782759867, 0.07447700624715017, 0.0030250304363668083, 0.007134437745691388, 0.8193731573068262, 0.0030250304363668083], [0.9242689479574494, 0.044941921553759666, 0.0030113769189817363, 0.004354123183229579, 0.02041225346759787, 0.0030113769189817363], [0.9504722810778227, 0.014076810358860808, 0.01250860124192008, 0.0036568153953537358, 0.016275955892226093, 0.0030095360338166094], [0.9852216748768479, 0.0029556650246305434, 0.0029556650246305434, 0.0029556650246305434, 0.0029556650246305434, 0.0029556650246305434], [0.9521649255806877, 0.013328676031967891, 0.011936013168910851, 0.0036576607244541556, 0.01590229362561218, 0.003010430868367419], [0.9344951517808997, 0.035479814107365094, 0.0030056468265969873, 0.004324553872949794, 0.019689186585591392, 0.0030056468265969873], [0.09023725573790016, 0.05619369154907835, 0.0030119982245483358, 0.006105061019356293, 0.8414399952445686, 0.0030119982245483358], [0.8838105372871379, 0.06211249019155768, 0.0030036471894090313, 0.006251411340928573, 0.04181826680155787, 0.0030036471894090313], [0.8925931568085363, 0.05490562592928899, 0.003004620362002336, 0.006131985209679567, 0.04035999132849023, 0.003004620362002336], [0.051036862131913434, 0.03982547684834927, 0.003040105137728008, 0.004563712864159023, 0.8984937378801222, 0.003040105137728008], [0.8914560431694125, 0.05837824200367351, 0.0030019532239070074, 0.00601810957068765, 0.03814369880841231, 0.0030019532239070074], [0.09865181882160999, 0.07183741134003274, 0.0030337544035298615, 0.007061605548259403, 0.8163816554830382, 0.0030337544035298615], [0.8635420732794192, 0.07628227271558555, 0.003030809279779572, 0.00732390573489701, 0.04679012971053912, 0.003030809279779572], [0.5581184340212068, 0.1381230035229543, 0.0030308347634486854, 0.013343764849097701, 0.284353128079844, 0.0030308347634486854], [0.8571267976675924, 0.0830550270094703, 0.003050787038442219, 0.007580310790569919, 0.046136290455483016, 0.003050787038442219], [0.0978329542426615, 0.02618891007749243, 0.029583955774152484, 0.008138703601163984, 0.835178414618666, 0.0030770616858634926], [0.9852216748768479, 0.0029556650246305434, 0.0029556650246305434, 0.0029556650246305434, 0.0029556650246305434, 0.0029556650246305434]], [[0.9852216748768479, 0.0029556650246305434, 0.0029556650246305434, 0.0029556650246305434, 0.0029556650246305434, 0.0029556650246305434], [0.9781802820914963, 0.0073899197118776835, 0.004654445722345011, 0.003001282750677978, 0.0037727869729251343, 0.003001282750677978], [0.9728749688903295, 0.014181029213165232, 0.003001500188646396, 0.003001500188646396, 0.003939501330565947, 0.003001500188646396], [0.03687684423288296, 0.03032529547678948, 0.003009454451670244, 0.004515967412078914, 0.9222629839749082, 0.003009454451670244], [0.04040835551660097, 0.03495588207732685, 0.003007034448366318, 0.004512743492942691, 0.9141089500163968, 0.003007034448366318], [0.9389296859854629, 0.03318842522036734, 0.0030039769240206918, 0.0043208873601311175, 0.017553047585997163, 0.0030039769240206918], [0.9412548209387355, 0.03202740435921104, 0.003004560594470182, 0.004321624821940516, 0.01638702869117253, 0.003004560594470182], [0.0408258150483837, 0.032934184828516816, 0.0030098399854643016, 0.0045166812632837835, 0.9157036388888872, 0.0030098399854643016], [0.9400233646763577, 0.03211687180621234, 0.0030051362817532365, 0.004322482493185021, 0.017527008460738364, 0.0030051362817532365], [0.040886629303328335, 0.032082209660412045, 0.003011027998092567, 0.004518353877240765, 0.9164907511628336, 0.003011027998092567], [0.9398686953817313, 0.03203595551295173, 0.003005467719357419, 0.0043230431177123715, 0.01776137054888984, 0.003005467719357419], [0.9352451371762563, 0.03482370177374817, 0.003005854818019356, 0.004323774444984737, 0.019595676968971958, 0.003005854818019356], [0.0843910455583437, 0.05439154618207286, 0.0030075780194112472, 0.006094939007706489, 0.8491073132130544, 0.0030075780194112472], [0.9370071807252521, 0.03413222503537429, 0.0030045893927224923, 0.00422364533186218, 0.01862777012206646, 0.0030045893927224923], [0.9408881606082965, 0.031116361994808547, 0.003005848604611522, 0.004225288633362619, 0.017758491554309395, 0.003005848604611522], [0.9396919680170988, 0.03154087630790799, 0.0030069308658151645, 0.004325135007164419, 0.018428158936198258, 0.0030069308658151645], [0.9357870048985789, 0.034394453861362584, 0.003005923125503039, 0.004324141309956994, 0.019482553679095408, 0.003005923125503039], [0.05010211987872068, 0.04068637041522021, 0.003035461264516921, 0.004556280729515365, 0.8985843064475099, 0.003035461264516921], [0.8843682492287784, 0.06382056640344849, 0.0030020191619245834, 0.006408657299503136, 0.03939848874442091, 0.0030020191619245834], [0.0993391182569773, 0.08371748419942966, 0.0030654061527395685, 0.007585514286621605, 0.8032270709514923, 0.0030654061527395685], [0.10829276818902857, 0.09127370524926788, 0.0031297194603480674, 0.008785590339432018, 0.7853884973015755, 0.0031297194603480674], [0.573649846048548, 0.15176170067584407, 0.003072581544656109, 0.0140570723907708, 0.25438621779552484, 0.003072581544656109], [0.8484657059450222, 0.08783033189459882, 0.003080913630074926, 0.008240526890233059, 0.049301608009996195, 0.003080913630074926], [0.10205772690409447, 0.08556580357095367, 0.00308064446912469, 0.007827813735632329, 0.7983873668510703, 0.00308064446912469], [0.09142970500715772, 0.02344996345131179, 0.026015639934824974, 0.007261860983338618, 0.8487923869486916, 0.003050443674675175], [0.9852216748768479, 0.0029556650246305434, 0.0029556650246305434, 0.0029556650246305434, 0.0029556650246305434, 0.0029556650246305434], [0.9509121513730661, 0.013430339163948845, 0.011621124537665745, 0.0036636140666203116, 0.01735761857703767, 0.0030151522816613606], [0.9365669540452488, 0.03289726792086862, 0.0030099455585749003, 0.004231604703659608, 0.020284282213073237, 0.0030099455585749003], [0.885968875283819, 0.06124416756368841, 0.003002573049804737, 0.006136375266676889, 0.040645435786206253, 0.003002573049804737], [0.10017967737380286, 0.07352759016423668, 0.0030408657503108046, 0.007059883607436017, 0.8131511173539029, 0.0030408657503108046], [0.8690107057286456, 0.07223531113676762, 0.0030196561583702916, 0.006936041223791356, 0.04577862959405492, 0.0030196561583702916], [0.876847976022792, 0.06633017406431231, 0.0030085930648187523, 0.006704372774055398, 0.044100291009202874, 0.0030085930648187523], [0.8927178330970159, 0.05461624455486228, 0.0030049086139687627, 0.0061534846530833555, 0.0405026204671009, 0.0030049086139687627], [0.05527540038660829, 0.044173916090157826, 0.0030683327292442865, 0.004957669756849795, 0.8894563483078956, 0.0030683327292442865], [0.878070442533254, 0.06646429994182977, 0.0030065707039640434, 0.00670312959344101, 0.04274898652354723, 0.0030065707039640434], [0.865730947425641, 0.07463047753519057, 0.0030247476921716494, 0.00761781644454231, 0.04597126321028282, 0.0030247476921716494], [0.8521628605693391, 0.08505963930252318, 0.003065200593898521, 0.00833455393075499, 0.04831254500958581, 0.003065200593898521], [0.1098748407921266, 0.0893084049176543, 0.0031268717271344306, 0.008657484955519974, 0.7859055258804303, 0.0031268717271344306], [0.8921482198388208, 0.0248936750658148, 0.03314743803800813, 0.0075578607221911944, 0.039238592615780415, 0.003014213719384621], [0.9852216748768479, 0.0029556650246305434, 0.0029556650246305434, 0.0029556650246305434, 0.0029556650246305434, 0.0029556650246305434]], [[0.9852216748768479, 0.0029556650246305434, 0.0029556650246305434, 0.0029556650246305434, 0.0029556650246305434, 0.0029556650246305434], [0.977801738627583, 0.007431918346156674, 0.004846854373241277, 0.0030015073420299764, 0.0039164739689590625, 0.0030015073420299764], [0.03578428098097081, 0.02987537240344928, 0.0030098218979836633, 0.004516378208183177, 0.9238043246114294, 0.0030098218979836633], [0.9383981411480272, 0.034351311369309905, 0.0030024185439546484, 0.0043186785521527, 0.01692703184260091, 0.0030024185439546484], [0.04556845732450022, 0.039502883791346234, 0.003016941260926067, 0.004527960609317345, 0.904366815752984, 0.003016941260926067], [0.8969613969513243, 0.05499381451808171, 0.003004026251794248, 0.006021166328127335, 0.036015569698878064, 0.003004026251794248], [0.9344334825858303, 0.036347726612737746, 0.0030035100507722423, 0.004320676542113445, 0.018891094157774027, 0.0030035100507722423], [0.045323921966568495, 0.03723651426156609, 0.003016752994125944, 0.004527863379964223, 0.9068781944036494, 0.003016752994125944], [0.9022532160107084, 0.049972729355859564, 0.0030094488502034103, 0.006032017248777856, 0.0357231396842473, 0.0030094488502034103], [0.9340695760984892, 0.036026459359501384, 0.0030050677978426415, 0.0043227710927444575, 0.019571057853579866, 0.0030050677978426415], [0.9324109164867047, 0.03746869427767689, 0.003005071410048516, 0.004322966430618704, 0.019787279984902848, 0.003005071410048516], [0.8923073754237307, 0.05702991683650332, 0.00300263782842815, 0.006019188785683862, 0.038638243297225934, 0.00300263782842815], [0.8572731118387322, 0.09016275890782537, 0.0030023951462779938, 0.006295476780781641, 0.04026386218010484, 0.0030023951462779938], [0.8903614199941441, 0.058764222326937364, 0.0030020629622862943, 0.0059846763942368155, 0.03888555536010923, 0.0030020629622862943], [0.9292217465530748, 0.039928416457311336, 0.0030099115078922587, 0.0042318791154442766, 0.02059813485838509, 0.0030099115078922587], [0.9317634323975942, 0.036649848482188115, 0.0030096795597736917, 0.004329811416980364, 0.021237548583690005, 0.0030096795597736917], [0.048068599773444326, 0.037058351172004136, 0.003026751696710059, 0.004542906193727746, 0.9042766394674037, 0.003026751696710059], [0.9305462651843113, 0.038815510604638385, 0.003006342497984412, 0.004325357461102351, 0.020300181753979255, 0.003006342497984412], [0.9159666994466998, 0.05059535585368116, 0.0030318764708369187, 0.004954628281402697, 0.02241956347654246, 0.0030318764708369187], [0.09627302063553449, 0.07440866654177429, 0.003031946958189923, 0.007372447171790938, 0.8158819717345205, 0.003031946958189923], [0.10679668162136455, 0.09246303311506286, 0.0031294672487484493, 0.008471789278743437, 0.7860095614873324, 0.0031294672487484493], [0.1080543594763031, 0.08935541686220559, 0.0031192345656458134, 0.008513395721455746, 0.787838358808744, 0.0031192345656458134], [0.10672001466706224, 0.0931854822063748, 0.0031329814102271265, 0.00845052894028072, 0.7853780113658281, 0.0031329814102271265], [0.09449019563862049, 0.02546538587630742, 0.026911014627441762, 0.007697590318426412, 0.8423737852063378, 0.003062028332866165], [0.9852216748768479, 0.0029556650246305434, 0.0029556650246305434, 0.0029556650246305434, 0.0029556650246305434, 0.0029556650246305434], [0.9490044653996912, 0.013711488546973008, 0.012572055211999996, 0.0036646108095816886, 0.018031571198942553, 0.0030158088328116287], [0.9370870890629542, 0.032477270914752374, 0.0030099919591086224, 0.0042315506090712775, 0.02018410549500484, 0.0030099919591086224], [0.8922141062807065, 0.05544820397640675, 0.0030041313364421937, 0.0059699370794035755, 0.04035948999059893, 0.0030041313364421937], [0.13326398844373236, 0.07045473986258427, 0.0030293164220954894, 0.007265758054409324, 0.7829568807950831, 0.0030293164220954894], [0.8651839312031662, 0.07555410190968935, 0.0030270926963669445, 0.007198567017152836, 0.04600921447725785, 0.0030270926963669445], [0.5914176114147436, 0.12858543751243431, 0.0030127167433590934, 0.012433648933622943, 0.26153786865248096, 0.0030127167433590934], [0.8722166171328684, 0.06713909732304725, 0.003017449656934588, 0.00690953735820277, 0.04769984887201253, 0.003017449656934588], [0.8854757409550278, 0.05778870414630437, 0.0030072894708412703, 0.006441981990522449, 0.044278993966462954, 0.0030072894708412703], [0.09231850098170685, 0.053649130130277424, 0.00301716397002712, 0.00620116996198071, 0.8417968709859808, 0.00301716397002712], [0.10055438049169778, 0.0628882974575322, 0.003031857009892741, 0.006703775507108399, 0.8237898325238759, 0.003031857009892741], [0.8679046310568984, 0.07190847530038792, 0.003021379978395608, 0.007339525501325137, 0.046804608184597404, 0.003021379978395608], [0.8574843706293772, 0.08004237627968182, 0.003047013132827608, 0.007763163859117004, 0.0486160629661687, 0.003047013132827608], [0.5864206599192957, 0.13612152848348935, 0.0030262811604321945, 0.012584044509852997, 0.2588212047664975, 0.0030262811604321945], [0.8918962679779311, 0.02432152597673852, 0.030422372472551633, 0.007549376195616451, 0.04278529319916824, 0.003025164177994061], [0.9852216748768479, 0.0029556650246305434, 0.0029556650246305434, 0.0029556650246305434, 0.0029556650246305434, 0.0029556650246305434]], [[0.9852216748768479, 0.0029556650246305434, 0.0029556650246305434, 0.0029556650246305434, 0.0029556650246305434, 0.0029556650246305434], [0.9549518324284901, 0.013328304912508474, 0.012111849343395927, 0.0037397516191063625, 0.012859753140358586, 0.003008508556140543], [0.9421453852150764, 0.03124309373308433, 0.0030055340767796107, 0.004322940012869709, 0.016277512885410482, 0.0030055340767796107], [0.9323309053802258, 0.03850286126584182, 0.003002924188983171, 0.0043195295521725255, 0.01884085542379354, 0.003002924188983171], [0.08582549082938634, 0.05917607184315546, 0.003005391646298971, 0.006091021842620636, 0.8428966321922396, 0.003005391646298971], [0.8860256453817666, 0.061816833265832066, 0.003002325852795124, 0.006064497481203039, 0.04008837216560795, 0.003002325852795124], [0.8853116204637889, 0.06211729551768098, 0.003002282612850317, 0.0062459078845066894, 0.04032061090832271, 0.003002282612850317], [0.8885660317954492, 0.06009799650163411, 0.003001651800897918, 0.006165991438919886, 0.03916667666220071, 0.003001651800897918], [0.09171172946854686, 0.06033975920747237, 0.0030121785354856297, 0.006242960973893032, 0.8356811932791165, 0.0030121785354856297], [0.8924419967897032, 0.056156491053680854, 0.0030033407763408425, 0.006045045116651123, 0.039349785487283344, 0.0030033407763408425], [0.888662528093107, 0.059147393992991605, 0.0030021658456879075, 0.006211983361871112, 0.039973762860654516, 0.0030021658456879075], [0.8784670517211853, 0.06742450935244337, 0.003006215007249774, 0.0065056145444115565, 0.041590394367460266, 0.003006215007249774], [0.8490219252508852, 0.09427690385779283, 0.003006125203023076, 0.006714241287814807, 0.04397467919746103, 0.003006125203023076], [0.851336961977178, 0.09402987718036031, 0.003005573500281054, 0.0066555285089015615, 0.04196648533299798, 0.003005573500281054], [0.879473147412891, 0.06641749264832444, 0.0030086828634340057, 0.006495901520132823, 0.041596092691783784, 0.0030086828634340057], [0.8851701923699041, 0.060497663662553755, 0.003003627898148654, 0.006321939655876422, 0.04200294851536847, 0.003003627898148654], [0.9284336714536502, 0.039591258840595285, 0.0030102913878046937, 0.0044710645502695975, 0.021483422379875473, 0.0030102913878046937], [0.9296594008613319, 0.0392871222263937, 0.0030074871808719768, 0.004365885081752465, 0.020672617468777875, 0.0030074871808719768], [0.05060389318864539, 0.04268080238214387, 0.003038682811776032, 0.004853577300477279, 0.8957843615051815, 0.003038682811776032], [0.10050018085751458, 0.07674081903752628, 0.003048306411983623, 0.007362255751941673, 0.8093001315290503, 0.003048306411983623], [0.10299605098097007, 0.077865776431565, 0.003059008375626913, 0.007865950691452638, 0.8051542051447584, 0.003059008375626913], [0.1082819666925455, 0.08834014993906815, 0.003115290841320587, 0.008127835877007751, 0.7890194658087375, 0.003115290841320587], [0.09464977199308254, 0.026722286346522656, 0.02799393198780974, 0.007982213149692286, 0.8395894262535313, 0.003062370269361575], [0.9852216748768479, 0.0029556650246305434, 0.0029556650246305434, 0.0029556650246305434, 0.0029556650246305434, 0.0029556650246305434], [0.8993482789825035, 0.036148441587030254, 0.020385548565355068, 0.005499998323083469, 0.0355775791464223, 0.0030401533956054476], [0.047919535433893, 0.03322086141514097, 0.003033674810553069, 0.0044504045898273335, 0.9083418489400326, 0.003033674810553069], [0.08666240415866319, 0.050346050209836034, 0.0030143625107704576, 0.005970617728209414, 0.8509922028817505, 0.0030143625107704576], [0.09808783013911368, 0.06049797287349649, 0.0030326672975758543, 0.006592425511282192, 0.828756436880956, 0.0030326672975758543], [0.8728763266064128, 0.06883070357146832, 0.003013341504648506, 0.0069669518747413894, 0.04529933493808044, 0.003013341504648506], [0.8631980287435586, 0.07632763463837042, 0.0030311112281722827, 0.007535732227476903, 0.04687638193424957, 0.0030311112281722827], [0.10667838343886915, 0.07737430319898746, 0.0030712324891107126, 0.007769293099153288, 0.8020355552847688, 0.0030712324891107126], [0.8757923503710815, 0.0655334283224554, 0.0030106672658195806, 0.007053134547810796, 0.04559975222701314, 0.0030106672658195806], [0.8917713231870346, 0.054657977281309285, 0.0030053940631306715, 0.006248258980142264, 0.04131165242525253, 0.0030053940631306715], [0.050020390141333915, 0.036726957790381404, 0.0030356620301044907, 0.004556950740060298, 0.9026243772680155, 0.0030356620301044907], [0.05125228466440761, 0.03927389993185545, 0.00304124542126581, 0.004565616214634347, 0.8988257083465709, 0.00304124542126581], [0.8824669801601316, 0.0616338771758481, 0.0030050812062166997, 0.006597198869363137, 0.04329178138222384, 0.0030050812062166997], [0.8689361224832852, 0.07320708547932074, 0.0030194640212020357, 0.006976056522769415, 0.04484180747222053, 0.0030194640212020357], [0.8653630911396228, 0.07450983693347618, 0.0030270858005397726, 0.007115550854736126, 0.04695734947108533, 0.0030270858005397726], [0.8996229303880303, 0.02158885326729298, 0.02915757837522316, 0.006935512280980991, 0.03968107872775678, 0.0030140469607158366], [0.9852216748768479, 0.0029556650246305434, 0.0029556650246305434, 0.0029556650246305434, 0.0029556650246305434, 0.0029556650246305434]], [[0.9852216748768479, 0.0029556650246305434, 0.0029556650246305434, 0.0029556650246305434, 0.0029556650246305434, 0.0029556650246305434], [0.03401975055140968, 0.013007654519816891, 0.012014362309680832, 0.0040187290885142606, 0.9339241742297355, 0.0030153293008428972], [0.9375062497022841, 0.034341073760035666, 0.003003203029507348, 0.0043199135658121765, 0.01782635691285335, 0.003003203029507348], [0.894558136462292, 0.0560813049399237, 0.003003023657410902, 0.0060194627592945315, 0.037335048523667994, 0.003003023657410902], [0.883234706943993, 0.06475636949739313, 0.0030026722045058446, 0.006361841505302428, 0.03964173764429984, 0.0030026722045058446], [0.8787362752409412, 0.0664201148678749, 0.0030060919543611927, 0.006536820406828128, 0.04229460557563341, 0.0030060919543611927], [0.0961705931019733, 0.06740616952921387, 0.003022499701714614, 0.006856812580137634, 0.823521425385246, 0.003022499701714614], [0.8737626113989659, 0.07052996335610721, 0.0030110127460973445, 0.007019252552471291, 0.04266614720026093, 0.0030110127460973445], [0.09941769169505969, 0.06895329474969158, 0.003032093078460426, 0.0072042613626554074, 0.8183605660356724, 0.003032093078460426], [0.8771563086696763, 0.06674696029902884, 0.003007728900982812, 0.006712774687717053, 0.043368498541612344, 0.003007728900982812], [0.8552247585567664, 0.06438191364738778, 0.0030015394798271477, 0.006651877634427509, 0.06773837120176403, 0.0030015394798271477], [0.10150593579781682, 0.07036057985507582, 0.0030399258666587697, 0.007298765101967375, 0.8147548675118225, 0.0030399258666587697], [0.56404927846203, 0.15636123191230847, 0.003006267900215745, 0.012080858189719896, 0.26149609563551013, 0.003006267900215745], [0.10097928286604388, 0.07560984377270291, 0.0030615841335311493, 0.0073526654895757935, 0.8099350396046152, 0.0030615841335311493], [0.09803167618955184, 0.09536611305765581, 0.003033586127730178, 0.007141920150870528, 0.7933931183464615, 0.003033586127730178], [0.8702377241426085, 0.07143316943520023, 0.0030170825906759157, 0.0070180258962846956, 0.04527691534455455, 0.0030170825906759157], [0.884439174033227, 0.06116295156192802, 0.0030032977205385375, 0.006500802628168628, 0.041890476335599336, 0.0030032977205385375], [0.04994785647660882, 0.041182782986230626, 0.003034783253666786, 0.004641285241111338, 0.8981585087887157, 0.003034783253666786], [0.09155805707961394, 0.059199214206618674, 0.003011866372115848, 0.006538066797891193, 0.8366809291716446, 0.003011866372115848], [0.09654719276401108, 0.06527040916135288, 0.003022016028818604, 0.00680434282448952, 0.8253340231925094, 0.003022016028818604], [0.8672615702608654, 0.0718110269076798, 0.003023453389824418, 0.007262065499876739, 0.04761843055192931, 0.003023453389824418], [0.0965134253356579, 0.02519426788891965, 0.027938639598144844, 0.007701134515904444, 0.8395817630414151, 0.003070769619958099], [0.9852216748768479, 0.0029556650246305434, 0.0029556650246305434, 0.0029556650246305434, 0.0029556650246305434, 0.0029556650246305434], [0.0859977802395895, 0.021372725422829884, 0.022283177145025996, 0.006463483300639134, 0.8608432226140447, 0.0030396112778707895], [0.892613412424548, 0.05248456085070196, 0.0030093264026372643, 0.006033003526608739, 0.04285037039286682, 0.0030093264026372643], [0.8792472776931258, 0.06841705657207016, 0.0030228046957157684, 0.005921801834469442, 0.04036825450890306, 0.0030228046957157684], [0.8720077898060058, 0.05797952674843888, 0.003034295646943458, 0.020110550166937052, 0.0438335419847314, 0.003034295646943458], [0.8695112250875228, 0.05972254419523515, 0.0030327260894384366, 0.02075453533135249, 0.04394624320701277, 0.0030327260894384366], [0.5795186906820862, 0.1144472987586043, 0.0030041334464863713, 0.011311024360851605, 0.28871471930548515, 0.0030041334464863713], [0.8716547361129039, 0.06869226085894721, 0.0030157917831303677, 0.007140987675297785, 0.046480431786590344, 0.0030157917831303677], [0.13616787165943556, 0.07054297195684821, 0.0030360753388797884, 0.007588409758019449, 0.7796285959479371, 0.0030360753388797884], [0.8560451321282773, 0.0610199384052004, 0.0030004314732182576, 0.006845604211490056, 0.07008846230859586, 0.0030004314732182576], [0.8914357450905865, 0.0547963719764175, 0.0030054707752967206, 0.006249303470783007, 0.04150763791161958, 0.0030054707752967206], [0.04898726140456823, 0.03651363418882437, 0.0030309682202533587, 0.004549577406448455, 0.9038875905596522, 0.0030309682202533587], [0.9356481805912756, 0.03358802400671252, 0.0030090095576000148, 0.004328811330290707, 0.02041696495652111, 0.0030090095576000148], [0.002955665024630542, 0.002955665024630542, 0.002955665024630542, 0.002955665024630542, 0.002955665024630542, 0.9852216748768474], [0.09812524079089252, 0.057728924800237516, 0.003025960404075463, 0.006579780711433688, 0.8315141328892853, 0.003025960404075463], [0.8812338998330357, 0.06320368119501191, 0.0030055107730183866, 0.0063926314093569435, 0.04315876601655881, 0.0030055107730183866], [0.9158790825403786, 0.01961295949469303, 0.021182727100777572, 0.005735223692024017, 0.03457517653138556, 0.0030148306407411793], [0.9852216748768479, 0.0029556650246305434, 0.0029556650246305434, 0.0029556650246305434, 0.0029556650246305434, 0.0029556650246305434]], [[0.9852216748768479, 0.0029556650246305434, 0.0029556650246305434, 0.0029556650246305434, 0.0029556650246305434, 0.0029556650246305434], [0.9525004101648613, 0.013549808296179324, 0.012805106642531545, 0.003738518865802628, 0.014398917297452105, 0.0030072387331730034], [0.9028370255107422, 0.050381231510566296, 0.003009432958496102, 0.006031706919621394, 0.034731170142077904, 0.003009432958496102], [0.8877831975150479, 0.0609393415800617, 0.0030018599464821283, 0.006020679810528512, 0.03925306120139763, 0.0030018599464821283], [0.8787137891829814, 0.06665134835552493, 0.003006222977372095, 0.006453909357909701, 0.04216850714883993, 0.003006222977372095], [0.5966554078485942, 0.12161227146513835, 0.0030062766997496597, 0.011197399487732003, 0.2645223677990361, 0.0030062766997496597], [0.09867019915428336, 0.07386500605904954, 0.0030370711076640666, 0.007356457558443309, 0.8140341950128956, 0.0030370711076640666], [0.10006460286001585, 0.07334991418638394, 0.003040101253786586, 0.007331489837785711, 0.8131737906082414, 0.003040101253786586], [0.5898036093172576, 0.13219824023094673, 0.003019175669119814, 0.011793404907343503, 0.2601663942062125, 0.003019175669119814], [0.873901103647757, 0.06780863534981707, 0.0030125122916940133, 0.006838781840881775, 0.045426454578156215, 0.0030125122916940133], [0.8764082148042087, 0.06614290666447732, 0.003009221697200012, 0.006839972664535314, 0.04459046247237876, 0.003009221697200012], [0.8550035012694053, 0.0646052554487791, 0.0030017258211826763, 0.006569333849516197, 0.06781845778993421, 0.0030017258211826763], [0.8713442349510391, 0.06917046590061188, 0.0030165725874001133, 0.006949255308130137, 0.04650289866541882, 0.0030165725874001133], [0.09853275987111196, 0.07333654868933914, 0.0030480370526584388, 0.00711169757566835, 0.8149229197585637, 0.0030480370526584388], [0.8704614111708492, 0.07287176310336516, 0.003023683129704241, 0.006849316460724545, 0.043770143005652636, 0.003023683129704241], [0.1081796565744884, 0.0760648672525181, 0.003074245541342497, 0.00742938579906284, 0.8021775992912457, 0.003074245541342497], [0.12999786893176501, 0.07460827257898694, 0.003029565616061266, 0.007318438067640297, 0.7820162891894853, 0.003029565616061266], [0.8830004800440532, 0.0616150229090271, 0.0030043827545537835, 0.006580176147859167, 0.04279555538995283, 0.0030043827545537835], [0.8882579040927323, 0.05711620465252163, 0.003004671133456513, 0.0063773071789787784, 0.04223924180885425, 0.003004671133456513], [0.1063214079118445, 0.06265541945529056, 0.00305088132638845, 0.007302281184371969, 0.8176191287957162, 0.00305088132638845], [0.6169198467750696, 0.026757049918204052, 0.05278722889546194, 0.013709825700153605, 0.286823131896597, 0.0030029168145139585], [0.9852216748768479, 0.0029556650246305434, 0.0029556650246305434, 0.0029556650246305434,