{"prediction": [[[0.9152233508383183, 0.010363124488508823, 0.010363124488508823, 0.010363124488508823, 0.043324151207646364, 0.010363124488508823], [0.9138305510558443, 0.01464484156962, 0.010319465207541817, 0.010319465207541817, 0.04056621175191035, 0.010319465207541817], [0.9157093880579166, 0.01392563723684279, 0.010295840906164342, 0.010295840906164342, 0.03947745198674772, 0.010295840906164342], [0.9084983672206743, 0.013902546123652538, 0.010434552451475582, 0.010434552451475582, 0.04629542930124631, 0.010434552451475582], [0.8988649933760434, 0.01338683904792807, 0.010661944242614378, 0.010661944242614378, 0.055762334848185324, 0.010661944242614378], [0.882028550459677, 0.014806558030893074, 0.011082002052209737, 0.011082002052209737, 0.0699188853528007, 0.011082002052209737], [0.886049169309026, 0.015763941570117918, 0.010943717401765687, 0.010943717401765687, 0.0653557369155589, 0.010943717401765687], [0.8930281270552316, 0.01651283904837791, 0.010742024920771592, 0.010742024920771592, 0.058232959134075765, 0.010742024920771592], [0.8962252115435989, 0.01568054868967, 0.010678834036158014, 0.010678834036158014, 0.056057737658256994, 0.010678834036158014], [0.8866950278969001, 0.01606045562087728, 0.01091913744790224, 0.01091913744790224, 0.06448710413851608, 0.01091913744790224], [0.8838372997283347, 0.017850104950347223, 0.010957592803260259, 0.010957592803260259, 0.06543981691153737, 0.010957592803260259], [0.8805139432325197, 0.017582648283398467, 0.01105797381773211, 0.01105797381773211, 0.0687294870308855, 0.01105797381773211], [0.8763307238810799, 0.01673252341501159, 0.011202591383636487, 0.011202591383636487, 0.07332897855299915, 0.011202591383636487], [0.9037909824439732, 0.014700564256319477, 0.009999276590346537, 0.009999276590346537, 0.0515106235286679, 0.009999276590346537], [0.9032975243230383, 0.014585812943843875, 0.009999291474938264, 0.009999291474938264, 0.052118788308303035, 0.009999291474938264], [0.9062055029457992, 0.01603889923468429, 0.010446059472819475, 0.010446059472819475, 0.04641741940105806, 0.010446059472819475], [0.900473526940685, 0.01559575723282574, 0.010579313589449642, 0.010579313589449642, 0.05219277505814034, 0.010579313589449642], [0.896183340168827, 0.014988269300844709, 0.010694000798024272, 0.010694000798024272, 0.05674638813625552, 0.010694000798024272], [0.8805223981964699, 0.016341056607674678, 0.01108767022742082, 0.01108767022742082, 0.06987353451359275, 0.01108767022742082], [0.874430635546218, 0.016438171467007864, 0.011268465956662433, 0.011268465956662433, 0.07532579511678682, 0.011268465956662433], [0.8738713070090494, 0.017771707503701953, 0.011251421402134403, 0.011251421402134403, 0.07460272128084539, 0.011251421402134403], [0.8541413576369589, 0.016638543400979634, 0.01194033483372551, 0.01194033483372551, 0.09339909446088496, 0.01194033483372551], [0.8915524872581033, 0.01634371572110382, 0.010782999476509972, 0.010782999476509972, 0.059754798591262995, 0.010782999476509972], [0.8888950536827063, 0.016626394254215658, 0.010846683293944526, 0.010846683293944526, 0.061938502181244415, 0.010846683293944526], [0.8992937097666399, 0.01319406506352254, 0.01065544615373003, 0.01065544615373003, 0.055545886708647504, 0.01065544615373003], [0.9065416945898084, 0.010595278352711185, 0.009999295898854448, 0.009999295898854448, 0.05286513936091717, 0.009999295898854448], [0.9057383882385484, 0.012558832731917248, 0.00999927183029193, 0.00999927183029193, 0.05170496353865854, 0.00999927183029193], [0.9076177875335951, 0.01330773244522687, 0.009999209264537547, 0.009999209264537547, 0.049076852227565436, 0.009999209264537547], [0.8920952000747209, 0.017162531437865877, 0.01075199213519545, 0.01075199213519545, 0.05848629208182708, 0.01075199213519545], [0.8933190219554257, 0.016085608254170984, 0.010743227506272055, 0.010743227506272055, 0.058365687271587065, 0.010743227506272055], [0.8897694262618923, 0.01567149783768421, 0.01084446890498491, 0.01084446890498491, 0.06202566918546883, 0.01084446890498491], [0.8889850060205777, 0.016713148075419317, 0.01084255591327704, 0.01084255591327704, 0.06177417816417174, 0.01084255591327704], [0.8914378258807795, 0.015834671951396668, 0.010797020627598538, 0.010797020627598538, 0.06033644028502825, 0.010797020627598538], [0.8908949907561404, 0.01638920720910802, 0.010799409874761431, 0.010799409874761431, 0.060317572410467236, 0.010799409874761431], [0.8771555120885577, 0.01769194025154562, 0.011154399553315434, 0.011154399553315434, 0.07168934899995034, 0.011154399553315434], [0.8676818102823638, 0.01445529692113191, 0.011540937530663545, 0.011540937530663545, 0.08324008020451365, 0.011540937530663545], [0.8733146951912435, 0.016314160494017262, 0.011307262604269702, 0.011307262604269702, 0.07644935650193013, 0.011307262604269702], [0.8823424602482878, 0.01801835360688469, 0.010997529223733657, 0.010997529223733657, 0.06664659847362658, 0.010997529223733657], [0.8857674904202174, 0.02049292363847445, 0.013874592118403854, 0.010781228441786268, 0.05830253693933181, 0.010781228441786268], [0.9131332918695748, 0.013347334213360805, 0.013028803756929112, 0.010310292717050883, 0.039869984726033536, 0.010310292717050883]], [[0.9106230087921187, 0.015020641989722769, 0.010374178532983632, 0.010374178532983632, 0.043233813619207764, 0.010374178532983632], [0.03304397778601638, 0.02030516730342112, 0.01556192832643892, 0.010117619025906755, 0.9108536885323101, 0.010117619025906755], [0.030400388181035243, 0.021690679236586283, 0.015529113491014648, 0.010095773297953135, 0.9121882724954576, 0.010095773297953135], [0.0609441402936121, 0.029089022143015175, 0.025586449681092735, 0.011413910000602096, 0.8625898652439036, 0.010376612637774334], [0.08170453722822395, 0.03362963418282126, 0.02556252119186629, 0.011403235693463552, 0.8373400282231991, 0.010360043480425877], [0.8978224219417089, 0.03490838700607359, 0.025510321058227682, 0.01156639706960352, 0.019828175686229067, 0.010364297238157186], [0.8879913708664025, 0.038969412134133595, 0.025445012868022254, 0.011536786291358556, 0.025729587297904664, 0.01032783054217843], [0.8639960356152713, 0.043781778013651546, 0.03288862208432951, 0.014202760083551575, 0.034396340523266934, 0.010734463679929182], [0.8725679906703289, 0.03943289795590569, 0.03301091922712572, 0.014255573393078036, 0.029949879149870868, 0.010782739603690868], [0.8536461884468785, 0.046916235160546486, 0.03275695444025262, 0.014145900177569634, 0.04184317264560073, 0.010691549129152043], [0.12111786042937821, 0.0474026235848277, 0.0343317305746605, 0.014535327497119617, 0.7718250966771514, 0.010787361236862447], [0.8695693993364731, 0.04315692379165421, 0.03296154911233348, 0.014234253196266705, 0.02931846745642156, 0.010759407106850985], [0.8591560440835599, 0.039074753660720524, 0.032862722047958634, 0.01419157530354505, 0.04397489700131157, 0.010740007902904268], [0.8909525879452591, 0.03576844520653464, 0.027519095590175933, 0.01188395989314538, 0.023875999980924902, 0.009999911383960069], [0.10099704828615569, 0.047073723388435615, 0.028535178519073633, 0.012081190861719897, 0.8013129503656344, 0.009999908578980891], [0.08073394861254522, 0.03934954182694075, 0.034763639745607595, 0.014718188691229045, 0.8195038076324422, 0.010930873491235216], [0.09452222213314036, 0.04738551974308711, 0.03444725523570325, 0.014584238191516417, 0.7982327624241127, 0.0108280022724402], [0.08796450364447093, 0.03731863246306033, 0.02553057456809324, 0.011388984560808816, 0.8274432783443387, 0.010354026419227913], [0.8608186966686847, 0.04945183276015745, 0.03280589680627853, 0.014167035653565111, 0.032050171366957786, 0.01070636674435648], [0.8696954516420067, 0.04390330418618453, 0.032947348214423744, 0.01422812062113278, 0.02846746812306317, 0.01075830721318924], [0.8492577473845778, 0.0553675604595901, 0.03377662771439538, 0.014126313544288775, 0.03682733243968389, 0.010644418457464114], [0.8704068425090281, 0.0419520191380343, 0.03295735719014721, 0.0142324429390614, 0.029685115290096206, 0.010766222933632715], [0.8494317939730432, 0.04362540182159912, 0.03275077190194373, 0.014143230284374255, 0.049348729466285886, 0.010700072552753816], [0.11144629511657912, 0.03499181849607997, 0.034619549132011956, 0.01465718377761658, 0.7933981557219774, 0.01088699775573502], [0.8663128822658003, 0.020196198383264113, 0.01142771158385109, 0.01142771158385109, 0.07920778459938227, 0.01142771158385109], [0.9020980539446112, 0.025169488180844624, 0.021333827440787666, 0.009999699185373918, 0.03139923206300859, 0.009999699185373918], [0.9090976787316214, 0.02828044193605591, 0.0213063035413344, 0.009999692779517143, 0.02131619023195409, 0.009999692779517143], [0.9063981466044494, 0.030207870270760658, 0.021295785610838575, 0.009999689469442623, 0.02209881857506615, 0.009999689469442623], [0.9204321682495648, 0.02682322015972499, 0.015204610354295642, 0.01006213977443995, 0.01741572168753478, 0.01006213977443995], [0.9188257908045863, 0.028334267119341644, 0.015220846361369505, 0.010058320358235428, 0.017502454998231772, 0.010058320358235428], [0.8866901170087098, 0.03904805565343995, 0.025441398156816085, 0.011535147378817742, 0.026959525176719703, 0.010325756625496682], [0.8869568058343754, 0.03815201817526416, 0.02546384489951888, 0.011545324747359167, 0.02755216061159798, 0.010329845731884493], [0.8873014683451091, 0.037398792170562536, 0.025476024002251945, 0.011550846760894025, 0.02793932464945336, 0.010333544071728987], [0.8599348770478105, 0.04527925699214267, 0.03287336861736037, 0.01419617296259377, 0.03700101027167429, 0.010715314108418578], [0.8717866995805278, 0.040308712349560724, 0.033007564817662136, 0.01425412481086893, 0.02986610495700572, 0.01077679348437479], [0.8401221575500415, 0.04096844066254723, 0.0328168555013206, 0.01417176810225549, 0.06120613073985397, 0.010714647443981217], [0.8654023256162328, 0.040825786569889645, 0.03294326825555324, 0.014226358714633939, 0.03585269080017798, 0.010749570043512478], [0.8578145009260582, 0.047272670263544855, 0.032850375907652565, 0.014186243694690324, 0.03717457601553801, 0.010701633192516071], [0.0863781314296307, 0.033320130361065604, 0.025602414968086396, 0.011421031987089108, 0.8329067690731287, 0.01037152218099944], [0.8975795427291201, 0.01795360774608002, 0.013664219094754628, 0.010543259576447521, 0.04971611127715026, 0.010543259576447521]], [[0.8920573920602115, 0.014082326369907975, 0.010820069798406176, 0.010820069798406176, 0.06140007217466195, 0.010820069798406176], [0.9271341882628126, 0.02554851589460163, 0.015196759228166892, 0.010048850678658672, 0.012022835257101619, 0.010048850678658672], [0.8819806182229704, 0.062274131493053546, 0.010349674625536756, 0.01305113267861225, 0.021994768354290282, 0.010349674625536756], [0.8812623378891935, 0.06356106568434922, 0.010344323846272162, 0.01304478192888433, 0.021443166805028658, 0.010344323846272162], [0.8762244657062522, 0.06541540541944205, 0.010319485434984715, 0.0130139131527632, 0.024707244851573006, 0.010319485434984715], [0.10900377252121732, 0.07436973668341186, 0.010251304305988933, 0.012996889364721662, 0.7831269928186713, 0.010251304305988933], [0.15738478719088608, 0.09035859752707087, 0.010493845865764776, 0.015033691803564531, 0.716235231746949, 0.010493845865764776], [0.8664649636669557, 0.0668290569001452, 0.01074682079321639, 0.015173443249263478, 0.030038894597202753, 0.01074682079321639], [0.8375994789872553, 0.07340662601641255, 0.010604443617413604, 0.014973038683971002, 0.05281196907753396, 0.010604443617413604], [0.8578046651670723, 0.0724523187027306, 0.010686262442819675, 0.0150877626740487, 0.033282728570509124, 0.010686262442819675], [0.8429597845027741, 0.08325225732721074, 0.010587132859651786, 0.014949042304197545, 0.03766465014651412, 0.010587132859651786], [0.1759961977748409, 0.09366615949261733, 0.010482908664741806, 0.01502072576363756, 0.6943510996394205, 0.010482908664741806], [0.607768977199188, 0.1406839579987502, 0.011491743946513339, 0.01923714362352674, 0.2093264332855084, 0.011491743946513339], [0.8462103646148451, 0.08130643732088061, 0.009999544898512009, 0.012313029679274678, 0.04017107858797562, 0.009999544898512009], [0.8843651630310048, 0.059659391832219674, 0.009999632064177767, 0.012620765191287983, 0.02335541581713213, 0.009999632064177767], [0.8157622889727035, 0.09394915462553143, 0.01046077908077022, 0.014773458105943346, 0.054593540134281304, 0.01046077908077022], [0.8611437009246999, 0.07321314130308768, 0.010703543260336049, 0.015113403346922624, 0.02912266790461779, 0.010703543260336049], [0.8357877161343048, 0.08563851901620677, 0.0105504019751975, 0.014898064027206321, 0.04257489687188708, 0.0105504019751975], [0.851188584658437, 0.07678534069835233, 0.010642142598729445, 0.015026104198587834, 0.03571568524716398, 0.010642142598729445], [0.1613616613442538, 0.08719634494026385, 0.01068494804250787, 0.015303391113377673, 0.7147687065170889, 0.01068494804250787], [0.06700087032339846, 0.056532514215794485, 0.011043061364473384, 0.015812748401904952, 0.8385677443299553, 0.011043061364473384], [0.14130393878020447, 0.07548394614175258, 0.0106072666233721, 0.015191236950263948, 0.7468063448810348, 0.0106072666233721], [0.621553714743665, 0.11379547507546514, 0.01156330081541233, 0.019348389523905645, 0.2221758190261395, 0.01156330081541233], [0.8468640096896356, 0.06410225476349213, 0.010674674241695381, 0.015069972302833613, 0.052614414760647876, 0.010674674241695381], [0.8764488102972667, 0.033860800436152715, 0.03310375412484747, 0.01429566360349617, 0.03147371293373647, 0.010817258604500496], [0.8923742793618469, 0.015217148156857221, 0.009999581121305386, 0.009999581121305386, 0.06240982911737971, 0.009999581121305386], [0.9068324667888543, 0.029180000455802664, 0.02127587452096404, 0.00999968870903777, 0.022712280816303478, 0.00999968870903777], [0.08608224469847515, 0.04758693608689705, 0.009999512884940115, 0.01095107694627527, 0.8353807164984722, 0.009999512884940115], [0.8692374259103527, 0.06677464765690781, 0.010293084805097044, 0.01297974272404337, 0.03042201409850206, 0.010293084805097044], [0.8622883319905724, 0.07156980136059996, 0.010260725808972308, 0.0129397899284386, 0.03268062510244445, 0.010260725808972308], [0.8668945077607838, 0.06674080970558663, 0.010287617249597867, 0.012973427620311773, 0.0328160204141222, 0.010287617249597867], [0.8625966354701226, 0.06895586936521528, 0.010270952477978537, 0.012953354160042086, 0.03495223604866321, 0.010270952477978537], [0.14601804087878217, 0.07593197061407361, 0.010598762365086067, 0.015181720069236421, 0.7416707437077357, 0.010598762365086067], [0.8658819655807579, 0.06609169690988666, 0.010745083267886138, 0.015171419376433943, 0.031364751597149236, 0.010745083267886138], [0.8397877288869194, 0.06456248712272715, 0.010656809506292865, 0.015046869342033831, 0.05928929563573384, 0.010656809506292865], [0.6388516671297375, 0.09644893610110547, 0.011599951995834724, 0.019412433967692336, 0.22208705880979518, 0.011599951995834724], [0.8446036017047224, 0.059994952324281925, 0.010692852929292377, 0.015098484673655821, 0.058917255438755235, 0.010692852929292377], [0.8679306170066844, 0.061161074863597585, 0.010971293168897727, 0.015490323399050515, 0.03347539839287203, 0.010971293168897727], [0.8570321047061716, 0.04815273054386143, 0.03284270241705101, 0.014182929942422503, 0.03709334564396601, 0.010696186746527418], [0.886619836363723, 0.01650921597427091, 0.010911738710701422, 0.010911738710701422, 0.06413573152990197, 0.010911738710701422]], [[0.8854027759865182, 0.014972147492028095, 0.010980900253792421, 0.010980900253792421, 0.06668237576007652, 0.010980900253792421], [0.8987278865387603, 0.03393073940885605, 0.025512522876160303, 0.011567395375364768, 0.01989159457272816, 0.01036986122813036], [0.07331938976947856, 0.06518567639009493, 0.010324693010365362, 0.013088035662549303, 0.8277575121571463, 0.010324693010365362], [0.09754426723782017, 0.07371200328340341, 0.010248474211873715, 0.012995128291262894, 0.7952516527637661, 0.010248474211873715], [0.8504061341164032, 0.08150340263223547, 0.010205467775455864, 0.012872022723161848, 0.03480750497728784, 0.010205467775455864], [0.8272295534665833, 0.09657425303547928, 0.010487098979831333, 0.014810262769430338, 0.04041173276884431, 0.010487098979831333], [0.857365965544743, 0.07821380563894988, 0.010867160416321667, 0.01534493045573514, 0.027340977527928693, 0.010867160416321667], [0.8137983930559923, 0.09434177200703668, 0.01045521524157308, 0.014768289253643454, 0.05618111520018129, 0.01045521524157308], [0.5793910712816608, 0.14980600033200536, 0.011363241224560389, 0.01902775364276393, 0.2290486922944493, 0.011363241224560389], [0.8134075765276054, 0.09083118318702844, 0.01047126155013733, 0.014788057276553213, 0.06003065990853828, 0.01047126155013733], [0.8557909931712809, 0.07848322967932637, 0.010663565142848002, 0.01505658534861271, 0.02934206151508375, 0.010663565142848002], [0.8138556037554922, 0.10339876855047053, 0.010421533416996278, 0.014719819228448349, 0.04718274163159647, 0.010421533416996278], [0.22778584508826077, 0.12688778151750402, 0.010328419601217529, 0.014805630693741358, 0.6098639034980587, 0.010328419601217529], [0.08696455515555486, 0.07196549348200772, 0.00999959607631565, 0.012673665371048021, 0.8083970938387581, 0.00999959607631565], [0.8323582929227553, 0.08388425970363353, 0.009999530700479578, 0.012264297110881764, 0.051494088861770516, 0.009999530700479578], [0.5930190162953578, 0.1454209622943944, 0.011151187390519348, 0.018670951678087928, 0.22058669495112096, 0.011151187390519348], [0.8151285423983999, 0.08837186011803767, 0.010486225978961965, 0.014808184007937646, 0.06071896151770086, 0.010486225978961965], [0.8667203282754772, 0.0654850549710913, 0.010751194338280298, 0.015178592050068619, 0.031113636026802328, 0.010751194338280298], [0.8129988104420788, 0.0915005850686996, 0.010637137380543591, 0.01502102923280949, 0.059205300495324964, 0.010637137380543591], [0.5800271339635474, 0.13574886850887968, 0.011474727968615381, 0.019206917666056297, 0.2420676239242858, 0.011474727968615381], [0.813323655218941, 0.09360590153378669, 0.01056595499402487, 0.014920634317053942, 0.057017898942168556, 0.01056595499402487], [0.8626185491412464, 0.06991593160434366, 0.01071824743633536, 0.015131721624229627, 0.030897302757509813, 0.01071824743633536], [0.808628954903255, 0.09841753878105243, 0.010427855927096295, 0.014725166927142635, 0.05737262753435734, 0.010427855927096295], [0.8389149124311176, 0.08202005367356358, 0.010573725867256882, 0.014929345146054368, 0.042988237014750685, 0.010573725867256882], [0.8441168425054395, 0.043751868700675364, 0.03278169023753054, 0.014156582187698023, 0.054498021952207945, 0.010694994416448694], [0.8775253044367765, 0.01508560139824658, 0.01006763372222971, 0.01006763372222971, 0.07718619299828773, 0.01006763372222971], [0.8992940703884469, 0.02947334256459152, 0.021283376168542884, 0.009999689283085459, 0.02994983231224777, 0.009999689283085459], [0.8876504825554311, 0.054070262187167484, 0.009999496376950693, 0.010842613351734837, 0.027437649151765227, 0.009999496376950693], [0.11783763667743889, 0.06984515456237, 0.010287833313012236, 0.01304202368534191, 0.7786995184488248, 0.010287833313012236], [0.911718835763784, 0.041097422880984974, 0.010029368733064281, 0.010029368733064281, 0.017095635156038243, 0.010029368733064281], [0.8673017742256985, 0.06838376109980787, 0.010282931813123609, 0.012967873429867714, 0.030780727618378658, 0.010282931813123609], [0.862591034048126, 0.07560882946880476, 0.010249998643476437, 0.012928730928374557, 0.028371408267741854, 0.010249998643476437], [0.8608264739934334, 0.0751985656257718, 0.010246142241767507, 0.012923258588272707, 0.030559417308987268, 0.010246142241767507], [0.836515133554888, 0.08956828145312207, 0.010542968451234893, 0.014889751426388287, 0.03794089666313169, 0.010542968451234893], [0.849320856483515, 0.0777513515664065, 0.010630693113766609, 0.015010759689999403, 0.03665564603254594, 0.010630693113766609], [0.8273683637715028, 0.07830649559382445, 0.010557946595591818, 0.014910452647021791, 0.05829879479646723, 0.010557946595591818], [0.8705776121582903, 0.06166301743505149, 0.010985649014010956, 0.015513495601315227, 0.03027457677732089, 0.010985649014010956], [0.8399748495625777, 0.06916760970762552, 0.010819430413995393, 0.015278081574189343, 0.053940598327616815, 0.010819430413995393], [0.8706878847262635, 0.04030713593073428, 0.03300572571087711, 0.014253330603304729, 0.03097402091102019, 0.010771902117800249], [0.8720238294230767, 0.017765813714930235, 0.011309586079437595, 0.011309586079437595, 0.07628159862368049, 0.011309586079437595]], [[0.8810155704416349, 0.015730003533273265, 0.011088293243263882, 0.011088293243263882, 0.06998954629530013, 0.011088293243263882], [0.06879312884498845, 0.03310443614425846, 0.02553913903211396, 0.011392805099521862, 0.8508206430349078, 0.01034984784420945], [0.09495842256831787, 0.07536082561821177, 0.010239945531588811, 0.012983341323954893, 0.7962175194263379, 0.010239945531588811], [0.8317008481421637, 0.09539159038418786, 0.010508910993994588, 0.014840824859587464, 0.03704891462607168, 0.010508910993994588], [0.8100569404807626, 0.11117928034154835, 0.010388928142589751, 0.014674651703723774, 0.043311271188785895, 0.010388928142589751], [0.11679269066728806, 0.10182767829776991, 0.010652930465399035, 0.015258427282645077, 0.7448153428214989, 0.010652930465399035], [0.7904520357902556, 0.12342688764125408, 0.010449119184844547, 0.014760154331905893, 0.050462683866895265, 0.010449119184844547], [0.14328189884203954, 0.09254527026144126, 0.010486954086251922, 0.01502167237226543, 0.7281772503517498, 0.010486954086251922], [0.7833310855622037, 0.12854649115327893, 0.010414007421591128, 0.014710640901382195, 0.052583767539952996, 0.010414007421591128], [0.17179642386051894, 0.09949410170414431, 0.010599596416907334, 0.015182173777384771, 0.6923281078241373, 0.010599596416907334], [0.7881378762529879, 0.11873048688885735, 0.010312674888851237, 0.01456682563418119, 0.05793946144627112, 0.010312674888851237], [0.8132586279692291, 0.11497622005556538, 0.01039545398870003, 0.014680742763664306, 0.036293501234141046, 0.01039545398870003], [0.10363265757915245, 0.1125049288005228, 0.010447614188886976, 0.014965294222169799, 0.7480018910203811, 0.010447614188886976], [0.1089796913306563, 0.10603224036886014, 0.009999494647053526, 0.012313368283934978, 0.7526757107224415, 0.009999494647053526], [0.10784118322516317, 0.09244981994709521, 0.009999561843246506, 0.09279066080613009, 0.6869192123351184, 0.009999561843246506], [0.8206969881561418, 0.09213214147298376, 0.010479623208462331, 0.014797488491607483, 0.05141413546234241, 0.010479623208462331], [0.8282296471070533, 0.09560470930876636, 0.01049343826383353, 0.014817653868417867, 0.040361113188095585, 0.01049343826383353], [0.8207896558867807, 0.10029184537366626, 0.010453187119342332, 0.014761096221494203, 0.04325102827937421, 0.010453187119342332], [0.8352152629723878, 0.0912933732776633, 0.010533244649729169, 0.014872934171454664, 0.037551940279035995, 0.010533244649729169], [0.8229939547795242, 0.09067872684040716, 0.010491293041582427, 0.014813224654285827, 0.05053150764261793, 0.010491293041582427], [0.8336495976659185, 0.09568386392120229, 0.01051758420558691, 0.01485037390371049, 0.03478099609799486, 0.01051758420558691], [0.11982500005254199, 0.10378676347994242, 0.010454315109163904, 0.014973602108305393, 0.7405060041408824, 0.010454315109163904], [0.8387049940987005, 0.08724927974695333, 0.010740983660857472, 0.015163633148337593, 0.03740012568429366, 0.010740983660857472], [0.1789291350237861, 0.06887765385564909, 0.034357201142476125, 0.014546111196005197, 0.6925213056372324, 0.010768593144851093], [0.8850494579088801, 0.01965775009668005, 0.010886789358219797, 0.010886789358219797, 0.06263242391978034, 0.010886789358219797], [0.8933378061228325, 0.012955155537429612, 0.009999609713526182, 0.009999609713526182, 0.06370820919915929, 0.009999609713526182], [0.8706503982311065, 0.01758656250017062, 0.01023887400916963, 0.01023887400916963, 0.08104641724121397, 0.01023887400916963], [0.8967860670583588, 0.035480109109543946, 0.021230229357929443, 0.009999677838722994, 0.02650423879672178, 0.009999677838722994], [0.8620294474637732, 0.07109458405381656, 0.010261859145793892, 0.012942054031113986, 0.033410196159708444, 0.010261859145793892], [0.8603752864974601, 0.07455260075336291, 0.010246909799173275, 0.012923281053861663, 0.03165501209696876, 0.010246909799173275], [0.9050026409971258, 0.04783207628949321, 0.010017573858999136, 0.010017573858999136, 0.017112561136383642, 0.010017573858999136], [0.864161279444036, 0.07539211966642173, 0.01025539541722583, 0.012933570197368453, 0.027002239857722186, 0.01025539541722583], [0.8626055583204022, 0.07629987866386662, 0.010248489869632787, 0.012925753902508809, 0.027671829373956784, 0.010248489869632787], [0.11377101264586756, 0.08411897122545227, 0.010210316468878575, 0.012945054015228023, 0.768744329175695, 0.010210316468878575], [0.8114088220854541, 0.10944367452367938, 0.010397549779269327, 0.01468585558101095, 0.04366654825131689, 0.010397549779269327], [0.8638922901566876, 0.0686318667035265, 0.010728195934236896, 0.015146603852222822, 0.030872847419089338, 0.010728195934236896], [0.16590681908847657, 0.07468511358173745, 0.01060102012174405, 0.015188666815668196, 0.7230173602706296, 0.01060102012174405], [0.6196873024008117, 0.11520185428268966, 0.011711064542972046, 0.019601894086161486, 0.22208682014439304, 0.011711064542972046], [0.8526016929997225, 0.04109094911978391, 0.03282224294467589, 0.014174094638321446, 0.048593022908562426, 0.010717997388933627], [0.890794962213154, 0.013651157075108979, 0.010864370190485978, 0.010864370190485978, 0.06296077014027886, 0.010864370190485978]], [[0.8882874839180466, 0.015884573117034017, 0.01087970196573974, 0.01087970196573974, 0.06318883706770013, 0.01087970196573974], [0.8868568764274933, 0.03937764593407949, 0.026916336555566304, 0.011549619903602953, 0.02498237684200873, 0.01031714433724915], [0.8143762303383908, 0.10584731944863708, 0.010582058059744836, 0.014945100898541525, 0.043667233194940897, 0.010582058059744836], [0.8439906168570084, 0.08005565135919632, 0.010600288416721202, 0.01496700842680023, 0.039786146523552654, 0.010600288416721202], [0.8366853955758654, 0.09098501780485715, 0.010540685032838263, 0.014884482818586285, 0.03636373373501451, 0.010540685032838263], [0.15802205241372133, 0.09330865459424628, 0.010515653626385247, 0.015063926955454731, 0.7125740587838071, 0.010515653626385247], [0.5780429567077299, 0.19050178035931287, 0.01109723207712118, 0.018589279135913583, 0.19067151964280132, 0.01109723207712118], [0.8063007294939216, 0.10726969269412251, 0.010388524794853709, 0.014670104316413688, 0.05098242390583472, 0.010388524794853709], [0.1333681554180177, 0.07518666167000773, 0.010621569598929013, 0.015211620131161242, 0.7549904235829554, 0.010621569598929013], [0.7925007938417808, 0.11865452762632368, 0.010320295010058432, 0.014575764809905778, 0.0536283237018727, 0.010320295010058432], [0.5847694298188644, 0.17725850883733496, 0.011071359180157666, 0.018537991159692204, 0.19729135182379318, 0.011071359180157666], [0.7915109611939094, 0.1244343517936425, 0.010301498751593642, 0.014549662358185377, 0.04890202715107542, 0.010301498751593642], [0.12726416852691558, 0.10920061662262368, 0.01040563178959502, 0.014903827690223241, 0.7278201235810475, 0.01040563178959502], [0.7350298624031777, 0.11385503869651421, 0.009999513195998143, 0.0924170921380336, 0.03869898037027833, 0.009999513195998143], [0.6720138187381076, 0.17817689360328964, 0.009999581271196803, 0.012444425926893765, 0.1173656991893155, 0.009999581271196803], [0.8254612290906769, 0.09410531518478565, 0.010487028222730904, 0.014807384203749625, 0.04465201507532599, 0.010487028222730904], [0.8328386235305039, 0.08950418840539066, 0.010680850597936284, 0.015081237576507332, 0.04121424929172558, 0.010680850597936284], [0.12461605129710633, 0.10146382961619858, 0.010458167909919538, 0.01497830692480813, 0.7380254763420478, 0.010458167909919538], [0.8083603292912894, 0.11297328035057382, 0.010379061114685948, 0.014657793448835383, 0.04325047467992962, 0.010379061114685948], [0.8370776889453422, 0.0906363543047551, 0.010543194190864792, 0.014885215083847412, 0.03631435328432563, 0.010543194190864792], [0.12123222462711454, 0.10187081153570153, 0.010463047368681934, 0.014985169605258489, 0.7409856994945616, 0.010463047368681934], [0.08985556402887225, 0.09551483899594856, 0.010806972928740414, 0.015475365887717122, 0.7775402852299813, 0.010806972928740414], [0.7962910822799183, 0.11408233569081125, 0.010497380503484371, 0.01482273139895303, 0.053809089623348606, 0.010497380503484371], [0.8539785783094358, 0.07679777726055946, 0.010656392662498106, 0.015045018536577151, 0.03286584056843144, 0.010656392662498106], [0.11482299586294947, 0.046610308379793054, 0.03438131403400046, 0.01455632008350786, 0.7788317899485762, 0.010797271691173073], [0.8769066920039219, 0.01712063576201419, 0.01003078939841956, 0.01003078939841956, 0.07588030403880548, 0.01003078939841956], [0.8879027419148288, 0.03469861966098485, 0.021292084490704567, 0.009999687428959925, 0.036107179075562004, 0.009999687428959925], [0.09868582768853497, 0.0719356752833812, 0.00999958254447798, 0.01262663122764896, 0.796752700711479, 0.00999958254447798], [0.8585191395721149, 0.07396885666283491, 0.01024499132406135, 0.012920159608255906, 0.03410186150867167, 0.01024499132406135], [0.8624614588739398, 0.07322579255352298, 0.010255873621193732, 0.012933534060520014, 0.030867467269629863, 0.010255873621193732], [0.8542402911381228, 0.07885661986676051, 0.010220670952573006, 0.012889698481991608, 0.03357204860797893, 0.010220670952573006], [0.8465367651297522, 0.08527726023996887, 0.010187335445339334, 0.012849956605926981, 0.034961347133673326, 0.010187335445339334], [0.10864076439035249, 0.08791563877083966, 0.010186335621202917, 0.012915839215896346, 0.7701550863805057, 0.010186335621202917], [0.08651062556111506, 0.09524068605338123, 0.010150691112639392, 0.01287107131680401, 0.7850762348434209, 0.010150691112639392], [0.09147076738840636, 0.09187458912580306, 0.010162053577014695, 0.012884703660813561, 0.7834458326709476, 0.010162053577014695], [0.11660954477561983, 0.11940769064256913, 0.010369717893903146, 0.0148584086007803, 0.7283849201932245, 0.010369717893903146], [0.8517576127054475, 0.08058374780076195, 0.010637207510359127, 0.015020960440557958, 0.03136326403251438, 0.010637207510359127], [0.8280931421017356, 0.08549470890698536, 0.01070427506110603, 0.015115594668250314, 0.04988800420081677, 0.01070427506110603], [0.11999835763184878, 0.04189247155580935, 0.03450833233637537, 0.014610096942181858, 0.7781646571048385, 0.010826084428946224], [0.8737510084410878, 0.016225264762700226, 0.011295762662603353, 0.011295762662603353, 0.07613643880840196, 0.011295762662603353]], [[0.8987236450230939, 0.01547706801272166, 0.010622552123366635, 0.010622552123366635, 0.05393163059408466, 0.010622552123366635], [0.12076673194450352, 0.04632506294929475, 0.0349725521015095, 0.014806637757454392, 0.7721435783912686, 0.010985436855969227], [0.8555389701789197, 0.0683907861537845, 0.010851057888359574, 0.022097365911695477, 0.03227076197888127, 0.010851057888359574], [0.8384779402105993, 0.06974652572219771, 0.010625065108052273, 0.015003007186188843, 0.05552239666490963, 0.010625065108052273], [0.837548206043072, 0.08292439049559525, 0.010565642160066379, 0.01491899123915758, 0.04347712790204223, 0.010565642160066379], [0.1407347245044057, 0.09136400327136798, 0.010497387760773854, 0.015037677087577219, 0.7318688196151014, 0.010497387760773854], [0.802627406308577, 0.10099509590159376, 0.010502177464747551, 0.014831921268963866, 0.0605412215913703, 0.010502177464747551], [0.846317153208153, 0.08265657519119825, 0.010604564461282856, 0.014973823210074932, 0.034843319468008074, 0.010604564461282856], [0.805630098284998, 0.11076885899750384, 0.010375959336695086, 0.014655913025788588, 0.04819321101831941, 0.010375959336695086], [0.8571249579901538, 0.05257602277885187, 0.03269530807951922, 0.014119278555378357, 0.032800034330648195, 0.010684398265448746], [0.8045003024438718, 0.10847322214212755, 0.01038017224644014, 0.014660541912248469, 0.05160558900887192, 0.01038017224644014], [0.11612090766713883, 0.10426945126439187, 0.010460601828513848, 0.014984390155153977, 0.7437040472562877, 0.010460601828513848], [0.16433732319739885, 0.1281477356227537, 0.010286440905849705, 0.014743277437128631, 0.6721987819310195, 0.010286440905849705], [0.10300823331455486, 0.1607313834058024, 0.009999598051688348, 0.012681005888879965, 0.703580181287386, 0.009999598051688348], [0.1436779539985757, 0.25550370671218275, 0.009999588230300038, 0.012648843411724512, 0.5681703194169169, 0.009999588230300038], [0.5903777393657924, 0.15800749671683378, 0.01132763995293623, 0.018960942819866485, 0.2099985411916348, 0.01132763995293623], [0.8059246862408027, 0.10467303888549945, 0.010559149815909035, 0.01491074687474875, 0.053373228367130966, 0.010559149815909035], [0.14970781309605055, 0.08738433668991442, 0.010576534797905945, 0.015148249617672187, 0.726606531000551, 0.010576534797905945], [0.8111286134749647, 0.10779462445902796, 0.01040067651568205, 0.014690032681766727, 0.045585376352876385, 0.01040067651568205], [0.8024938341105649, 0.11228424510240033, 0.010363035294703433, 0.014635061670696614, 0.04986078852693145, 0.010363035294703433], [0.8298291976072553, 0.09378460033257119, 0.010681169436435248, 0.015081157309655426, 0.039942705877647554, 0.010681169436435248], [0.8177332743670876, 0.09524844539770269, 0.010460013256290342, 0.014769352575849102, 0.051328901146779904, 0.010460013256290342], [0.6169741213447278, 0.150537342076148, 0.01145801294219972, 0.019177102664672666, 0.19039540803005212, 0.01145801294219972], [0.8145851569035749, 0.0872503947031421, 0.010586507943872772, 0.014947947446618324, 0.06204348505891904, 0.010586507943872772], [0.8649616492498389, 0.04377101645819606, 0.03288112135732796, 0.014199520938239198, 0.03344851097217214, 0.010738181024225862], [0.8809930926738142, 0.02062776023057424, 0.011473659407046687, 0.009999895219322472, 0.06690569724991999, 0.009999895219322472], [0.11063540659523098, 0.05048319886184766, 0.02846221309124118, 0.012050298843316659, 0.7883689756681668, 0.009999906940196706], [0.8709618987853924, 0.06427679701793099, 0.009999600745372593, 0.012510913896871602, 0.03225118880905982, 0.009999600745372593], [0.8218460085538636, 0.09980992988836891, 0.010458313275813992, 0.014770308459750888, 0.04265712654638861, 0.010458313275813992], [0.8478887281197329, 0.084482178605686, 0.010191960671515664, 0.012856753220394968, 0.03438841871115495, 0.010191960671515664], [0.8517465759637664, 0.08456033347965164, 0.010199728682746358, 0.012864879873282569, 0.030428753317806864, 0.010199728682746358], [0.8566941688242716, 0.08200432346230217, 0.01021870487386451, 0.012888250787567498, 0.027975847178129655, 0.01021870487386451], [0.11030326035591036, 0.0951747796790963, 0.010158491079531973, 0.01288245021363857, 0.7613225275922909, 0.010158491079531973], [0.12265760018123348, 0.11070165276362973, 0.010405908612296826, 0.014908553277867855, 0.7309203765526754, 0.010405908612296826], [0.8089498700538086, 0.11659896327627171, 0.010374893807539325, 0.014654046284733272, 0.0390473327701077, 0.010374893807539325], [0.12837085643615442, 0.09438931175488774, 0.01049629138327226, 0.015035003512311667, 0.7412122455301017, 0.01049629138327226], [0.8142827336527052, 0.10754892896713812, 0.010412097484406715, 0.014707192862665027, 0.04263694954867829, 0.010412097484406715], [0.1030294829681313, 0.08021221749976279, 0.010868990415253538, 0.01556754121232065, 0.7794527774892782, 0.010868990415253538], [0.11426195635720847, 0.05202878259882378, 0.034326102732099524, 0.014532944787790469, 0.7740890400244445, 0.010761173499633377], [0.9036799308938441, 0.015125747499118786, 0.010516146584455488, 0.010516146584455488, 0.04964588185367051, 0.010516146584455488]], [[0.896495307310595, 0.015457732708396333, 0.010676805648920783, 0.010676805648920783, 0.05601654303424629, 0.010676805648920783], [0.11762980436099242, 0.03526680695121703, 0.03806587036717894, 0.014879260331109147, 0.7831005408292986, 0.011057717160203847], [0.8437709530965899, 0.03699968616988112, 0.03637191558429486, 0.014405231953619549, 0.05754699276456862, 0.010905220431045925], [0.6331007135067843, 0.0918736841464013, 0.011628314304290633, 0.019457513848324552, 0.23231145988990862, 0.011628314304290633], [0.8208843282069789, 0.046273999000175654, 0.03275667274605446, 0.01414577768641513, 0.07523788559333439, 0.010701336767041464], [0.8595448572831657, 0.041636733697576526, 0.03284392966080527, 0.014183459920497014, 0.041062262758033284, 0.01072875667992231], [0.8601988561775723, 0.04410919421044696, 0.03284758957838826, 0.014185040434609879, 0.03793885492887477, 0.010720464670107788], [0.13474567103598914, 0.044039486312127125, 0.03436663040573066, 0.014550103346332811, 0.7614874082902099, 0.010810700609610384], [0.8732838784035476, 0.042506304301776675, 0.02540603714897769, 0.011519114673603774, 0.03697499949797727, 0.01030966597411693], [0.8638637961490818, 0.021481881689136263, 0.011474030760867691, 0.011474030760867691, 0.08023222987917877, 0.011474030760867691], [0.8667311257256458, 0.041101372687473325, 0.0329072343038725, 0.014210797662265384, 0.03429599449697364, 0.01075347512376933], [0.8288663083079052, 0.05880430216622987, 0.032538685704818174, 0.014051642094176336, 0.05513439024770271, 0.010604671479167669], [0.6002384953884021, 0.07081575032021731, 0.047809864369406166, 0.018836849986480036, 0.25072365931678303, 0.011575380618711311], [0.8504862368729318, 0.049672469092859425, 0.027180727237401222, 0.011737837506226529, 0.05092283070656469, 0.009999898584016535], [0.8861319942139292, 0.03797170586595338, 0.027427557830009, 0.011844429848745208, 0.02662440345661676, 0.009999908784746533], [0.8082110428288438, 0.09367290000501172, 0.010450338160112187, 0.014759024661374251, 0.06245635618454588, 0.010450338160112187], [0.839782354919433, 0.08688692585431824, 0.01056387543349875, 0.014915462984756675, 0.03728750537449459, 0.01056387543349875], [0.8311779644970725, 0.09517896872031319, 0.010506933054164273, 0.014834994284144521, 0.037794206390141256, 0.010506933054164273], [0.10094934530140277, 0.0739044601838558, 0.010248012680275741, 0.012989166459694862, 0.7916610026944951, 0.010248012680275741], [0.8366199561211449, 0.09071680244892706, 0.0101583377625799, 0.01281084282294192, 0.03953572308182631, 0.0101583377625799], [0.8125153546785071, 0.10715078078305369, 0.01040683764414815, 0.014695572692975173, 0.04482461655716772, 0.01040683764414815], [0.8440776878849078, 0.0841587326405631, 0.01077646071036776, 0.015213759348295854, 0.03499689870549766, 0.01077646071036776], [0.8264148075739957, 0.08205521899424666, 0.010537048344401992, 0.014876598336466273, 0.05557927840648759, 0.010537048344401992], [0.838808979048608, 0.08799467740573239, 0.010556895581982903, 0.01490611886459707, 0.03717643351709686, 0.010556895581982903], [0.8019616445862314, 0.10694882090241004, 0.01038045097749879, 0.014661154148569534, 0.055667478407791404, 0.01038045097749879], [0.8618224521221705, 0.04915489220008585, 0.027129370230358888, 0.011715659284201634, 0.040177727275184864, 0.009999898887998402], [0.7829611225469033, 0.14760239276591464, 0.009999627569533315, 0.012607416238238254, 0.03682981330987717, 0.009999627569533315], [0.14463279485167896, 0.23131627934118543, 0.009999653667776347, 0.012883596446781042, 0.5911680220248018, 0.009999653667776347], [0.8210747339398363, 0.09980057834912535, 0.010626348163437438, 0.015006698414104269, 0.042865292970