{"prediction": [[[0.98500332438622, 0.002999335122756038, 0.002999335122756038, 0.002999335122756038, 0.002999335122756038, 0.002999335122756038], [0.98500332438622, 0.002999335122756038, 0.002999335122756038, 0.002999335122756038, 0.002999335122756038, 0.002999335122756038], [0.98500332438622, 0.002999335122756038, 0.002999335122756038, 0.002999335122756038, 0.002999335122756038, 0.002999335122756038], [0.98500332438622, 0.002999335122756038, 0.002999335122756038, 0.002999335122756038, 0.002999335122756038, 0.002999335122756038], [0.98500332438622, 0.002999335122756038, 0.002999335122756038, 0.002999335122756038, 0.002999335122756038, 0.002999335122756038], [0.98500332438622, 0.002999335122756038, 0.002999335122756038, 0.002999335122756038, 0.002999335122756038, 0.002999335122756038], [0.98500332438622, 0.002999335122756038, 0.002999335122756038, 0.002999335122756038, 0.002999335122756038, 0.002999335122756038], [0.98500332438622, 0.002999335122756038, 0.002999335122756038, 0.002999335122756038, 0.002999335122756038, 0.002999335122756038], [0.98500332438622, 0.002999335122756038, 0.002999335122756038, 0.002999335122756038, 0.002999335122756038, 0.002999335122756038], [0.98500332438622, 0.002999335122756038, 0.002999335122756038, 0.002999335122756038, 0.002999335122756038, 0.002999335122756038], [0.98500332438622, 0.002999335122756038, 0.002999335122756038, 0.002999335122756038, 0.002999335122756038, 0.002999335122756038], [0.98500332438622, 0.002999335122756038, 0.002999335122756038, 0.002999335122756038, 0.002999335122756038, 0.002999335122756038], [0.98500332438622, 0.002999335122756038, 0.002999335122756038, 0.002999335122756038, 0.002999335122756038, 0.002999335122756038], [0.98500332438622, 0.002999335122756038, 0.002999335122756038, 0.002999335122756038, 0.002999335122756038, 0.002999335122756038], [0.98500332438622, 0.002999335122756038, 0.002999335122756038, 0.002999335122756038, 0.002999335122756038, 0.002999335122756038], [0.98500332438622, 0.002999335122756038, 0.002999335122756038, 0.002999335122756038, 0.002999335122756038, 0.002999335122756038], [0.98500332438622, 0.002999335122756038, 0.002999335122756038, 0.002999335122756038, 0.002999335122756038, 0.002999335122756038], [0.98500332438622, 0.002999335122756038, 0.002999335122756038, 0.002999335122756038, 0.002999335122756038, 0.002999335122756038], [0.98500332438622, 0.002999335122756038, 0.002999335122756038, 0.002999335122756038, 0.002999335122756038, 0.002999335122756038], [0.98500332438622, 0.002999335122756038, 0.002999335122756038, 0.002999335122756038, 0.002999335122756038, 0.002999335122756038], [0.98500332438622, 0.002999335122756038, 0.002999335122756038, 0.002999335122756038, 0.002999335122756038, 0.002999335122756038], [0.98500332438622, 0.002999335122756038, 0.002999335122756038, 0.002999335122756038, 0.002999335122756038, 0.002999335122756038], [0.98500332438622, 0.002999335122756038, 0.002999335122756038, 0.002999335122756038, 0.002999335122756038, 0.002999335122756038], [0.98500332438622, 0.002999335122756038, 0.002999335122756038, 0.002999335122756038, 0.002999335122756038, 0.002999335122756038], [0.98500332438622, 0.002999335122756038, 0.002999335122756038, 0.002999335122756038, 0.002999335122756038, 0.002999335122756038], [0.98500332438622, 0.002999335122756038, 0.002999335122756038, 0.002999335122756038, 0.002999335122756038, 0.002999335122756038], [0.98500332438622, 0.002999335122756038, 0.002999335122756038, 0.002999335122756038, 0.002999335122756038, 0.002999335122756038], [0.98500332438622, 0.002999335122756038, 0.002999335122756038, 0.002999335122756038, 0.002999335122756038, 0.002999335122756038], [0.98500332438622, 0.002999335122756038, 0.002999335122756038, 0.002999335122756038, 0.002999335122756038, 0.002999335122756038], [0.98500332438622, 0.002999335122756038, 0.002999335122756038, 0.002999335122756038, 0.002999335122756038, 0.002999335122756038], [0.98500332438622, 0.002999335122756038, 0.002999335122756038, 0.002999335122756038, 0.002999335122756038, 0.002999335122756038], [0.98500332438622, 0.002999335122756038, 0.002999335122756038, 0.002999335122756038, 0.002999335122756038, 0.002999335122756038], [0.98500332438622, 0.002999335122756038, 0.002999335122756038, 0.002999335122756038, 0.002999335122756038, 0.002999335122756038], [0.98500332438622, 0.002999335122756038, 0.002999335122756038, 0.002999335122756038, 0.002999335122756038, 0.002999335122756038], [0.98500332438622, 0.002999335122756038, 0.002999335122756038, 0.002999335122756038, 0.002999335122756038, 0.002999335122756038], [0.98500332438622, 0.002999335122756038, 0.002999335122756038, 0.002999335122756038, 0.002999335122756038, 0.002999335122756038], [0.98500332438622, 0.002999335122756038, 0.002999335122756038, 0.002999335122756038, 0.002999335122756038, 0.002999335122756038], [0.98500332438622, 0.002999335122756038, 0.002999335122756038, 0.002999335122756038, 0.002999335122756038, 0.002999335122756038], [0.98500332438622, 0.002999335122756038, 0.002999335122756038, 0.002999335122756038, 0.002999335122756038, 0.002999335122756038], [0.98500332438622, 0.002999335122756038, 0.002999335122756038, 0.002999335122756038, 0.002999335122756038, 0.002999335122756038]], [[0.98500332438622, 0.002999335122756038, 0.002999335122756038, 0.002999335122756038, 0.002999335122756038, 0.002999335122756038], [0.8688981179637162, 0.05165493913746992, 0.0446847272862687, 0.007381247591793118, 0.024377153588952094, 0.003003814431799951], [0.8197461597966728, 0.0659320184750317, 0.06830845662897729, 0.010807421437826325, 0.032204968357260874, 0.0030009753042311016], [0.7666993567998436, 0.0770378989300398, 0.09611361127422997, 0.015147030757870038, 0.04199749399421828, 0.003004608243798369], [0.7446803360522303, 0.07855625721766055, 0.10087694460912824, 0.015614897501792423, 0.057258723490905064, 0.0030128411282834768], [0.09699047874324396, 0.07297294309639728, 0.10083459722186723, 0.013455674627399963, 0.7127420171674057, 0.0030042891436858426], [0.07557732163135064, 0.06093705339725171, 0.07078146354726446, 0.009928880243265503, 0.7797720958481152, 0.003003185332752497], [0.8860506008295604, 0.04462068109392838, 0.03600047854260009, 0.006473320068113105, 0.023853457902569784, 0.0030014615632281733], [0.98500332438622, 0.002999335122756038, 0.002999335122756038, 0.002999335122756038, 0.002999335122756038, 0.002999335122756038], [0.9301457843374121, 0.031424359612264766, 0.01954491491063603, 0.0038800353209616457, 0.011996349867338909, 0.0030085559513867064], [0.015171032106678948, 0.01795999372742464, 0.011923429564339331, 0.003001126326044167, 0.9489432919494688, 0.003001126326044167], [0.9522681996375738, 0.022544240169779326, 0.013432038817954621, 0.0030006158481826074, 0.005754289678327095, 0.0030006158481826074], [0.9507648521001519, 0.023709397637435556, 0.013867355631572814, 0.0030009321411465983, 0.00565653034854655, 0.0030009321411465983], [0.9494474664305268, 0.024151266874732395, 0.01420256069588181, 0.003012818266962566, 0.006184277540071381, 0.0030016101918252354], [0.9462294673377059, 0.024968897328650482, 0.016404793093679357, 0.003098562090947844, 0.006295776426859772, 0.0030025037221566766], [0.019805833079714626, 0.02639373726495183, 0.019178284131932104, 0.0037355501334560373, 0.9278705136434905, 0.0030160817464547607], [0.9434404205572455, 0.026524466922270833, 0.01688190977799785, 0.003204889874506998, 0.006945251168985847, 0.003003061698993037], [0.942282076479896, 0.027434951528708958, 0.01685468602355012, 0.003256483215658303, 0.007168243651520226, 0.0030035591006663327], [0.02688585549756619, 0.031014752804930386, 0.022631000133848146, 0.004134583240497016, 0.9123253999378055, 0.0030084083853527442], [0.03303716294985841, 0.0324312389461472, 0.029450242221527905, 0.0048667285842335485, 0.8972114852040802, 0.003003142094152808], [0.8828129015441943, 0.04428061290210298, 0.04366302722410807, 0.006699659973026939, 0.019543018886230567, 0.0030007794703371883], [0.08335823744242805, 0.05959525694766444, 0.07257825727576372, 0.010142608849867396, 0.7713227729940176, 0.0030028664902587137], [0.10585869416414805, 0.07523655908645509, 0.09653592395215511, 0.014387997752848708, 0.7049741941893146, 0.003006630855078456], [0.7410014776131234, 0.07734722226220912, 0.0998932618029267, 0.017847715482291256, 0.06089478353494536, 0.0030155393045041925], [0.7497182782319155, 0.07492271617125276, 0.10725826570138992, 0.017310154001773576, 0.047786549807973686, 0.003004036085694385], [0.8151391218197014, 0.06723860533048195, 0.0678200314289779, 0.011824708076925636, 0.03497704291251297, 0.0030004904314002586], [0.8701856301923009, 0.04725174547689667, 0.04462013504608613, 0.0084169663805632, 0.026520847973023762, 0.0030046749311294137], [0.885956861805716, 0.04294157576358086, 0.0391554886273524, 0.007173834574943932, 0.021771226317818432, 0.0030010129105884444], [0.07412470011642877, 0.05168128700147744, 0.05569158328007909, 0.009436269758858383, 0.8060441715286959, 0.0030219883144604535], [0.7938755961400553, 0.07204893796576686, 0.08066553585530369, 0.013625003090112183, 0.03678446965387375, 0.003000457294888315], [0.13014284362909595, 0.09519835523299032, 0.13903594823066695, 0.021693005620671953, 0.610880476456817, 0.00304937082975787], [0.14988797897112477, 0.08970754238786115, 0.12372826158690511, 0.020051940041878272, 0.6135721862551051, 0.003052090757125573], [0.7325177788844024, 0.08135309573999137, 0.11343548468054163, 0.019656312850420275, 0.050020249006895945, 0.0030170788377483788], [0.8063907178613363, 0.06746121689054434, 0.07018097999334094, 0.013556909006487419, 0.03940941312975471, 0.003000763118536364], [0.8670685405944522, 0.04719778227853146, 0.04860124365608112, 0.008500436015008196, 0.025627771759454687, 0.0030042256964725135], [0.0539938850267969, 0.03820961244144073, 0.03132894944969793, 0.00631477065026055, 0.8671487656002311, 0.0030040168315728115], [0.8955675447906999, 0.04058238353126216, 0.03550712245236461, 0.006513053193616344, 0.01882973467513036, 0.003000161356926524], [0.9059450441762307, 0.03823290909951673, 0.030730501906822867, 0.0057453095457591745, 0.016345200643462378, 0.003001034628208242], [0.9345085829117974, 0.029664673734327532, 0.018355573978904683, 0.003864368712972434, 0.010598858030577564, 0.0030079426314204454], [0.98500332438622, 0.002999335122756038, 0.002999335122756038, 0.002999335122756038, 0.002999335122756038, 0.002999335122756038]], [[0.98500332438622, 0.002999335122756038, 0.002999335122756038, 0.002999335122756038, 0.002999335122756038, 0.002999335122756038], [0.8435938415124249, 0.05898651575726901, 0.059346231408481186, 0.008761130734197074, 0.02630680194868561, 0.0030054786389423094], [0.7762148989997413, 0.17288353605652004, 0.003004183436581509, 0.009660903964058025, 0.03523229410651762, 0.003004183436581509], [0.725201443190934, 0.19443072910605405, 0.00301293833933731, 0.0132059277328681, 0.06113602329146917, 0.00301293833933731], [0.45864224763905503, 0.29101759827469886, 0.003004139006356423, 0.019926780101506437, 0.22440509597202685, 0.003004139006356423], [0.7307041638623293, 0.19661540767197702, 0.0030114282800959057, 0.012313416096133477, 0.0543441558093684, 0.0030114282800959057], [0.08323165060406729, 0.16692663250720727, 0.0030023283997816725, 0.010175774407433398, 0.7336612856817287, 0.0030023283997816725], [0.839309760370637, 0.053374342032581124, 0.06213217561566534, 0.009298254604540817, 0.03288121883930867, 0.003004248537267038], [0.98500332438622, 0.002999335122756038, 0.002999335122756038, 0.002999335122756038, 0.002999335122756038, 0.002999335122756038], [0.029698418168789178, 0.02859349583584864, 0.025552438282888564, 0.004472748115957828, 0.908676263955329, 0.0030066356411868607], [0.9262784010590516, 0.05370386532785326, 0.0030117273943552534, 0.0041391213981623225, 0.009855157426222371, 0.0030117273943552534], [0.9405708417980755, 0.04389599913823258, 0.0030030270280551603, 0.003041645041642777, 0.006485459965938961, 0.0030030270280551603], [0.9384719438925316, 0.04541896390489952, 0.003003810110874687, 0.0032885421867782775, 0.006812929794041235, 0.003003810110874687], [0.9129953448868877, 0.06597562090750192, 0.003005831390345532, 0.0043763205846314365, 0.010641050840287896, 0.003005831390345532], [0.9045590251845069, 0.07366975598499566, 0.003004224221234422, 0.004556021090341082, 0.011206749297687358, 0.003004224221234422], [0.02736431462113896, 0.05885183790730266, 0.0030127076798685992, 0.00442677335766946, 0.9033316587541518, 0.0030127076798685992], [0.9091309224866068, 0.0681364793789329, 0.0030052679184531766, 0.004741573000959333, 0.01198048929659474, 0.0030052679184531766], [0.9062621573613217, 0.06933179233417476, 0.00300410713471259, 0.005116344537203436, 0.013281491497875062, 0.00300410713471259], [0.8974517914083928, 0.07551822374370308, 0.0030020713837269086, 0.005654311347159955, 0.01537153073329035, 0.0030020713837269086], [0.03943019615755535, 0.08016256598706045, 0.0030020934098021652, 0.005470135845524921, 0.868932915190255, 0.0030020934098021652], [0.8337732329526771, 0.12762369585402897, 0.0030088708221583387, 0.007334437687736716, 0.025250891861240486, 0.0030088708221583387], [0.7733573714668636, 0.17264094862831816, 0.003003507020457378, 0.010292809925298253, 0.0377018559386053, 0.003003507020457378], [0.7024954248510699, 0.22037053409084853, 0.003023668264584601, 0.013685529119112312, 0.05740117540980014, 0.003023668264584601], [0.4425120533671398, 0.3096892521383618, 0.0030014325781748306, 0.020654958167625134, 0.22114087117052367, 0.0030014325781748306], [0.7059005345628416, 0.21950048126245145, 0.003007289781330388, 0.014105725190059756, 0.054478679421986524, 0.003007289781330388], [0.10568913494769921, 0.16044629434475657, 0.0030022524918398214, 0.011766026518619306, 0.7160940392052453, 0.0030022524918398214], [0.8216040863466338, 0.1278650522244657, 0.0030025242450813674, 0.009225168333805125, 0.035300644604932555, 0.0030025242450813674], [0.07274773250365148, 0.10227732310210931, 0.003009282536596319, 0.008601861442648098, 0.8103545178783985, 0.003009282536596319], [0.7960294911438857, 0.14786836190748223, 0.0030007952514791328, 0.010118366405060045, 0.03998219004061366, 0.0030007952514791328], [0.714634144964769, 0.21068305431307868, 0.0030175623115423853, 0.014788907155142257, 0.053858768943925404, 0.0030175623115423853], [0.14781790209005727, 0.2532314548585297, 0.003059267626726578, 0.017100975006954355, 0.5757311327910056, 0.003059267626726578], [0.419966656464881, 0.34687945692458033, 0.0030222529190537225, 0.02224765238178552, 0.20486172839064584, 0.0030222529190537225], [0.6879639365965172, 0.22178129457799897, 0.0030299226385762804, 0.016601565450222736, 0.06759335809810846, 0.0030299226385762804], [0.7555091997936886, 0.17137505913112439, 0.0030037518498687303, 0.013091204811422667, 0.054017032564026915, 0.0030037518498687303], [0.8260622633043105, 0.11845842884312133, 0.003004371874106684, 0.010214073697110608, 0.039256490407244125, 0.003004371874106684], [0.8642191516228539, 0.09310453755766863, 0.0030017302603731998, 0.007825955216759134, 0.028846895081972045, 0.0030017302603731998], [0.0635408468871418, 0.09019353602080292, 0.0030024087072979483, 0.007057280440138476, 0.8332035192373209, 0.0030024087072979483], [0.8792574816874571, 0.08794304366747746, 0.003000637914113907, 0.006051035170450991, 0.020747163646386717, 0.003000637914113907], [0.905380244518535, 0.03859820875678265, 0.031308637845900454, 0.005603284307219603, 0.01610868169157958, 0.0030009428799828083], [0.98500332438622, 0.002999335122756038, 0.002999335122756038, 0.002999335122756038, 0.002999335122756038, 0.002999335122756038]], [[0.98500332438622, 0.002999335122756038, 0.002999335122756038, 0.002999335122756038, 0.002999335122756038, 0.002999335122756038], [0.056733170124937844, 0.045976662561226615, 0.048193124583202206, 0.007461245412244636, 0.8386296442219626, 0.00300615309642607], [0.07161436838359965, 0.1503026089983214, 0.003005094036253717, 0.009350292334624963, 0.7627225422109464, 0.003005094036253717], [0.7341530085397961, 0.20454344770995792, 0.0030128207517982446, 0.012459486418689448, 0.04281841582796005, 0.0030128207517982446], [0.7331566944386388, 0.1881300903235103, 0.00300989041966463, 0.013558567739027161, 0.05913486665949448, 0.00300989041966463], [0.7407393863076476, 0.1903839777297354, 0.0030080346187032372, 0.013389797365434672, 0.0494707693597759, 0.0030080346187032372], [0.09367159487013815, 0.1446734314265319, 0.0030075952044334355, 0.009854444729763944, 0.7457853385646991, 0.0030075952044334355], [0.8612463874992252, 0.05190140746375878, 0.04737974617262786, 0.00845531549642189, 0.02801081955322006, 0.0030063238147461867], [0.98500332438622, 0.002999335122756038, 0.002999335122756038, 0.002999335122756038, 0.002999335122756038, 0.002999335122756038], [0.03405880482581, 0.03295325036129421, 0.028030535161394508, 0.004986469910237147, 0.8969676436475174, 0.0030032960937466545], [0.9332333148030302, 0.048830176951070725, 0.0030063376932093684, 0.0034835716327810263, 0.00844026122669941, 0.0030063376932093684], [0.9316555229997492, 0.05044408314001071, 0.003007173701519007, 0.0035755027029118884, 0.008310543754290188, 0.003007173701519007], [0.9029833873654267, 0.0717343103728828, 0.003003275778516056, 0.005227886892673873, 0.01404786381198447, 0.003003275778516056], [0.03656559249448119, 0.07802313943083919, 0.003002507707557489, 0.00510872696517739, 0.8742975256943872, 0.003002507707557489], [0.03669834017342806, 0.07980093141655407, 0.0030023122664203507, 0.0052033179066511715, 0.8722927859705258, 0.0030023122664203507], [0.8853349857842258, 0.08734517451066307, 0.0030018131589210394, 0.005567594407485633, 0.015748618979783538, 0.0030018131589210394], [0.8986031323402113, 0.07301815197186566, 0.0030018677386070736, 0.005851150238786508, 0.016523829971922442, 0.0030018677386070736], [0.8993125376518364, 0.07249252284830301, 0.003002001291554207, 0.0057712947772508485, 0.01641964213950126, 0.003002001291554207], [0.8939927574712079, 0.07418654377369677, 0.003000843024547542, 0.0065443601786045556, 0.01927465252739557, 0.003000843024547542], [0.8855018696847884, 0.08306756718364332, 0.003000526159455761, 0.006323454826501313, 0.0191060559861555, 0.003000526159455761], [0.05415754357715189, 0.10897019262145688, 0.0030006066828779563, 0.0073322947719559675, 0.8235387556636792, 0.0030006066828779563], [0.7954476595970459, 0.1567284895828102, 0.0030029333489315535, 0.009572987654929374, 0.03224499646735144, 0.0030029333489315535], [0.7306797312262224, 0.20546663883324684, 0.003002479470851889, 0.01267717725819922, 0.04517149374062766, 0.003002479470851889], [0.7123470816426666, 0.21376014001651336, 0.0030190176745417082, 0.013897712043062347, 0.0539570309486743, 0.0030190176745417082], [0.7343981544433701, 0.19751972310787388, 0.003010419668529576, 0.014204963908423312, 0.0478563192032736, 0.003010419668529576], [0.7972157376140445, 0.15139728735138908, 0.003001506535418839, 0.010067248986423733, 0.035316712977304994, 0.003001506535418839], [0.859830051492799, 0.09974582820355472, 0.0030033554838744783, 0.007810743586683451, 0.026606665749213974, 0.0030033554838744783], [0.8733853130193912, 0.08975235498399371, 0.00300085785073874, 0.007144508254978412, 0.023716108040159257, 0.00300085785073874], [0.07084296062796887, 0.12012267548816455, 0.003012857204513892, 0.00929108058192979, 0.793717568892909, 0.003012857204513892], [0.7649139365903156, 0.1724729947662245, 0.003002649526882379, 0.01296361385223581, 0.04364415573745945, 0.003002649526882379], [0.6892367626104339, 0.2327910936537098, 0.003030853295370387, 0.016584729627411175, 0.05532570751770435, 0.003030853295370387], [0.683837388010186, 0.22808604530217141, 0.0030324154060250848, 0.016867005875653568, 0.06514472999993895, 0.0030324154060250848], [0.1219713449509287, 0.21286659776219632, 0.0030197431027830395, 0.015806481073984677, 0.6433160900073241, 0.0030197431027830395], [0.10805881146142844, 0.15035805391386306, 0.003000709022574426, 0.013163370181458692, 0.722418346398101, 0.003000709022574426], [0.07707652672572159, 0.10473943202888716, 0.0030104698966630906, 0.009537706475690116, 0.802625394976375, 0.0030104698966630906], [0.844423932196198, 0.10519233997897894, 0.0030069313093417376, 0.00964172858362086, 0.03472813662251874, 0.0030069313093417376], [0.8115715350130086, 0.1370084472081585, 0.0030021630414514256, 0.009737702719347464, 0.035677988976582586, 0.0030021630414514256], [0.0636535128333746, 0.10349181037351768, 0.003004551524586177, 0.00737596615773693, 0.8194696075861984, 0.003004551524586177], [0.8877194089965612, 0.04159972933066586, 0.04166236946514224, 0.006646390324660143, 0.01937182908641534, 0.003000272796555276], [0.98500332438622, 0.002999335122756038, 0.002999335122756038, 0.002999335122756038, 0.002999335122756038, 0.002999335122756038]], [[0.98500332438622, 0.002999335122756038, 0.002999335122756038, 0.002999335122756038, 0.002999335122756038, 0.002999335122756038], [0.8890378810531598, 0.04269873527306234, 0.039729671200537435, 0.006602320236307731, 0.018931195987701526, 0.003000196249231006], [0.8371581964936616, 0.12270258511239761, 0.0030108053090683196, 0.007711893383682971, 0.026405714392121218, 0.0030108053090683196], [0.08204120743304391, 0.14192430494270628, 0.003002600970069732, 0.010409239111557589, 0.7596200465725528, 0.003002600970069732], [0.778490468586697, 0.157076827627507, 0.003000490044449966, 0.012616017950287621, 0.04581570574660857, 0.003000490044449966], [0.8028463795969188, 0.1373577414129418, 0.0030006086412987893, 0.011392187033286087, 0.04240247467425578, 0.0030006086412987893], [0.8004266406224263, 0.13866637997725428, 0.0030006153184721097, 0.010677892688387924, 0.04422785607498738, 0.0030006153184721097], [0.8436760535977242, 0.10767052475140414, 0.00300728301486412, 0.008607437477377033, 0.03403141814376646, 0.00300728301486412], [0.05055949858930924, 0.04027735942921101, 0.029710370868568585, 0.00709694489599281, 0.8693526415435116, 0.0030031846734067803], [0.036071250433690055, 0.06763341299343607, 0.0030055865722241047, 0.004719589488341743, 0.885564573940084, 0.0030055865722241047], [0.022212109004947377, 0.04857049662036307, 0.003008355756332742, 0.0034075770157598025, 0.9197931058462643, 0.003008355756332742], [0.03315852843446849, 0.06576796203389026, 0.0030068324358580407, 0.005317919436668244, 0.889741925223257, 0.0030068324358580407], [0.8856474309079623, 0.08439780225225574, 0.0030008719664281047, 0.006123747278076602, 0.01782927562884924, 0.0030008719664281047], [0.04793138531099416, 0.09399940040624315, 0.003001131512329532, 0.006416855345572115, 0.8456500959125315, 0.003001131512329532], [0.04913883275402227, 0.1064025074113592, 0.003003841430070372, 0.006827886492086366, 0.8316230904823914, 0.003003841430070372], [0.8405202668794823, 0.1175247967705033, 0.0030093197430364387, 0.008522897314377475, 0.027413399549564052, 0.0030093197430364387], [0.8750722428179556, 0.0905609060251479, 0.0030005731404316154, 0.007248964302442698, 0.02111674057359073, 0.0030005731404316154], [0.04721122429456293, 0.07800306045754071, 0.0030005908277151603, 0.006914297104419342, 0.8618702364880466, 0.0030005908277151603], [0.8861315176408358, 0.08059181866790524, 0.003000183933740156, 0.007183830203711253, 0.020092465620067553, 0.003000183933740156], [0.8823294331000597, 0.08394365602384146, 0.003000157128541799, 0.007158701781142513, 0.02056789483787255, 0.003000157128541799], [0.05076404839574817, 0.08203452241640541, 0.003000204185703411, 0.007134455388191532, 0.8540665654282481, 0.003000204185703411], [0.06402124999054733, 0.10570779603478048, 0.0030051406252827343, 0.008111488047377852, 0.8161491846767288, 0.0030051406252827343], [0.7948026724057313, 0.15511989979658442, 0.0030021709885781848, 0.009851102008409586, 0.034221983812118266, 0.0030021709885781848], [0.7714643996093898, 0.17342927091501267, 0.003003455348123463, 0.010764770430968977, 0.038334648348381566, 0.003003455348123463], [0.7938403556805105, 0.15778859085533123, 0.0030028605210902226, 0.009322883763590422, 0.03304244865838741, 0.0030028605210902226], [0.8451866722568889, 0.1125570774523452, 0.0030081420234173524, 0.008371171632651178, 0.027868794611279932, 0.0030081420234173524], [0.05032570925930634, 0.08154316334163089, 0.0030002228870013056, 0.0067827111694256596, 0.8553479704556345, 0.0030002228870013056], [0.8832983723253315, 0.08147722149959052, 0.0030000598377648664, 0.006997180227543489, 0.022227106272004832, 0.0030000598377648664], [0.8740820387860079, 0.09089854858388999, 0.003000594588027397, 0.007175501313657764, 0.02184272214038964, 0.003000594588027397], [0.8249951223078725, 0.1280665884805017, 0.003015262417908436, 0.009541012638902224, 0.03136675173690666, 0.003015262417908436], [0.7759556920917833, 0.16253782069889572, 0.0030010637974674345, 0.012388348258516847, 0.04311601135586922, 0.0030010637974674345], [0.7399885717197643, 0.18238833222419168, 0.003007308022225233, 0.0151222171990429, 0.056486262812550626, 0.003007308022225233], [0.1112736741129045, 0.1425389545745912, 0.003001434798506363, 0.012658583855682854, 0.7275259178598087, 0.003001434798506363], [0.8353611830277273, 0.10466779556307479, 0.003012604751951003, 0.01048904835714578, 0.043456763548150174, 0.003012604751951003], [0.8352538765040248, 0.10790232225333357, 0.0030114283502105294, 0.010340775291889003, 0.04048016925033163, 0.0030114283502105294], [0.8094027019640285, 0.13147262307469937, 0.0030013074838814856, 0.011127754181042131, 0.04199430581246694, 0.0030013074838814856], [0.7476842573069351, 0.1815129894827019, 0.003005649207319645, 0.013354192338639529, 0.0514372624570843, 0.003005649207319645], [0.7894908522687348, 0.15773846481104428, 0.0030018397565657025, 0.009366835242774615, 0.037400168164314775, 0.0030018397565657025], [0.870669754708323, 0.04929962221306319, 0.04106330640073635, 0.007838476237185156, 0.028124438647788515, 0.0030044017929037213], [0.98500332438622, 0.002999335122756038, 0.002999335122756038, 0.002999335122756038, 0.002999335122756038, 0.002999335122756038]], [[0.98500332438622, 0.002999335122756038, 0.002999335122756038, 0.002999335122756038, 0.002999335122756038, 0.002999335122756038], [0.904860769712973, 0.03685078531021472, 0.033993527747854344, 0.005722068718270416, 0.015572233487003415, 0.0030006150236840793], [0.8628023179849158, 0.09779549907239267, 0.003001927179340118, 0.007653935304653135, 0.02574439327935797, 0.003001927179340118], [0.8369049449551705, 0.11679819446489619, 0.003009633488058806, 0.008892084656259791, 0.031385508947555846, 0.003009633488058806], [0.8105805723866014, 0.1317644993849372, 0.0030014462129099575, 0.01095338936059484, 0.04069864644204667, 0.0030014462129099575], [0.09277584693404126, 0.11559432172149543, 0.0030066338667722047, 0.010276735417032005, 0.7753398281938868, 0.0030066338667722047], [0.11401386132236002, 0.13259454273262716, 0.0030029861391234185, 0.011878713699660126, 0.7355069099671058, 0.0030029861391234185], [0.8235074666450036, 0.1232091111879142, 0.0030039391908125218, 0.0090820040633533, 0.03819353972210378, 0.0030039391908125218], [0.8615155154991051, 0.09802774247461911, 0.0030024024746155217, 0.006970722598084761, 0.027481214478960146, 0.0030024024746155217], [0.04383011075731114, 0.07560473667919937, 0.00300156711548783, 0.005869155563139171, 0.8686928627693745, 0.00300156711548783], [0.8883569879725084, 0.08007645838036805, 0.003000680439540246, 0.0055712596835468635, 0.01999393308449623, 0.003000680439540246], [0.8817399994851854, 0.08478767900057654, 0.003000263114036046, 0.006705038426083925, 0.020766756860082117, 0.003000263114036046], [0.8693249961551639, 0.09317732933859685, 0.0030009377467186465, 0.007370100677329676, 0.024125698335472207, 0.0030009377467186465], [0.07606548780108106, 0.144404268236677, 0.003002892750133787, 0.009532111984999243, 0.7639923464769751, 0.003002892750133787], [0.06978188886770181, 0.13564204295794421, 0.0030056444942338344, 0.009162764429412556, 0.7794020147564736, 0.0030056444942338344], [0.7922935489152076, 0.15777803277562627, 0.003003886096874624, 0.010236927234241137, 0.03368371888117575, 0.003003886096874624], [0.8346261604123948, 0.11836115024915225, 0.0030068042062717003, 0.009527110365620043, 0.03147197056028954, 0.0030068042062717003], [0.0569159562057962, 0.09408269298343329, 0.0030011547903865594, 0.008094839121959657, 0.8349042021080378, 0.0030011547903865594], [0.8683334371693376, 0.09244157618942464, 0.0030009292999369284, 0.00777912956598187, 0.02544399847538198, 0.0030009292999369284], [0.052342931925580746, 0.07880721617916524, 0.0030003380568735085, 0.007699515522952455, 0.8551496602585545, 0.0030003380568735085], [0.8788868300630519, 0.08551581114336314, 0.0030001390292356406, 0.007112519138395655, 0.022484561596718067, 0.0030001390292356406], [0.8746513684586574, 0.08755462582284428, 0.003000249179738155, 0.007693387069783164, 0.024100120289238823, 0.003000249179738155], [0.851676817727508, 0.10765075201025893, 0.003004642283558122, 0.008290024599566907, 0.02637312109554991, 0.003004642283558122], [0.8242554031583632, 0.13179612089308984, 0.003005400077747288, 0.008711692076950679, 0.029225983716101796, 0.003005400077747288], [0.05414150138526038, 0.09990568265482541, 0.0030017643552715874, 0.007470960911213138, 0.8324783263381579, 0.0030017643552715874], [0.8776922088394502, 0.0919519920452794, 0.003001591199057032, 0.006113998929806707, 0.0182386177873496, 0.003001591199057032], [0.038366388472142854, 0.06956681982416077, 0.003002805216935721, 0.005858532749720941, 0.880202648520104, 0.003002805216935721], [0.9261304883802414, 0.05252744954111941, 0.003011771832789269, 0.004480953462280516, 0.010837564950780088, 0.003011771832789269], [0.893141511787432, 0.0771200567230667, 0.003001058355223047, 0.006159821579542039, 0.01757649319951304, 0.003001058355223047], [0.04689598467948268, 0.0791524210104744, 0.003000552933760161, 0.006757824249111309, 0.8611926641934111, 0.003000552933760161], [0.8517722655735283, 0.10462942668214369, 0.003004284852044914, 0.008881795709270519, 0.028707942330967684, 0.003004284852044914], [0.8129724991185697, 0.12643365306367788, 0.003001877121601929, 0.011571636002088584, 0.043018457572460006, 0.003001877121601929], [0.0752191594310289, 0.08849359509338436, 0.003006593020961797, 0.008840382279579142, 0.821433677154084, 0.003006593020961797], [0.8271142079585767, 0.11009549871934877, 0.0030058458344614245, 0.011068977059605615, 0.04570962459354609, 0.0030058458344614245], [0.8052415839464864, 0.12957039349766827, 0.0030013209678389605, 0.011706267765031298, 0.0474791128551362, 0.0030013209678389605], [0.7325145221576601, 0.19285004107027529, 0.003009873455110624, 0.015415607398157387, 0.05320008246368598, 0.003009873455110624], [0.7097791812030596, 0.20468865403991154, 0.003019279867674659, 0.014158161523623074, 0.0653354434980565, 0.003019279867674659], [0.7513632174927536, 0.07248034062663108, 0.10343660538980405, 0.01702332282570873, 0.05268586473335945, 0.0030106489317430706], [0.98500332438622, 0.002999335122756038, 0.002999335122756038, 0.002999335122756038, 0.002999335122756038, 0.002999335122756038], [0.98500332438622, 0.002999335122756038, 0.002999335122756038, 0.002999335122756038, 0.002999335122756038, 0.002999335122756038]], [[0.98500332438622, 0.002999335122756038, 0.002999335122756038, 0.002999335122756038, 0.002999335122756038, 0.002999335122756038], [0.03444633048564324, 0.031197634232584724, 0.024819869173451442, 0.004662780491750692, 0.9018682853269799, 0.0030051002895899615], [0.8784901355876998, 0.08675045591188091, 0.003000289833701141, 0.0067631130414267816, 0.0219957157915902, 0.003000289833701141], [0.07040731329765168, 0.09987011001604025, 0.003006059685084939, 0.008503813128580794, 0.8152066441875575, 0.003006059685084939], [0.09070172749696949, 0.1146738874347612, 0.0030072238699511587, 0.010138574691037622, 0.7784713626373294, 0.0030072238699511587], [0.7772266526091401, 0.152857198814516, 0.003000635539038612, 0.013013311268522081, 0.05090156622974433, 0.003000635539038612], [0.7610595383921384, 0.15899125885699147, 0.003003770374867096, 0.01310693837171176, 0.060834723629424194, 0.003003770374867096], [0.10641032666549628, 0.15320409051900188, 0.0030006420328035424, 0.01237390105164315, 0.7220103976982516, 0.0030006420328035424], [0.843201655315691, 0.10735378585898184, 0.003009460054401272, 0.008713958762475936, 0.03471167995404864, 0.003009460054401272], [0.8692914440222479, 0.0910279268474409, 0.0030009727821631448, 0.0071995168113777545, 0.02647916675460724, 0.0030009727821631448], [0.05186487394012097, 0.08051351535478385, 0.003000297116484747, 0.007205416331210937, 0.8544156001409148, 0.003000297116484747], [0.8556794837417367, 0.1021427777439073, 0.0030034037290566375, 0.008106424405268233, 0.028064506650974468, 0.0030034037290566375], [0.8073079372843531, 0.14121636652816555, 0.0030018298012703666, 0.009823991718849208, 0.03564804486609143, 0.0030018298012703666], [0.0912743783024626, 0.1694596112863378, 0.0030019080509113864, 0.012389204913601426, 0.7208729893957755, 0.0030019080509113864], [0.08766957897199272, 0.2022998138346723, 0.0030113597875205105, 0.011884808346611977, 0.6921230792716819, 0.0030113597875205105], [0.7488304571649844, 0.17471977659252205, 0.0030053218908951923, 0.013405452766326808, 0.05703366969437649, 0.0030053218908951923], [0.7902322577561579, 0.15221292824502947, 0.0030005309351585556, 0.01142691390190342, 0.040126838226592035, 0.0030005309351585556], [0.8230543433110503, 0.12456443370574895, 0.0030036773492659093, 0.010032051899998354, 0.036341816384670586, 0.0030036773492659093], [0.0627338432689254, 0.09700475186307707, 0.0030028342209719723, 0.008812969771735872, 0.8254427666543178, 0.0030028342209719723], [0.07301361576593808, 0.1124304419383501, 0.003012717344694143, 0.009145364118356997, 0.7993851434879666, 0.003012717344694143], [0.05283864635876471, 0.08118046863392679, 0.00300023194155137, 0.00762718667139209, 0.8523532344528136, 0.00300023194155137], [0.8784634319477339, 0.08579015462659739, 0.003000101165098224, 0.007445892896211291, 0.022300318199260802, 0.003000101165098224], [0.04914752958813736, 0.07559187705644568, 0.003000837356421976, 0.00673559834416893, 0.8625233202984041, 0.003000837356421976], [0.05034972445994918, 0.0899479062971138, 0.0030039214552190475, 0.007127163359780441, 0.8465673629727185, 0.0030039214552190475], [0.8914887523834567, 0.07996975710896588, 0.0030013008841572072, 0.005564342745027795, 0.01697454599423515, 0.0030013008841572072], [0.8966826063808463, 0.07381042999721572, 0.0030009836459279405, 0.005799791529631234, 0.017705204800450784, 0.0030009836459279405], [0.9304900946390896, 0.05012457514114963, 0.003008777462091627, 0.0038986029328400996, 0.009469172362737508, 0.003008777462091627], [0.9340605496175202, 0.04622321545722292, 0.0030068678892544126, 0.0038900187164388656, 0.0098124804303091, 0.0030068678892544126], [0.903994202207587, 0.06459138552948841, 0.003017334599745137, 0.0053591917878341435, 0.020020551275600214, 0.003017334599745137], [0.8965296008970796, 0.0732364566520567, 0.003001324017931247, 0.006028752034758166, 0.01820254238024311, 0.003001324017931247], [0.8849528666570925, 0.07825292280902192, 0.0030002624708766598, 0.006662822356350117, 0.024130863235782132, 0.0030002624708766598], [0.8630569340191739, 0.09132367631563215, 0.003002216055837387, 0.00836857525445977, 0.03124638229905943, 0.003002216055837387], [0.8301774072627351, 0.11152073874980045, 0.0030058856990217075, 0.010304637051683165, 0.04198544553773792, 0.0030058856990217075], [0.806489886725495, 0.12451103615052232, 0.0030023149274519883, 0.012084440142117299, 0.050910007126961525, 0.0030023149274519883], [0.7546761682198098, 0.16564556996268348, 0.0030044702491345107, 0.013604812406242313, 0.0600645089129954, 0.0030044702491345107], [0.7181234340066878, 0.19665279732257182, 0.003015726498489977, 0.013958213162019407, 0.06523410251174103, 0.003015726498489977], [0.46708086188647274, 0.09598035098697046, 0.193686051644157, 0.02565671172398203, 0.21458348166042807, 0.003012542097989781], [0.98500332438622, 0.002999335122756038, 0.002999335122756038, 0.002999335122756038, 0.002999335122756038, 0.002999335122756038], [0.7931854692226727, 0.07187794081220315, 0.06531480656117218, 0.014251937882605408, 0.05236059863170419, 0.0030092468896423972], [0.98500332438622, 0.002999335122756038, 0.002999335122756038, 0.002999335122756038, 0.002999335122756038, 0.002999335122756038]], [[0.98500332438622, 0.002999335122756038, 0.002999335122756038, 0.002999335122756038, 0.002999335122756038, 0.002999335122756038], [0.03781785784120776, 0.03101794199799319, 0.024621729951205477, 0.004808859216897252, 0.898728714577796, 0.003004896414900318], [0.8796820983339444, 0.08382780188412452, 0.0030002038509730836, 0.006666864109896945, 0.02382282797008793, 0.0030002038509730836], [0.8276604303065479, 0.11967044225399913, 0.0030047850387526485, 0.009400440173559056, 0.03725911718838856, 0.0030047850387526485], [0.772838321187602, 0.14896661057585156, 0.003002177845796677, 0.012484219090864482, 0.059706493454088606, 0.003002177845796677], [0.731502532772622, 0.18337216384539712, 0.0030105019238630707, 0.015097582170004259, 0.06400671736425051, 0.0030105019238630707], [0.47267238211632523, 0.2663195075987509, 0.00300091313105309, 0.019970427835413442, 0.23503585618740425, 0.00300091313105309], [0.7570395170805093, 0.1697826962198749, 0.003003561648063687, 0.01269343578808911, 0.05447722761539935, 0.003003561648063687], [0.8107619681081167, 0.12538425813756784, 0.0030020509929171452, 0.011246764807706217, 0.04660290696077499, 0.0030020509929171452], [0.8451200607455723, 0.10265515905498589, 0.0030104077167416006, 0.009033662265878626, 0.03717030250008003, 0.0030104077167416006], [0.07567138812181563, 0.09549077934092859, 0.003007662873659581, 0.008581391703767899, 0.8142411150861687, 0.003007662873659581], [0.8178170113894111, 0.12705282145674032, 0.0030026642644315443, 0.010035241114654477, 0.039089597510331, 0.0030026642644315443], [0.10029514072742116, 0.1766445546548369, 0.0030024638452672246, 0.014413871420171856, 0.7026415055070356, 0.0030024638452672246], [0.7030087853978343, 0.215061411630979, 0.003026018030678954, 0.01550087807484203, 0.06037688883498685, 0.003026018030678954], [0.7008835501396025, 0.20986636418701923, 0.0030268001662291555, 0.01641210471463548, 0.06678438062628457, 0.0030268001662291555], [0.4682741824694982, 0.27460428657928276, 0.003001723163592121, 0.022520987613478788, 0.22859709701055603, 0.003001723163592121], [0.7550403270500818, 0.15491260796325354, 0.0030067726092375645, 0.015546132619070344, 0.0684873871491192, 0.0030067726092375645], [0.7923810881523063, 0.13975381353946256, 0.0030003770815576875, 0.012563574032216267, 0.04930077011289946, 0.0030003770815576875], [0.8095202581293871, 0.12824660436020635, 0.0030103432567910784, 0.011016958774715405, 0.045195492222109064, 0.0030103432567910784], [0.8062716522983043, 0.13871652907941504, 0.003001140261888144, 0.010922048584690243, 0.03808748951381414, 0.003001140261888144], [0.07377345406485741, 0.1228461667939135, 0.003008478367887282, 0.010349196066883944, 0.7870142263385705, 0.003008478367887282], [0.8632521650345625, 0.09620495776273234, 0.003001706183610294, 0.008059923717386133, 0.026479541118098433, 0.003001706183610294], [0.8795625664174319, 0.08300199343650126, 0.003000045900718898, 0.007435635655429607, 0.023999712689199423, 0.003000045900718898], [0.8951427833495944, 0.07425529520244734, 0.003001126815775066, 0.006030432086511227, 0.018569235729897, 0.003001126815775066], [0.04094458972761684, 0.0665957150790789, 0.003003927486839745, 0.005762210278696844, 0.8806896299409279, 0.003003927486839745], [0.9073900056748582, 0.06622982832909663, 0.0030030245449451484, 0.005055211354280167, 0.015318905551874805, 0.0030030245449451484], [0.9323291743719975, 0.04749393709