{"prediction": [[[0.9089018165176257, 0.07208911873593167, 0.0036058126731562147, 0.0036058126731562147, 0.008191626726974119, 0.0036058126731562147], [0.9088553726179466, 0.053952805678243704, 0.009030374997965341, 0.003435374835629729, 0.02129069703458483, 0.003435374835629729], [0.9204661700455061, 0.055333727545640074, 0.006030571871651396, 0.0033997446656046843, 0.011370041205993204, 0.0033997446656046843], [0.9280910725468658, 0.051907220698019015, 0.004036498448788026, 0.0033510648682821198, 0.009263078569762951, 0.0033510648682821198], [0.9013904619651989, 0.060753067432747145, 0.01057290727612954, 0.0035163773729358977, 0.020250808580052664, 0.0035163773729358977], [0.8964476793419507, 0.06041302513658676, 0.01228799071561516, 0.003538587264795918, 0.02377413027625566, 0.003538587264795918], [0.8868836498282643, 0.0627373810294027, 0.013384016329747709, 0.003613024282215012, 0.029768904248155426, 0.003613024282215012], [0.8502213387968284, 0.07453491542103653, 0.013856646532035674, 0.003987779696975974, 0.05341153985614754, 0.003987779696975974], [0.8677880451332051, 0.06702877558652837, 0.011737140919263768, 0.003802560923514173, 0.04584091651397431, 0.003802560923514173], [0.8613009507064942, 0.07248836237633867, 0.009996610294263738, 0.0038952167456544357, 0.048423643131594786, 0.0038952167456544357], [0.8640108166816124, 0.0687814353826832, 0.015960764127287624, 0.003819757183544898, 0.04360746944132703, 0.003819757183544898], [0.8666438410754312, 0.07111510182608423, 0.008017377586260052, 0.003852776932835815, 0.04651812564655273, 0.003852776932835815], [0.8444287061644065, 0.07934701857135708, 0.01980476651111348, 0.004028070551779558, 0.04836336764956388, 0.004028070551779558], [0.8531503294510895, 0.07104556079714784, 0.018789368498006886, 0.003918108479094543, 0.049178524295566683, 0.003918108479094543], [0.8302535042406753, 0.08227735280138859, 0.015365319001042727, 0.004216442894847064, 0.06367093816719932, 0.004216442894847064], [0.8502938175895629, 0.07255587834943594, 0.01800851996354463, 0.003955611207706205, 0.051230561682044366, 0.003955611207706205], [0.8174333064838933, 0.08351773719122174, 0.019932683838580288, 0.004336574687336494, 0.07044312311163163, 0.004336574687336494], [0.8480987554953013, 0.07531384994473363, 0.018019997159613353, 0.005585002623656686, 0.04901082722273548, 0.0039715675539596955], [0.8759157435662098, 0.0699371016982662, 0.013703889317087093, 0.0044544796503070095, 0.032261135491195005, 0.0037276502769348764], [0.8329672450542583, 0.07691358733613207, 0.024455295987336482, 0.004542420807538216, 0.057009278196178514, 0.004112172618556351], [0.8559304568196234, 0.07318584227390534, 0.012122045637342956, 0.004483939436573309, 0.05034641188624556, 0.003931303946309471], [0.845815311939129, 0.07621742757817357, 0.012311947124144471, 0.005296307719244956, 0.05632084768892056, 0.00403815795038763], [0.8304601934970128, 0.07955949627399277, 0.01710427611113958, 0.00465290023940157, 0.06403241303349672, 0.004190720844956606], [0.8327901269595128, 0.07576459173682192, 0.01589906105112659, 0.004172001785390953, 0.06720221668175683, 0.004172001785390953], [0.8605145034194541, 0.06890921637271993, 0.00829962213515476, 0.003907790150768517, 0.054461077771134146, 0.003907790150768517], [0.8845931044439673, 0.0675062444154327, 0.011789956006157867, 0.0036619865388135306, 0.02878672205681506, 0.0036619865388135306], [0.8345458790838188, 0.08207330108711566, 0.012848094556424421, 0.004186526458060339, 0.06215967235652031, 0.004186526458060339], [0.8682630891168299, 0.0754126013468568, 0.010413406493110492, 0.0038400842233410303, 0.03823073459652074, 0.0038400842233410303], [0.8816399046516181, 0.07544710089453577, 0.009463761632476274, 0.003744034267275747, 0.025961164286818245, 0.003744034267275747], [0.836242479630533, 0.08127488668201131, 0.014008498854822863, 0.004156405213108534, 0.060161324406415584, 0.004156405213108534], [0.8725116837679997, 0.07282454205354075, 0.010567813409539533, 0.004070462557933982, 0.036237376329508665, 0.003788121881477529], [0.864165769610971, 0.06794809019480805, 0.008061816441597766, 0.004006903679687503, 0.05194957284841311, 0.003867847224522686], [0.8714447556165612, 0.07028339676625753, 0.018269263618244862, 0.0039254193561255, 0.03232454190188744, 0.0037526227409236355], [0.8440560035567447, 0.0816517690822775, 0.0210022554662153, 0.004041446992332458, 0.045212217292781555, 0.004036307609648571], [0.8496233047958796, 0.08712056028311198, 0.015135987315909075, 0.004040894573410836, 0.040038358458277745, 0.004040894573410836], [0.8670255170266092, 0.07810464582799798, 0.019766964672063018, 0.0038326888117979304, 0.02743749484973397, 0.0038326888117979304], [0.8351254785897496, 0.09206910190490053, 0.010381598068553937, 0.00506034615036798, 0.05313793905633889, 0.004225536230089024], [0.8333989172399706, 0.09142253588765174, 0.020016860300301226, 0.0044720530170644455, 0.04650245818471224, 0.004187175370299756], [0.8319207520603983, 0.08045438386606917, 0.016703273307394285, 0.004183642042218747, 0.06255430668170082, 0.004183642042218747], [0.8963402251325412, 0.08088439462184614, 0.0037410183044046647, 0.0037410183044046647, 0.01155232533239874, 0.0037410183044046647]], [[0.8715717127953244, 0.06517673997212224, 0.01525790228059008, 0.0037410637526268313, 0.04051151744670959, 0.0037410637526268313], [0.9645376715500337, 0.017780033996460987, 0.008213492079542575, 0.003002297878929144, 0.003464206616104458, 0.003002297878929144], [0.004477468502233205, 0.015543930529645, 0.006853306823924086, 0.0030052514208982555, 0.9671147913024012, 0.0030052514208982555], [0.006845808833711016, 0.0215291722273074, 0.013611739587294946, 0.0030010899637497868, 0.952011099424187, 0.0030010899637497868], [0.00891168571733781, 0.021550954377326667, 0.012654313159181746, 0.003000592706026681, 0.9508818613341005, 0.003000592706026681], [0.01376696481643059, 0.02526143936421723, 0.01877718862123202, 0.0030065654688906265, 0.9361812762603389, 0.0030065654688906265], [0.9512388704843849, 0.02347608602021726, 0.01577324701924283, 0.0030008714491826056, 0.003510053577789787, 0.0030008714491826056], [0.016113316328275184, 0.02765846457290862, 0.019617490148052193, 0.0030114419932804263, 0.9305878449642032, 0.0030114419932804263], [0.8949544766444364, 0.04396397972083964, 0.041310403360073564, 0.004737591696064463, 0.012030950972759543, 0.003002597605826459], [0.8607232057899659, 0.05571326691118422, 0.05618635429165643, 0.006888719036449217, 0.017483479917327262, 0.0030049740534171566], [0.8069351068631722, 0.06975980059394325, 0.08025635761119095, 0.011411522642614287, 0.028591392531617594, 0.003045819757461791], [0.7370333648998696, 0.09511712126496796, 0.10607733825819535, 0.01603116082311492, 0.042734608326134765, 0.003006406427717336], [0.7028143842750101, 0.09038243255242857, 0.13110515315559343, 0.019403155664016184, 0.05326740931753199, 0.0030274650354196867], [0.7353535844223045, 0.09551479874998388, 0.10567169706096839, 0.016927852359135846, 0.04352484746934818, 0.003007219938259231], [0.8430622253454133, 0.05702594851552918, 0.0620516819313263, 0.009197235931321086, 0.02564968355805203, 0.003013224718357972], [0.04399976588399007, 0.05779704255842174, 0.04855848626830002, 0.006940781647116295, 0.8397016899605853, 0.003002233681586544], [0.06049694274411162, 0.0603484504428924, 0.06641033394255766, 0.009054327711486959, 0.8006685249244057, 0.0030214202345457838], [0.7648360719009553, 0.08190522759926597, 0.09343533195763111, 0.01431643524051958, 0.04250625263013994, 0.003000680671488168], [0.7428398601985732, 0.08552298891693672, 0.11133684720577268, 0.015878988590500555, 0.04141807113794881, 0.003003243950267975], [0.10820558908778223, 0.08878911359878239, 0.11251913589434469, 0.01508572729865745, 0.6723919644753822, 0.0030084696450510583], [0.7385971340769605, 0.08342472499616133, 0.1152419224807478, 0.016091677419401717, 0.04363943514737817, 0.00300510587935037], [0.7832355880235184, 0.07557564040064241, 0.08417400568761728, 0.013113677520071084, 0.040898479876507396, 0.003002608491643466], [0.0667906195902506, 0.06024566656020592, 0.0681043433796726, 0.009311470370264623, 0.7925185145533322, 0.0030293855462740385], [0.054371566848510126, 0.05406087752890788, 0.05162291113937035, 0.007437550088532315, 0.829500997900847, 0.0030060964938323225], [0.8101384204683053, 0.06502094047873777, 0.0736446365552801, 0.01117483374000123, 0.03701024549200442, 0.003010923265671201], [0.879630775395195, 0.0450358783354358, 0.04168564620591175, 0.007133203742526073, 0.023512342719537456, 0.0030021536013939785], [0.9135808101987314, 0.03325555491940623, 0.030310127350444763, 0.00435867601242673, 0.015487500969647176, 0.0030073305493438], [0.917296553527745, 0.036500739512758534, 0.026795355252170625, 0.004217593848006163, 0.012180151693709871, 0.0030096061656099023], [0.9029295228200526, 0.03846384849070119, 0.036212729233221067, 0.0049169576351785595, 0.014474315741823542, 0.0030026260790231305], [0.03731885889146062, 0.0541382339674615, 0.04097012223403388, 0.005953254442689716, 0.8586179065017978, 0.0030016239625565502], [0.04299975819022057, 0.053030064290959085, 0.05002768326082157, 0.006764824263466877, 0.8441745978584679, 0.0030030721360639824], [0.7574623815805462, 0.060791260050274395, 0.0552380437571242, 0.028089366055933724, 0.0875921409695555, 0.010826807586566067], [0.8549539765957886, 0.05027796100858349, 0.051530549917128445, 0.007895990779075542, 0.032324016142382325, 0.0030175055570415017], [0.8848238311447048, 0.0457616879972817, 0.045407885380289115, 0.005430794483656872, 0.015575233899216423, 0.0030005670948511096], [0.02416129930460087, 0.03873047540508095, 0.031518711207936576, 0.004089633283803228, 0.8984898427999408, 0.0030100379986375213], [0.9415003838247022, 0.029672547874834695, 0.017493404299744365, 0.003005527233740489, 0.005322609533237854, 0.003005527233740489], [0.9333540970004087, 0.03015427355534998, 0.023359389566329835, 0.0032073636463323175, 0.0069125279930374334, 0.003012348238541776], [0.9184067009107805, 0.036339252382183204, 0.028229794677079135, 0.004083931908432612, 0.00993000210945316, 0.003010318012071522], [0.9381796878970904, 0.03048072345562742, 0.019317322979066395, 0.0030077956491247533, 0.00600667436996631, 0.0030077956491247533], [0.841948485114141, 0.0783895386834751, 0.013749154974403112, 0.004087810927620923, 0.05773719937273904, 0.004087810927620923]], [[0.8852122954414802, 0.06874200684928454, 0.011229494301056688, 0.0036672799657428484, 0.027481643476692807, 0.0036672799657428484], [0.0048291397898431185, 0.01463880190324547, 0.007802180617333526, 0.003004367372996248, 0.9667211429435854, 0.003004367372996248], [0.006406149165348148, 0.02855980816692274, 0.003003660365011591, 0.003103199610498283, 0.9559235223272077, 0.003003660365011591], [0.9496418233846649, 0.03780257603225201, 0.0030003381184487386, 0.0030003381184487386, 0.0035545862277370616, 0.0030003381184487386], [0.011314738728008106, 0.04391179079739999, 0.0030008271213395454, 0.0031019393054357533, 0.9356698769264771, 0.0030008271213395454], [0.021343554588331783, 0.06405221890320482, 0.0030330355573418137, 0.004617327782730311, 0.9039208276110494, 0.0030330355573418137], [0.015951832570255706, 0.05199588933555466, 0.003006575466699833, 0.003110490203063678, 0.9229286369577263, 0.003006575466699833], [0.8920220987630232, 0.08184963468895974, 0.0030061446175773695, 0.005699401946963164, 0.01441657536589917, 0.0030061446175773695], [0.8621484885806219, 0.10320239645499833, 0.0030015137394352838, 0.007535992367532131, 0.02111009511797724, 0.0030015137394352838], [0.058810715340633285, 0.14519277094021368, 0.0030234700810014186, 0.011062309016521537, 0.7788872645406286, 0.0030234700810014186], [0.705172742570551, 0.2324086231281029, 0.0030211657694110875, 0.016541783142039437, 0.0398345196204845, 0.0030211657694110875], [0.6328653739275065, 0.2690118857177241, 0.0030593741890872356, 0.03407025568229222, 0.05793373629430264, 0.0030593741890872356], [0.1393809040054825, 0.2703713418454584, 0.003054909875871373, 0.023890348918795483, 0.5602475854785208, 0.003054909875871373], [0.674828185699835, 0.2382638123126859, 0.0030340096973471495, 0.023339294894027567, 0.057500687698757276, 0.0030340096973471495], [0.7513557243910359, 0.17325292327683722, 0.00300081371582464, 0.01742703135226786, 0.05196269354820987, 0.00300081371582464], [0.8169500610162694, 0.11896508746430104, 0.003021541607105074, 0.012630101303171147, 0.04541166700204826, 0.003021541607105074], [0.7693816655264343, 0.16302000957279308, 0.0030014626627943757, 0.014379554306900716, 0.047215845268283096, 0.0030014626627943757], [0.0990995694739271, 0.19694092231783367, 0.003000796595516009, 0.016841890006406096, 0.6811160250108013, 0.003000796595516009], [0.10773906796073135, 0.21083926385741003, 0.0030050111415531344, 0.019936703936334683, 0.6554749419624176, 0.0030050111415531344], [0.418554699423334, 0.3403574053224647, 0.0030042650692729675, 0.02912279499434169, 0.20595657012131377, 0.0030042650692729675], [0.7085243938523422, 0.19806072294484292, 0.0030114032887871103, 0.019848888591988332, 0.06754318803325239, 0.0030114032887871103], [0.7308237292238478, 0.18711477545514818, 0.0030028521802799033, 0.018378202946090157, 0.05767758801435413, 0.0030028521802799033], [0.10573737588823025, 0.17201846677522042, 0.003000885966704813, 0.01743141647460365, 0.698810968928536, 0.003000885966704813], [0.759612916425802, 0.16372080159937366, 0.0030017322103454065, 0.01630652241676924, 0.05435629513736443, 0.0030017322103454065], [0.10668402993328072, 0.1544725156059874, 0.003005785991714782, 0.014152102893545501, 0.7186797795837567, 0.003005785991714782], [0.8096377340124382, 0.13229739105113897, 0.003009005058829818, 0.012417871316913536, 0.039628993501849605, 0.003009005058829818], [0.8669143403942257, 0.0854996295187907, 0.003007532489226922, 0.007342476493708953, 0.03422848861482085, 0.003007532489226922], [0.8881810523604777, 0.07783242811536839, 0.0030022678428777297, 0.006759203679571246, 0.021222780158827143, 0.0030022678428777297], [0.8742719089310006, 0.0929532186638599, 0.0030008217550243203, 0.0070490336719654205, 0.019724195223125452, 0.0030008217550243203], [0.8449578121638064, 0.11531514429191275, 0.0030067222140494213, 0.008830504387741231, 0.024883094728440903, 0.0030067222140494213], [0.7584416246100245, 0.1843852808847458, 0.003002706572936179, 0.013978916086153809, 0.03718876527320346, 0.003002706572936179], [0.7665442077677951, 0.07496145395881607, 0.09657262502465645, 0.014344208458178636, 0.044570299182745264, 0.0030072056078085476], [0.7556562192957061, 0.08714627401497813, 0.010014969114719365, 0.03610670189828899, 0.10309146316244613, 0.00798437251386135], [0.8547959011389283, 0.050414490769659946, 0.055631816750899885, 0.00810644072154329, 0.028040599829556364, 0.0030107507894120305], [0.8737832237541491, 0.09463768582223306, 0.0030012848849302696, 0.006957498491391656, 0.018619022162365807, 0.0030012848849302696], [0.8760153856862313, 0.09099686984510813, 0.0030006404235681295, 0.007453368490141721, 0.019533095131382575, 0.0030006404235681295], [0.8802123082809211, 0.0894031824294951, 0.003001583441740553, 0.006772846282897278, 0.017608496123205482, 0.003001583441740553], [0.8702095415020736, 0.09967656126586324, 0.0030025201415921077, 0.006841325894334494, 0.01726753105454445, 0.0030025201415921077], [0.8962621334189003, 0.046511351692766136, 0.036480826169392244, 0.005108113602917124, 0.012635233052641266, 0.003002342063383103], [0.8565212006102436, 0.0825591191155103, 0.013082311709579464, 0.003964877296403182, 0.03990761397186043, 0.003964877296403182]], [[0.9024664321077674, 0.06193343606725647, 0.011488675168236796, 0.003517796467109314, 0.01707586372252068, 0.003517796467109314], [0.9647103456515392, 0.015995211979441214, 0.009826408168584204, 0.0030018773145809147, 0.0034642795712735972, 0.0030018773145809147], [0.9533648768413829, 0.0340816421499425, 0.0030001222017708835, 0.0030001222017708835, 0.003553114403361881, 0.0030001222017708835], [0.9469911848557452, 0.04044674435081868, 0.0030009268404802437, 0.0030009268404802437, 0.0035592902719953756, 0.0030009268404802437], [0.024272952258302696, 0.07611494396261834, 0.0030220046593834055, 0.004603440826638032, 0.8889646536336742, 0.0030220046593834055], [0.03905431480189214, 0.08324398579131005, 0.0030069466200533506, 0.005104526054962385, 0.8665832801117288, 0.0030069466200533506], [0.037723051841934155, 0.0854363575368351, 0.0030061430428898832, 0.006073614139738456, 0.8647546903957125, 0.0030061430428898832], [0.8822709972842068, 0.08559858200250456, 0.0030018482389513735, 0.007426770992996703, 0.018699953242389294, 0.0030018482389513735], [0.8535216859624036, 0.10479978547334926, 0.003001627208234936, 0.00992149634143098, 0.025753777806346342, 0.003001627208234936], [0.09042598530139688, 0.20343368042150572, 0.0030013394332904487, 0.015870755603068536, 0.6842668998074479, 0.0030013394332904487], [0.6597410172946758, 0.25742279095903625, 0.00302025987036419, 0.022053343903584644, 0.05474232810197494, 0.00302025987036419], [0.6034005996894355, 0.3160311530183225, 0.003070614670702312, 0.02416308530235131, 0.050263932648486075, 0.003070614670702312], [0.40282762560523216, 0.37312040899741145, 0.0030258079131955627, 0.03411648005837134, 0.183883869512594, 0.0030258079131955627], [0.6568954892621448, 0.2542939866383764, 0.0030499882834687225, 0.024813603027239402, 0.057896944505302084, 0.0030499882834687225], [0.7316625980804277, 0.18078948736192868, 0.0030064510229094654, 0.019684286659847956, 0.06185072585197678, 0.0030064510229094654], [0.7965177729474371, 0.13343401397987706, 0.003011994155523785, 0.015112766536191142, 0.04891145822544717, 0.003011994155523785], [0.09468648080810385, 0.12182836048700876, 0.0030364535399117856, 0.014806306104348068, 0.7626059455207158, 0.0030364535399117856], [0.10092261685087893, 0.17443676838736624, 0.0030006956240391388, 0.017501111671845405, 0.7011381118418311, 0.0030006956240391388], [0.7233126103271036, 0.19938985108099105, 0.003003780294546004, 0.017750668532589605, 0.05353930947022385, 0.003003780294546004], [0.6969769816728925, 0.20600633249288103, 0.003016873378438964, 0.020284456036377286, 0.07069848304097136, 0.003016873378438964], [0.7090323688392012, 0.19832019495787268, 0.003010990218720643, 0.019542540682325173, 0.06708291508315979, 0.003010990218720643], [0.729076062717158, 0.18357460623025676, 0.003004727299946209, 0.019536651809088923, 0.06180322464360399, 0.003004727299946209], [0.7664760936491983, 0.15672443468038671, 0.003003016384588398, 0.0171239117082389, 0.053669527192999326, 0.003003016384588398], [0.7536270664516135, 0.16782160315899788, 0.00300144600415594, 0.01774285923927187, 0.05480557914180493, 0.00300144600415594], [0.7548349857206604, 0.16705810805185062, 0.003001423873290657, 0.017735527916376934, 0.05436853056453087, 0.003001423873290657], [0.7659373313184757, 0.14982055983219703, 0.0030049034965582136, 0.016692631008439363, 0.061539670847771476, 0.0030049034965582136], [0.08071468560252588, 0.060723186720133084, 0.05724042661477606, 0.009576464748593297, 0.7887188788625991, 0.00302635745137262], [0.8697106325199733, 0.04705296200985618, 0.04541229679890971, 0.0074272314864912165, 0.02739118216417679, 0.0030056950205928773], [0.07414735853964206, 0.13546712214438342, 0.0030301670912911078, 0.012287568652663098, 0.7720376164807292, 0.0030301670912911078], [0.09087418934729868, 0.1971386395031623, 0.0030033281519688693, 0.015559248286543316, 0.690421266559058, 0.0030033281519688693], [0.7175888681586532, 0.2029341648628792, 0.003011903135553259, 0.020036648117496777, 0.0534165125898644, 0.003011903135553259], [0.7004105287485387, 0.21526707012495958, 0.0030074547037451244, 0.018820013805186317, 0.05948747791382527, 0.0030074547037451244], [0.745599474443995, 0.07817018197116941, 0.10142575135325752, 0.01550305076078267, 0.05628879144972439, 0.0030127500210710974], [0.7128484109948436, 0.07152476435159673, 0.0602300044308857, 0.03772268675098889, 0.10204795497521658, 0.015626178496468482], [0.8449803948118555, 0.05211833977367136, 0.05697461776616997, 0.009088559115931635, 0.03381810512459485, 0.003019983407776731], [0.8494722120287096, 0.10791688317045851, 0.0030041299613671447, 0.009498637254047414, 0.0271040076240503, 0.0030041299613671447], [0.8429459547137093, 0.11039380784575628, 0.0030068936088895946, 0.01007767933930792, 0.03056877088344738, 0.0030068936088895946], [0.8200228482889504, 0.13032848373256356, 0.00302073673477838, 0.011460066155175854, 0.03214712835375337, 0.00302073673477838], [0.8610755085978075, 0.057845266125104725, 0.05141407583777794, 0.007668926814337142, 0.01899053494418539, 0.00300568768078732], [0.8123457002610169, 0.08693152447660489, 0.0177494186008889, 0.004421079148480772, 0.07413119836452779, 0.004421079148480772]], [[0.8946167813683392, 0.06953365012123136, 0.009925304115654399, 0.0036208949878668165, 0.01868247441904147, 0.0036208949878668165], [0.9602200205167101, 0.018795529232715127, 0.011519142721722619, 0.003000482922200014, 0.0034643416844521773, 0.003000482922200014], [0.008743987270682804, 0.03801356748515103, 0.0030002708589493394, 0.003100437008927178, 0.9441414665173403, 0.0030002708589493394], [0.9098648380120428, 0.07073529250924038, 0.0030173209070467476, 0.00458336703499245, 0.00878186062963094, 0.0030173209070467476], [0.03587702434664599, 0.07719036960683295, 0.003011388034947011, 0.004693673466137889, 0.8762161565104891, 0.003011388034947011], [0.057627176051211024, 0.10311633818861023, 0.003001296986433641, 0.008355404113378272, 0.8248984876739333, 0.003001296986433641], [0.05643783997235116, 0.09356948095389972, 0.0030007467493480986, 0.00823568410674841, 0.8357555014683045, 0.0030007467493480986], [0.05856273399426383, 0.08742411531020541, 0.0030018658105084896, 0.008560524511580521, 0.8394488945629333, 0.0030018658105084896], [0.056106928006808936, 0.09580223920533217, 0.003000446472842954, 0.009058867544598163, 0.8330310722975749, 0.003000446472842954], [0.8216242269096573, 0.12621194819235915, 0.003016014054039164, 0.012974618768269346, 0.03315717802163587, 0.003016014054039164], [0.7134724135603188, 0.2175996954653177, 0.00301323671150215, 0.019672078004367922, 0.04322933954699143, 0.00301323671150215], [0.1339361203464493, 0.2696794517302105, 0.0030511438239586167, 0.022556711988410152, 0.5677254282870128, 0.0030511438239586167], [0.6473898521471422, 0.27076790771979287, 0.0030618841007139562, 0.021885788520135552, 0.05383268341150151, 0.0030618841007139562], [0.6827258056350581, 0.2247349056996176, 0.003027792669047139, 0.021987276825307895, 0.06449642650192215, 0.003027792669047139], [0.10627086911292943, 0.16591874306179777, 0.0030012250235220464, 0.01769454870928248, 0.7041133890689463, 0.0030012250235220464], [0.8590756273059543, 0.09123207568573496, 0.003002955914913153, 0.010357703359241159, 0.033328681819243214, 0.003002955914913153], [0.8576050655000678, 0.09119044768898694, 0.0030036363177298924, 0.010921092230963722, 0.03427612194452176, 0.0030036363177298924], [0.8203117981902276, 0.11990314022068985, 0.003015923866251469, 0.014046866780398893, 0.03970634707618082, 0.003015923866251469], [0.7215292337161269, 0.18921616946965528, 0.0030064829834905446, 0.020601863315648436, 0.06263976753158823, 0.0030064829834905446], [0.14928564728988158, 0.19702391741543637, 0.003021803678046738, 0.019234686311616893, 0.6284121416269717, 0.003021803678046738], [0.7245710322351225, 0.17729609600171078, 0.0030112482111761233, 0.02093813157691642, 0.07117224376389807, 0.0030112482111761233], [0.7460665880426599, 0.16433754198013573, 0.003006419143553625, 0.01819383568807672, 0.06538919600202045, 0.003006419143553625], [0.7658506836579643, 0.15450817202607486, 0.0030041996386208606, 0.01717784037049607, 0.05645490466822314, 0.0030041996386208606], [0.7395161210840409, 0.1724472357371087, 0.0030046588396962326, 0.01933684670666084, 0.06269047879279728, 0.0030046588396962326], [0.43784023753722906, 0.29478634487572536, 0.003003129567026473, 0.026751970685659574, 0.23461518776733323, 0.003003129567026473], [0.7716905278533346, 0.0767934936420099, 0.08066918940561625, 0.015834941527887718, 0.05200383143865457, 0.0030080161324972693], [0.8034409482037256, 0.05405639267357675, 0.0323611175961065, 0.032685822041510895, 0.06387378540105132, 0.013581934084028875], [0.7922165567832133, 0.053506322852877874, 0.03144027969667423, 0.02872702418840585, 0.0838330713099284, 0.010276745168900378], [0.7625071662647787, 0.07690268724391794, 0.08935017312819803, 0.015016516165261323, 0.053215501663383784, 0.00300795553446032], [0.7136848603821255, 0.20480346171408992, 0.0030136756427261925, 0.018856207785707298, 0.056628118832624995, 0.0030136756427261925], [0.13788356654314818, 0.21338289762264925, 0.0030323500233864604, 0.021458244450880584, 0.621210591336549, 0.0030323500233864604], [0.4335144697896528, 0.3164636705425591, 0.003002143322950924, 0.028704549500168007, 0.21531302352171836, 0.003002143322950924], [0.7477695360446448, 0.07685375552568757, 0.08456526147995677, 0.014170673295424284, 0.07363958427364498, 0.003001189380641453], [0.757857983821517, 0.05957905811006592, 0.051779133337520586, 0.039430743379406656, 0.07000489353349161, 0.021348187817998264], [0.7873502196844833, 0.07708349919441901, 0.07189824569626002, 0.014235606937044327, 0.046426009204652216, 0.00300641928314117], [0.8088684680989602, 0.13070877536270728, 0.0030311829265893134, 0.01404873317137969, 0.040311657513774315, 0.0030311829265893134], [0.792568931762848, 0.14783195118732081, 0.0030467910788692203, 0.014272071956868002, 0.03923346293522475, 0.0030467910788692203], [0.7402528141425698, 0.19424758639153658, 0.0030000195337682844, 0.015671882643549708, 0.04382767775480746, 0.0030000195337682844], [0.7985548568890628, 0.08193093496824504, 0.07407481325054026, 0.011041637885241247, 0.031364873063283935, 0.0030328839436268083], [0.7989413638375957, 0.09006849317605763, 0.018523967510384324, 0.004589540967405339, 0.08328709354115162, 0.004589540967405339]], [[0.8919667040360535, 0.06390152424460077, 0.010926252080774955, 0.0035928663805448366, 0.02601978687748132, 0.0035928663805448366], [0.9561512201114444, 0.021264170640583505, 0.013116614980291135, 0.0030001742337975386, 0.0034676458000859837, 0.0030001742337975386], [0.903434946024845, 0.0773235181277323, 0.0030146700363612015, 0.00457934270956371, 0.008632853065136637, 0.0030146700363612015], [0.8976466610534231, 0.07889176311873242, 0.003009353717107033, 0.004609408752532091, 0.01283345964109852, 0.003009353717107033], [0.2931544438198061, 0.21370115698524922, 0.018752004230140736, 0.068751954091265, 0.29414127683285174, 0.11149916404068715], [0.21945995948545097, 0.18995075250427654, 0.021464199927457784, 0.056404746730316396, 0.39820729627733853, 0.11451304507515984], [0.8244329330918605, 0.12188864919450564, 0.003014584307056572, 0.012686235863904011, 0.03496301323561674, 0.003014584307056572], [0.8627367988634954, 0.09274770098418227, 0.0030008456517604124, 0.010140856593641737, 0.028372952255159817, 0.0030008456517604124], [0.8705719692273031, 0.08564420415789155, 0.0030010668200364464, 0.010089344247707788, 0.02769234872702477, 0.0030010668200364464], [0.8476105029207853, 0.10307820985105327, 0.0030039079489903643, 0.012282362051515776, 0.03102110927866487, 0.0030039079489903643], [0.8099783331540494, 0.13207285363550098, 0.003025128735029971, 0.015437501545895767, 0.03646105419449383, 0.003025128735029971], [0.7095480741228647, 0.21267169396900232, 0.003012562037919879, 0.020959897550435574, 0.050795210281857704, 0.003012562037919879], [0.13565890590229002, 0.20756564384244597, 0.003019886232128507, 0.018891245930706003, 0.631844431860301, 0.003019886232128507], [0.7280531803435982, 0.18586019763778747, 0.0030064846423727477, 0.01977491091316811, 0.060298741820700726, 0.0030064846423727477], [0.823007102645678, 0.11714745781818049, 0.003018110238957367, 0.013134921611692179, 0.04067429744653476, 0.003018110238957367], [0.8681582082110236, 0.0843066893846768, 0.0030029206327882784, 0.010115575738319555, 0.03141368540040349, 0.0030029206327882784], [0.8152970636694894, 0.11976429014779344, 0.0030216795622325533, 0.014065336218158657, 0.044829950840093474, 0.0030216795622325533], [0.8411556599065758, 0.10080670792598205, 0.0030095333992676433, 0.011448544944088836, 0.040570020424818005, 0.0030095333992676433], [0.7585629767332357, 0.15731106452429527, 0.003004987116193711, 0.017597476124270813, 0.06051850838581096, 0.003004987116193711], [0.7392053552205159, 0.17219148979445195, 0.0030049260746784993, 0.01960756127837482, 0.06298574155730025, 0.0030049260746784993], [0.747726716296535, 0.15783439475026237, 0.003011147414461064, 0.017344585252163633, 0.07107200887211691, 0.003011147414461064], [0.11610692385012199, 0.13646974630098416, 0.003014280979682509, 0.015136995146135665, 0.7262577727433932, 0.003014280979682509], [0.7765864662587103, 0.13894101166601577, 0.0030111145582222896, 0.01788399952580092, 0.06056629343302844, 0.0030111145582222896], [0.7344549262900728, 0.17089999076916243, 0.0030084143738818058, 0.02157263144542378, 0.06705562274757748, 0.0030084143738818058], [0.1445904380355725, 0.17990331889573324, 0.003016130382641499, 0.0208150413515988, 0.6486589409518124, 0.003016130382641499], [0.7273299355715133, 0.1851198403777434, 0.003009860246233047, 0.019957766397001434, 0.061572737161275905, 0.003009860246233047], [0.11544246140376871, 0.08102015979173632, 0.08599096781298327, 0.015666940444394213, 0.6988626052038638, 0.003016865343253686], [0.7829528578197936, 0.07544485539979441, 0.07506670240197522, 0.014425839440260857, 0.049102812899892746, 0.0030069320382831704], [0.7896485709032699, 0.07025662543077138, 0.011575786539370568, 0.0356570996054694, 0.08442644646993647, 0.008435471051182355], [0.11576661898281941, 0.08295551610447545, 0.0914413792945252, 0.016007685880078625, 0.690811907514708, 0.0030168922233932915], [0.676537248794157, 0.22414369844054466, 0.003006067599290908, 0.021296966614864184, 0.07200995095185239, 0.003006067599290908], [0.7217620373420918, 0.08270792633215776, 0.11262874619864524, 0.016247858435966846, 0.06362677160678148, 0.0030266600843568896], [0.7579745178923137, 0.06046889561537119, 0.05473707093621056, 0.03867916082889592, 0.06919424807267954, 0.018946106654529147], [0.7633221626577636, 0.06107670335531636, 0.03812149452531985, 0.030356177924671292, 0.09599403737626526, 0.01112942416066363], [0.7319597842375255, 0.06316130639421107, 0.04985672949145094, 0.03165957148657667, 0.11192362231113993, 0.011438986079095964], [0.7805184730742547, 0.08677576156403317, 0.0784944325420943, 0.013121840208225601, 0.03803594898743528, 0.003053543623956965], [0.10207011246868314, 0.19501805052834467, 0.003004000704163055, 0.018733525982892362, 0.6781703096117537, 0.003004000704163055], [0.6834353165672625, 0.24140762951021993, 0.003002395693827726, 0.0186613731784078, 0.05049088935645428, 0.003002395693827726], [0.7438849802028898, 0.09126112316200895, 0.10437777066987118, 0.01614454528651315, 0.04132492597603188, 0.003006654702685055], [0.8303599195465112, 0.08421299740966107, 0.019177971813843276, 0.0047755969491056665, 0.0572849085176544, 0.004188605763224362]], [[0.8800053969942754, 0.06886729295827083, 0.013538990669775557, 0.0036965103560548424, 0.03019529866556842, 0.0036965103560548424], [0.9264499386838693, 0.030605654549782972, 0.028145624018326425, 0.004138593049733345, 0.007642368596907813, 0.003017821101380245], [0.9002241954356988, 0.08008199778431216, 0.0030131470338506353, 0.004576454771140333, 0.009091057941147668, 0.0030131470338506353], [0.820197416390151, 0.13814100426740886, 0.003020061438198098, 0.009763032123836762, 0.02585842434220717, 0.003020061438198098], [0.7684903655532337, 0.1731751351238036, 0.003001218037098261, 0.012885669972456871, 0.039446393276309236, 0.003001218037098261], [0.2805926239852529, 0.265332396090132, 0.01802269067249854, 0.0938043484600206, 0.22821828303958885, 0.11402965775250713], [0.09809351176664191, 0.19673304652029475, 0.003001273396428999, 0.018196606507389343, 0.6809742884128162, 0.003001273396428999], [0.08022387336538227, 0.14179598672896324, 0.003018017519458791, 0.013760883061083105, 0.7581832218056539, 0.003018017519458791], [0.8556380859238487, 0.09533797955969028, 0.0030026746655525574, 0.011740588300897638, 0.03127799688445818, 0.0030026746655525574], [0.8746235802004887, 0.08164069693242436, 0.0030017798436169415, 0.01005831944473672, 0.02767384373511644, 0.0030017798436169415], [0.8554656360926205, 0.09247431787024357, 0.0030043868372855117, 0.0122347115656238, 0.033816560796941064, 0.0030043868372855117], [0.8297437794347128, 0.11118048340382133, 0.003014289234197476, 0.013644682002510079, 0.039402476690560746, 0.003014289234197476], [0.7398968250853227, 0.1661661856792243, 0.003009621464485222, 0.021066610912474065, 0.06685113539400843, 0.003009621464485222], [0.732829187059541, 0.17055193543627217, 0.003016065563073519, 0.020227864161610303, 0.07035888221642948, 0.003016065563073519], [0.7584317257295978, 0.16274164108387806, 0.003002089862707631, 0.01744999090293576, 0.05537246255817312, 0.003002089862707631], [0.7757574187143855, 0.15190867991008475, 0.003003937787652775, 0.01708377430738754, 0.049242251492836786, 0.003003937787652775], [0.11626457020987688, 0.1367744932243686, 0.0030139296106954203, 0.016170011960103595, 0.72476306538426, 0.0030139296106954203], [0.10416164958880483, 0.1279302689700547, 0.003019718353127652, 0.015287355376903483, 0.7465812893579818, 0.003019718353127652], [0.7749369112813739, 0.14305424632241834, 0.0030086360693532947, 0.017367625809048912, 0.058623944448452224, 0.0030086360693532947], [0.7613139005243953, 0.14649459946324042, 0.0030122177631193127, 0.017810589666219272, 0.06835647481990641, 0.0030122177631193127], [0.4680457830390446, 0.2677561134829103, 0.0030082529136695258, 0.03055573429717217, 0.2276258633535339, 0.0030082529136695258], [0.7647893562736735, 0.13929005940341632, 0.0030168657282393084, 0.01913286520027907, 0.07075398766615255, 0.0030168657282393084], [0.7703268192163234, 0.1359332219556044, 0.0030169028663763952, 0.018998046597310164, 0.06870810649800944, 0.0030169028663763952], [0.7529608109700773, 0.15113612983089328, 0.003012340765887633, 0.02055644848797048, 0.06932192917928373, 0.003012340765887633], [0.7200300916071897, 0.17324796766990858, 0.0030189573667880787, 0.021607268376010402, 0.07907675761331528, 0.0030189573667880787], [0.7359908611929297, 0.17849355826013966, 0.0030070337261183353, 0.02007221993136076, 0.05942929316333328, 0.0030070337261183353], [0.7497102616394523, 0.17186792365589326, 0.0030026547923551203, 0.017521727111589322, 0.05489477800835498, 0.0030026547923551203], [0.7278368873643524, 0.18609908148648113, 0.0030093297101176824, 0.018485659624903047, 0.061559712104028094, 0.0030093297101176824], [0.7705866754912387, 0.07100118124291874, 0.08228571319728656, 0.013780165143061657, 0.05933217376588826, 0.0030140911596061326], [0.7850065049960542, 0.07668650736584033, 0.010656004164594229, 0.03594601812420375, 0.08289006807921369, 0.008814897270093928], [0.7547131768711626, 0.0771256785332132, 0.09075116429289849, 0.0164831121434047, 0.057913831889361604, 0.0030130362699593767], [0.14523269585894363, 0.17978592493818923, 0.0030260771947209523, 0.030832269649624332, 0.6380969551638009, 0.0030260771947209523], [0.8005588103081547, 0.06918633579587714, 0.06900963920567306, 0.01289125698658695, 0.045345775705376595, 0.003008181998331587], [0.7494433333571959, 0.058699027194047786, 0.039724531283878074, 0.02950024603945642, 0.11198956667799109, 0.01064329544743069], [0.8194451230883666, 0.0642108375080524, 0.059538347108059386, 0.012198820431967095, 0.04156102830393674, 0.003045843559617846], [0.7229622412463751, 0.19951133142918873, 0.00300969206400482, 0.02023794220443663, 0.0512691009919899, 0.00300969206400482], [0.6652624552278127, 0.2553154667694049, 0.0030225518098621227, 0.021430913160915572, 0.05194606122214249, 0.0030225518098621227], [0.14041153060696546, 0.23978908979985927, 0.0030341320324002875, 0.023475159872145265, 0.5902559556562295, 0.0030341320324002875], [0.6617364305205963, 0.11709620855566731, 0.14820957151328024, 0.020780711468530402, 0.04915937069872203, 0.0030177072432037793], [0.8245645130806317, 0.08691363803602119, 0.020566902488200898, 0.004377216756146267, 0.0593210789914265, 0.004256650647573493]], [[0.9048097367046122, 0.059499797890938906, 0.010611264323525252, 0.003489448079130595, 0.018100304922662607, 0.003489448079130595], [0.9127237017228516, 0.039356638366092, 0.02901571913973243, 0.004130412423841564, 0.011764440612374812, 0.0030090877351075978], [0.8290027763067405, 0.06274002181525926, 0.0723021237876127, 0.009140485533985524, 0.02379026082064208, 0.0030243317357599693], [0.7787810092612409, 0.0858655623040778, 0.09235540964817118, 0.01153412070815574, 0.028461963405073253, 0.003001934673281009], [0.701649509569311, 0.2307232900630092, 0.003019939431020661, 0.016236096623891978, 0.045351224881746394, 0.003019939431020661], [0.1348393134274812, 0.20905649368823945, 0.003006886970066892, 0.020479505694908674, 0.6296109132492369, 0.003006886970066892], [0.3529570498256444, 0.29872581837039386, 0.01405022855496897, 0.07073940905972399, 0.149686903343229, 0.1138405908460397], [0.10633131973332746, 0.2043637904240357, 0.003005439801746358, 0.019734664203358763, 0.6635593460357854, 0.003005439801746358], [0.8018782917128704, 0.1367123140912765, 0.0030326580956847498, 0.015417546699174105, 0.03992653130530959, 0.0030326580956847498], [0.8497917440211603, 0.09787866575416873, 0.0030048721457326282, 0.01271267263495866, 0.033607173298247084, 0.0030048721457326282], [0.8700676571739017, 0.07963955928894315, 0.003005137147677152, 0.010846675875903924, 0.0334358333658969, 0.003005137147677152], [0.10695798598487172, 0.1178619364709938, 0.0030229877554824413, 0.014200989144755616, 0.754933112888414, 0.0030229877554824413], [0.7612272543541194, 0.1481818746639401, 0.003010003219619812, 0.019158573671279204, 0.0654122908714216, 0.003010003219619812], [0.7316872955635916, 0.18139037505367497, 0.003007069173114725, 0.0198632383882633, 0.06104495264824068, 0.003007069173114725], [0.7173628412616266, 0.20096868329041453, 0.003008593021420694, 0.018590272074866344, 0.057061017330251214, 0.003008593021420694], [0.7338570882671965, 0.19373298029820002, 0.0030016396948151893, 0.017741069096657413, 0.04866558294831565, 0.0030016396948151893], [0.10866411239595558, 0.15301248617343952, 0.0030058923473328934, 0.015965402265354457, 0.7163462144705847, 0.0030058923473328934], [0.778996341026884, 0.14241131461435175, 0.0030084164114344697, 0.015642552050967005, 0.05693295948492844, 0.0030084164114344697], [0.7954052612216899, 0.13209190100539853, 0.003012627388751989, 0.015547550707638365, 0.050930032287769295, 0.003012627388751989], [0.1212881032342289, 0.1354759437087031, 0.0030156244265874856, 0.015275278912805182, 0.7219294252910878, 0.0030156244265874856], [0.7533341456514884, 0.1484134295954721, 0.0030162093268132654, 0.017800816501856706, 0.07441918959755633, 0.0030162093268132654], [0.7785614197129115, 0.1402735824408076, 0.003009540735026217, 0.017364257458563973, 0.05778165891766449, 0.003009540735026217], [0.13649411455922747, 0.13680357474599728, 0.003020000976139731, 0.018494737023318646, 0.7021675717191772, 0.003020000976139731], [0.7439536147194696, 0.15242606967191477, 0.003018508900437082, 0.020370324581537997, 0.07721297322620346, 0.003018508900437082], [0.7569210950579198, 0.15482323157504152, 0.003007118935473741, 0.019044689124245458, 0.06319674637184554, 0.003007118935473741], [0.5066655767337277, 0.22813893475079378, 0.0030194603426731636, 0.02322631906563657, 0.23593024876449561, 0.0030194603426731636], [0.7351286252502653, 0.18319796022318954, 0.003005942669355783, 0.018379465