{"prediction": [[[0.9161097608828944, 0.013077292070865007, 0.010302867648239119, 0.010302867648239119, 0.039904344101523354, 0.010302867648239119], [0.9008688537945801, 0.019717833493741437, 0.01271133603517196, 0.010462759604243893, 0.045776457468018575, 0.010462759604243893], [0.9010095964620098, 0.016395411307945137, 0.010553290681502818, 0.010553290681502818, 0.050935120185536725, 0.010553290681502818], [0.8816169037978673, 0.016509217464219152, 0.011052268521178752, 0.011052268521178752, 0.0687170731743771, 0.011052268521178752], [0.8935165780487807, 0.016642321290471506, 0.010726949859044956, 0.010726949859044956, 0.057660251083612946, 0.010726949859044956], [0.8986886412710499, 0.016133542565316017, 0.010611421712971122, 0.010611421712971122, 0.05334355102472059, 0.010611421712971122], [0.8964306343854792, 0.015572619588380656, 0.010676554903426573, 0.010676554903426573, 0.0559670813158605, 0.010676554903426573], [0.892211676149721, 0.015216278826343434, 0.010790793775504919, 0.010790793775504919, 0.06019966369742074, 0.010790793775504919], [0.8819033845135029, 0.015446319522169853, 0.011069947926230091, 0.011069947926230091, 0.06944045218563698, 0.011069947926230091], [0.8958087294767391, 0.01704041699603229, 0.01066323186770053, 0.01066323186770053, 0.055161157924127006, 0.01066323186770053], [0.8788626721073891, 0.018427294953570653, 0.01108701566414004, 0.01108701566414004, 0.06944898594662006, 0.01108701566414004], [0.8987461486309316, 0.017868307195422053, 0.010579091640717245, 0.010579091640717245, 0.05164826925149456, 0.010579091640717245], [0.8754664929494131, 0.01904389518114722, 0.0111726553013727, 0.0111726553013727, 0.07197164596532157, 0.0111726553013727], [0.894215226423938, 0.015705530984918854, 0.009999516232868997, 0.009999516232868997, 0.06008069389253609, 0.009999516232868997], [0.8854816045152581, 0.014798210876623037, 0.00999980754315114, 0.00999980754315114, 0.06972076197866543, 0.00999980754315114], [0.8809851407089898, 0.01746259140347876, 0.01104797116555167, 0.01104797116555167, 0.06840835439087649, 0.01104797116555167], [0.8878477464589586, 0.017376321798980823, 0.010859207776279616, 0.010859207776279616, 0.06219830841322182, 0.010859207776279616], [0.8942722820631832, 0.017147543026045535, 0.010698405803122773, 0.010698405803122773, 0.056484957501403074, 0.010698405803122773], [0.871635399472557, 0.016487352181906702, 0.01135503029391289, 0.01135503029391289, 0.07781215746379767, 0.01135503029391289], [0.8626314945514393, 0.013889990093527278, 0.011728541612569402, 0.011728541612569402, 0.08829289051732515, 0.011728541612569402], [0.8842662704634618, 0.015080272609552732, 0.011010728437304603, 0.011010728437304603, 0.0676212716150718, 0.011010728437304603], [0.883723511438167, 0.016111436139329225, 0.011001512425317217, 0.011001512425317217, 0.06716051514655223, 0.011001512425317217], [0.8858982642839403, 0.016212801549230074, 0.010938186204317055, 0.010938186204317055, 0.0650743755538785, 0.010938186204317055], [0.8731897145035266, 0.017727899482334813, 0.01127422270097309, 0.01127422270097309, 0.07525971791121934, 0.01127422270097309], [0.8753720365978742, 0.01775989673000492, 0.011206558720577317, 0.011206558720577317, 0.07324839051038899, 0.011206558720577317], [0.8953407106010697, 0.01441476228487302, 0.009999514179989233, 0.009999514179989233, 0.06024598457408971, 0.009999514179989233], [0.8983853425409475, 0.015499101727872382, 0.00999940334152264, 0.00999940334152264, 0.056117345706612184, 0.00999940334152264], [0.9007133339149442, 0.016132244808376984, 0.009999327766533722, 0.009999327766533722, 0.053156437977077725, 0.009999327766533722], [0.8980086165115301, 0.01777046695956621, 0.010741610443236047, 0.010597551870920287, 0.05228420234382717, 0.010597551870920287], [0.8932135301730142, 0.018893240488270322, 0.010691772256467209, 0.010691772256467209, 0.0558179125693139, 0.010691772256467209], [0.8991882736930248, 0.016813164971630466, 0.010587022153730368, 0.010587022153730368, 0.05223749487415363, 0.010587022153730368], [0.9000380282886418, 0.015279981088557045, 0.010595754975778878, 0.010595754975778878, 0.05289472569546445, 0.010595754975778878], [0.9068542053589627, 0.01463269709559286, 0.010456247480360292, 0.010456247480360292, 0.047144355104363427, 0.010456247480360292], [0.9104959586803598, 0.014655411783481419, 0.010381939824089765, 0.010381939824089765, 0.04370281006388937, 0.010381939824089765], [0.9118673054601594, 0.014274337934757634, 0.010361276498110179, 0.010361276498110179, 0.04277452711075262, 0.010361276498110179], [0.8973521663374032, 0.014468363723890147, 0.010676054210685326, 0.010676054210685326, 0.05615130730665078, 0.010676054210685326], [0.8934377002869485, 0.016546877554888064, 0.010731376596893499, 0.010731376596893499, 0.057821292367483006, 0.010731376596893499], [0.9062706114683331, 0.015842652354336743, 0.010448561567874192, 0.010448561567874192, 0.04654105147370751, 0.010448561567874192], [0.8954657081813261, 0.019356507477425938, 0.012261387396575486, 0.010596857721175865, 0.051722681502320865, 0.010596857721175865], [0.9125128961717259, 0.014112726947053424, 0.010869154849752812, 0.010345932433928845, 0.04181335716361003, 0.010345932433928845]], [[0.8933209744915787, 0.02051568473941368, 0.012081360942893343, 0.010632177072679064, 0.052817625680756194, 0.010632177072679064], [0.023537659682319127, 0.01970021820337644, 0.015491274785893804, 0.01007413307563342, 0.9211225811771437, 0.01007413307563342], [0.9250519902101005, 0.029193628377767775, 0.01519682676728093, 0.010036621301558019, 0.01048431204173475, 0.010036621301558019], [0.9251355867567186, 0.028768225738822515, 0.015192903514961272, 0.010037870256615306, 0.010827543476267073, 0.010037870256615306], [0.9233383534618913, 0.029363496691815667, 0.015201893578604587, 0.010037498140272086, 0.012021259987144244, 0.010037498140272086], [0.9217919429657564, 0.029316637314935876, 0.01521005865745446, 0.010040757673313411, 0.013599845715226528, 0.010040757673313411], [0.9203229269944612, 0.029751090829093225, 0.015205845908684127, 0.010042551624536435, 0.01463503301868852, 0.010042551624536435], [0.8883312922686124, 0.04027738224692613, 0.026525234525448443, 0.011550974011185426, 0.02299618503167985, 0.010318931916147798], [0.054917218594464676, 0.031450762879002364, 0.025563401303017343, 0.01140362830398958, 0.8662958556595357, 0.010369133259990303], [0.8839348373839367, 0.042414564980265274, 0.02632739791876122, 0.011535336688835657, 0.025483397524772345, 0.010304465503428676], [0.08837627504254136, 0.04143956023222136, 0.03463963938828518, 0.014665689566562968, 0.8099901600951114, 0.010888675675277782], [0.8661963492864605, 0.04608153881189748, 0.032936443573555706, 0.014223411515422947, 0.029825038451048815, 0.010737218361614611], [0.8504458437352868, 0.05150589447733943, 0.03272933841554543, 0.014133974357984622, 0.04051922625348714, 0.010665722760356705], [0.8839734125735637, 0.03818164373295847, 0.027444552470119878, 0.011851768884318319, 0.028548714426115722, 0.009999907912924128], [0.7100852351778446, 0.11737610492434448, 0.10558874891215117, 0.01213575267768202, 0.0448142281986289, 0.009999930109348855], [0.8584553815487911, 0.048703373550631784, 0.03335389218417127, 0.014403683410451888, 0.034199321391339355, 0.010884347914614597], [0.8481054847641736, 0.050313999836700714, 0.03623821020469519, 0.014352277442545858, 0.04014935734776371, 0.010840670404120912], [0.8826158801569672, 0.04067840722215515, 0.025404621794399267, 0.011518472950866882, 0.029467395504063888, 0.010315222371547701], [0.8853510670165142, 0.041123465823074946, 0.025422197055490023, 0.011526441586303253, 0.02626097924797429, 0.010315849270643352], [0.0748612715300159, 0.04039356864713266, 0.025483606116943846, 0.01136803231143586, 0.8375791280933821, 0.010314393301089582], [0.8786141985653367, 0.043895295109784856, 0.02540657989620588, 0.011519360755569396, 0.03026565402031558, 0.010298911652787568], [0.851809271585457, 0.052434627340377724, 0.03274031061674419, 0.014138712639230172, 0.038210748909826876, 0.01066632890836397], [0.8582061810443993, 0.045542277041590584, 0.03281127952535645, 0.014169360149479381, 0.03856178239283895, 0.010709119846335515], [0.8441928650434481, 0.059531974518719714, 0.03313444799168205, 0.014308917718417392, 0.038038324581400024, 0.010793470146332734], [0.8543281462592669, 0.046977580267602265, 0.036388516532868107, 0.014411806820821523, 0.037021580547308, 0.01087236957213331], [0.10766968189002807, 0.11766191298840076, 0.10693836267799324, 0.012501726719837052, 0.6452283751602985, 0.009999940563442453], [0.8872455325240102, 0.03757207425667473, 0.027478610411685894, 0.011866476606463006, 0.025837396866120695, 0.009999909335045366], [0.08382305921754385, 0.03579442252363471, 0.02879086367600802, 0.012189442547594872, 0.8294022942886968, 0.009999917746521815], [0.8829089872941992, 0.04110860625741828, 0.0254283599004391, 0.011529235824431293, 0.028711428130975936, 0.010313382592536205], [0.06151411737721491, 0.026921091285483492, 0.02560014811608278, 0.011420020762590351, 0.8641543829379241, 0.01039023952070418], [0.8677655770338122, 0.021983130101566405, 0.011338175916605877, 0.011338175916605877, 0.07623676511480368, 0.011338175916605877], [0.8756164521286709, 0.019148838510210153, 0.011164808093836473, 0.011164808093836473, 0.07174028507960956, 0.011164808093836473], [0.856468833225386, 0.019200867223345373, 0.011782399528465345, 0.011782399528465345, 0.08898310096587246, 0.011782399528465345], [0.8779917354824934, 0.01847188018765064, 0.01111066438373037, 0.01111066438373037, 0.07020439117866492, 0.01111066438373037], [0.9254249483338887, 0.022190532224983482, 0.015209299000142479, 0.010076621763127472, 0.01702197691473036, 0.010076621763127472], [0.9037145853845803, 0.03193582173888581, 0.025580315406820577, 0.01159813255527639, 0.01677798403740185, 0.010393160877034938], [0.9265898073106259, 0.02539527420081873, 0.015187404215220445, 0.010050412049671503, 0.012726690173991856, 0.010050412049671503], [0.03707448027493097, 0.021279972850635927, 0.015591522326345699, 0.010143805386007232, 0.9057664137760729, 0.010143805386007232], [0.9255238332334823, 0.02761685483183502, 0.015189208746341035, 0.010041717520286002, 0.011586668147769692, 0.010041717520286002], [0.898630430367561, 0.019401073090420023, 0.01188589354888949, 0.010531634271439714, 0.04901933445025021, 0.010531634271439714]], [[0.9017412821472808, 0.016167903332534813, 0.01054072560575264, 0.01054072560575264, 0.05046863770292667, 0.01054072560575264], [0.9253823245991529, 0.029325942993409748, 0.015188856866114646, 0.010034291847107584, 0.010034291847107584, 0.010034291847107584], [0.9184643017703542, 0.041064402934120336, 0.010010790607147737, 0.010010790607147737, 0.010438923474082139, 0.010010790607147737], [0.9197691301408442, 0.03891934704375711, 0.010016682035802199, 0.010016682035802199, 0.011261476707992192, 0.010016682035802199], [0.05605520390229859, 0.04189255211475461, 0.010311455262885199, 0.010311455262885199, 0.8711178781942912, 0.010311455262885199], [0.9094043392318832, 0.046974070240588556, 0.010004818007792035, 0.010004818007792035, 0.013607136504152061, 0.010004818007792035], [0.8703793834758277, 0.07202128114606793, 0.010284245528501944, 0.012971975261664437, 0.0240588690594361, 0.010284245528501944], [0.8688818847825376, 0.0699165166260665, 0.010283184630710998, 0.012971749871678932, 0.02766347945829483, 0.010283184630710998], [0.8582252921307114, 0.07596575476569799, 0.01023780715652018, 0.012913670075240876, 0.03241966871530933, 0.01023780715652018], [0.8268933259753769, 0.09711052370951227, 0.01048455122603411, 0.014811808571427849, 0.0402152392916146, 0.01048455122603411], [0.8391457931395374, 0.08333994234533776, 0.01057058657679224, 0.014930591500421536, 0.04144249986111885, 0.01057058657679224], [0.8324081477896018, 0.07882990835508169, 0.010565944066940332, 0.014922577422611862, 0.05270747829882404, 0.010565944066940332], [0.8523781946982634, 0.07981709792573222, 0.010833113833170642, 0.01529843879085516, 0.030840040918807987, 0.010833113833170642], [0.14487455581799277, 0.22745366615717064, 0.009999665141001018, 0.012928373687545744, 0.5947440740552888, 0.009999665141001018], [0.5091308770948159, 0.2613750974569476, 0.009999971749889494, 0.0163936200446462, 0.19310046190381136, 0.009999971749889494], [0.8354296757798348, 0.07508202155362656, 0.01077557661576929, 0.015214651569685576, 0.052722497865314306, 0.01077557661576929], [0.8576630650293388, 0.07430368785215506, 0.010681536750774587, 0.01508192284188917, 0.031588250775068015, 0.010681536750774587], [0.39149008785061545, 0.09384859228769943, 0.03513381485329858, 0.03513381485329858, 0.20240910761825134, 0.24198458253683666], [0.07242004718353282, 0.07276312698193359, 0.010282450401451093, 0.0130342270389779, 0.8212176979926535, 0.010282450401451093], [0.06886428102080698, 0.05712397064971095, 0.010387326073418288, 0.013165932267854681, 0.8400711639147909, 0.010387326073418288], [0.10677198438830936, 0.08823729437744325, 0.010595846285641631, 0.015176347570068539, 0.7686226810928957, 0.010595846285641631], [0.8382925245998893, 0.08711336386480883, 0.01055668481054982, 0.014909304727477934, 0.038571437186724254, 0.01055668481054982], [0.8281223046206789, 0.08332025574394222, 0.010535077687560237, 0.014877971868254269, 0.05260931239200415, 0.010535077687560237], [0.857185303457593, 0.06892242085990209, 0.01086308254761027, 0.015339823710976886, 0.036826286876307526, 0.01086308254761027], [0.1724449794978787, 0.08082439001569962, 0.010576889079875133, 0.0151532754736968, 0.7104235768529746, 0.010576889079875133], [0.5031621889798863, 0.2564701840083977, 0.009999984045110795, 0.01644485360641451, 0.20392280531507995, 0.009999984045110795], [0.7762457808201944, 0.1480245140751947, 0.009999618256156835, 0.01257493339497502, 0.0431555351973223, 0.009999618256156835], [0.887358831589493, 0.05346856870556346, 0.009999643791812113, 0.012663586544267602, 0.026509725577051918, 0.009999643791812113], [0.8223794297938989, 0.0986045453172301, 0.010463429434027146, 0.014780051044347431, 0.043309114976469144, 0.010463429434027146], [0.831101192741959, 0.08831904614779626, 0.010524825493770817, 0.014866686622643979, 0.044663423500059134, 0.010524825493770817], [0.8815518509802448, 0.03773338786618009, 0.0254340942272564, 0.011531835772144386, 0.033418126533670205, 0.010330704620504222], [0.8647108319734643, 0.02035753155977298, 0.011474869657930925, 0.011474869657930925, 0.08050702749296983, 0.011474869657930925], [0.8831793181928355, 0.033503005639675836, 0.025485593069105524, 0.01155518538237047, 0.035920462070507184, 0.010356435645505492], [0.879598398602417, 0.019522940103576285, 0.011040318842215931, 0.011040318842215931, 0.06775770476735914, 0.011040318842215931], [0.8915203527387903, 0.018267996323003875, 0.010744831393145927, 0.010744831393145927, 0.05797715675876803, 0.010744831393145927], [0.9038812526572304, 0.02982593577626724, 0.02555675376006653, 0.011587449688473231, 0.018749618775315283, 0.010398989342647299], [0.8845449324332697, 0.05747280260343584, 0.010370653863434756, 0.013078947562881497, 0.024162009673543556, 0.010370653863434756], [0.9178464340661153, 0.03747435877784242, 0.010027979900126494, 0.010027979900126494, 0.01459526745566272, 0.010027979900126494], [0.9232540003536128, 0.02925213043923619, 0.015200140670339897, 0.010038060068552908, 0.012217608399705308, 0.010038060068552908], [0.9002984712637281, 0.0164850580710848, 0.010567506201056745, 0.010567506201056745, 0.05151395206201688, 0.010567506201056745]], [[0.8825006804249544, 0.015262111358038935, 0.01105735253639788, 0.01105735253639788, 0.06906515060781315, 0.01105735253639788], [0.9252630417756869, 0.028252456177620122, 0.015183116203591336, 0.010039481274593018, 0.011222423293915814, 0.010039481274593018], [0.048910205875806155, 0.04136364097331948, 0.010219937568265676, 0.010219937568265676, 0.8790663404460773, 0.010219937568265676], [0.9152272639641974, 0.040401279411418266, 0.010019494297349295, 0.010019494297349295, 0.014312973732336531, 0.010019494297349295], [0.9107801351749092, 0.04397942668329589, 0.010015031592468547, 0.010015031592468547, 0.015195343364389269, 0.010015031592468547], [0.8614068899822507, 0.07529158078325265, 0.010247502718736848, 0.012931363051142756, 0.029875160745880303, 0.010247502718736848], [0.8638622631987903, 0.07356173679739009, 0.010258809632496212, 0.012944828133289161, 0.029113552605538016, 0.010258809632496212], [0.8583516669886455, 0.07536955003065028, 0.010239986866531301, 0.012918182180022199, 0.03288062706761935, 0.010239986866531301], [0.8217912829468872, 0.10170698962745767, 0.01045367872925898, 0.014769498082238354, 0.040824871884898695, 0.01045367872925898], [0.8444326393706776, 0.07953424943870537, 0.010603764954313368, 0.014976844130076142, 0.039848737151914185, 0.010603764954313368], [0.8251634268517375, 0.08136492701755867, 0.010538148550231163, 0.014885648526501266, 0.05750970050374014, 0.010538148550231163], [0.5768539241407173, 0.12360302923890479, 0.01136157770702163, 0.01902143724113567, 0.25779845396519885, 0.01136157770702163], [0.1359344034088835, 0.0932792255405569, 0.010668122517949684, 0.015283887583830468, 0.7341662384308297, 0.010668122517949684], [0.06509629871661908, 0.13392011246617494, 0.009999742501006275, 0.013202865359484181, 0.7677812384557092, 0.009999742501006275], [0.693087055155722, 0.22731573909775818, 0.009999662426228724, 0.012732974691853064, 0.04686490620220932, 0.009999662426228724], [0.8433223101875956, 0.08103870681100254, 0.01078135287737144, 0.015224527824490531, 0.038851749422168395, 0.01078135287737144], [0.08054659037851201, 0.07441718346293613, 0.010813949957661257, 0.015487154707166386, 0.8079211715360629, 0.010813949957661257], [0.09713919122568081, 0.07474594166418737, 0.010242966878173576, 0.01298664413595962, 0.794642289217825, 0.010242966878173576], [0.8510409053039398, 0.08012258654811037, 0.01021114663286988, 0.012881156093925615, 0.035533058788284375, 0.01021114663286988], [0.8282020313253874, 0.09657003671630696, 0.010491157616511688, 0.014818310826727335, 0.039427305898554865, 0.010491157616511688], [0.8404297542714456, 0.08269407839051066, 0.010577718657339096, 0.014940507843761988, 0.04078022217960337, 0.010577718657339096], [0.8302818761969046, 0.07456398870344935, 0.010693249380104389, 0.015103003960788328, 0.05866463237864889, 0.010693249380104389], [0.5853515515052888, 0.13052734044853434, 0.011332962725593202, 0.018971238449539882, 0.2424839441454505, 0.011332962725593202], [0.7915357767552379, 0.09727918250769914, 0.010471804235562912, 0.014792895873430625, 0.07544853639250652, 0.010471804235562912], [0.850723651161228, 0.07997864833064405, 0.01063274888122765, 0.015016904730584523, 0.03301529801508826, 0.01063274888122765], [0.7568067732535732, 0.07871871708505748, 0.009999562828873206, 0.01238056471031196, 0.13209481929331124, 0.009999562828873206], [0.8792930826062012, 0.0589666455564909, 0.009999621764289295, 0.012587543911908488, 0.029153484396820726, 0.009999621764289295], [0.8523239081917112, 0.06946818164528318, 0.009999569843462657, 0.012404949946668497, 0.045803820529411836, 0.009999569843462657], [0.1269401399926274, 0.08360360720835144, 0.010573023299961301, 0.015146618919848445, 0.75316358727925, 0.010573023299961301], [0.8455204872033669, 0.07767087028282212, 0.010613938422970237, 0.014988188148088522, 0.04059257751978198, 0.010613938422970237], [0.8549378254703639, 0.04582951731545359, 0.0327466456840719, 0.014141448401194847, 0.041645275522455914, 0.010699287606459858], [0.8796797560872642, 0.021032001945908006, 0.011005514278924013, 0.011005514278924013, 0.06627169913005562, 0.011005514278924013], [0.10206260025849875, 0.03136138404356066, 0.025732209002040325, 0.011478932064693857, 0.8189308291673418, 0.010434045463864627], [0.8881138830322178, 0.03443136534781776, 0.025453520108160727, 0.011540643479873885, 0.030111570264697667, 0.01034901776723211], [0.882661815429678, 0.019631300623936497, 0.01095196075130819, 0.01095196075130819, 0.0648510016924608, 0.01095196075130819], [0.1283946925041835, 0.032480807658362094, 0.02608954218121093, 0.011638335530126435, 0.7908205545827417, 0.010576067543375168], [0.8878794175399346, 0.05317196489929038, 0.010395370787471202, 0.01311062791327235, 0.025047248072560285, 0.010395370787471202], [0.08278355030444645, 0.05005874996718331, 0.010404907021397822, 0.01319136582867018, 0.8331565198569044, 0.010404907021397822], [0.035947857537586274, 0.020170941810099877, 0.015594729849565376, 0.010139235986737181, 0.9080079988292741, 0.010139235986737181], [0.8973072235446232, 0.014458204971094245, 0.010677598268772993, 0.010677598268772993, 0.056201776677963465, 0.010677598268772993]], [[0.9086027932232439, 0.014147265637915948, 0.010428173587662112, 0.010428173587662112, 0.045965420375853876, 0.010428173587662112], [0.9215578400040145, 0.030212781967885367, 0.015894221222444535, 0.010033296939487436, 0.012268562926680807, 0.010033296939487436], [0.9165153383194206, 0.04240990244388915, 0.010008191647055745, 0.010008191647055745, 0.011050184295522824, 0.010008191647055745], [0.9114983536545426, 0.044282952221575966, 0.010010895271637258, 0.010010895271637258, 0.01418600830896979, 0.010010895271637258], [0.9068877088683253, 0.04741897446337038, 0.010011386087888421, 0.010011386087888421, 0.015659158404639106, 0.010011386087888421], [0.10357841561458742, 0.07352578743095162, 0.010251301812878418, 0.01300034764843949, 0.7893928456802645, 0.010251301812878418], [0.8560240926410884, 0.07980907114701255, 0.01022186405614731, 0.012897134454838675, 0.030825973644765834, 0.01022186405614731], [0.8576047922682962, 0.07900361058650615, 0.010227883900569737, 0.012903227836757451, 0.03003260150730073, 0.010227883900569737], [0.8430084116029543, 0.08991787874886983, 0.010168234076118866, 0.012830258535281974, 0.03390698296065618, 0.010168234076118866], [0.17363653527288642, 0.1033664394309065, 0.010423201182954237, 0.014936420473278983, 0.6872142024570197, 0.010423201182954237], [0.8551224926833849, 0.0745830537516951, 0.010667324396178547, 0.015064863628588665, 0.033894941143974185, 0.010667324396178547], [0.8114157272053274, 0.10173470181114581, 0.010420325458495392, 0.014719608652578159, 0.051289311413957955, 0.010420325458495392], [0.8314830017481502, 0.09476926767212522, 0.010509205523015545, 0.014843335459942462, 0.03788598407375101, 0.010509205523015545], [0.8422217967825684, 0.09183748415000288, 0.009999528758073193, 0.012259229480792024, 0.033682432070490466, 0.009999528758073193], [0.7887646560359063, 0.14824403772092062, 0.009999636754126384, 0.012640585727615623, 0.030351447007304726, 0.009999636754126384], [0.41101576333437895, 0.09518221166184261, 0.03552682258108521, 0.03552682258108521, 0.17810781542970286, 0.2446405644119053], [0.8493409234940315, 0.08046917948315707, 0.010207621086414388, 0.01287521191979465, 0.03689944293018787, 0.010207621086414388], [0.8205145599231697, 0.10203427519581709, 0.010447905429701462, 0.014755944304481775, 0.04179940971712863, 0.010447905429701462], [0.8456254062873501, 0.08648019027188751, 0.01018222478677367, 0.012842772123892692, 0.03468718174332239, 0.01018222478677367], [0.8090386982069435, 0.10751168504122854, 0.010395103223563188, 0.01468242616113749, 0.04797698414356411, 0.010395103223563188], [0.8292736768112412, 0.09423729057067413, 0.010501036368443925, 0.014831693704457806, 0.04065526617673912, 0.010501036368443925], [0.827946605738298, 0.08598067209434151, 0.010701702884790732, 0.015112198645686054, 0.04955711775209293, 0.010701702884790732], [0.8220761234369758, 0.09025940527455899, 0.010490638307989464, 0.014815833419052129, 0.05186736125343416, 0.010490638307989464], [0.1357803349939303, 0.10303872174179493, 0.01042929107596026, 0.014942165003688349, 0.725380196108666, 0.01042929107596026], [0.15067875903901198, 0.10784929458769965, 0.010388490455654454, 0.01488463555854723, 0.7058103299034323, 0.010388490455654454], [0.8718300254596705, 0.06771539992480537, 0.009999599017086816, 0.012507644433446473, 0.027947732147904157, 0.009999599017086816], [0.15919356396385118, 0.07407168177715964, 0.009999575550535723, 0.012604318381024831, 0.7341312847768929, 0.009999575550535723], [0.6608270150527573, 0.12121306982473613, 0.009999763676213124, 0.0155232682524407, 0.18243711951763975, 0.009999763676213124], [0.8300945004426068, 0.0847276550099134, 0.010714135324699543, 0.015131031969031468, 0.0486185419290493, 0.010714135324699543], [0.8364603164836846, 0.08235589265316073, 0.010746916240065987, 0.01517715048833619, 0.044512807894686625, 0.010746916240065987], [0.8363661635245033, 0.08363878745573204, 0.010741807639670756, 0.015170056195309848, 0.04334137754511327, 0.010741807639670756], [0.8507865842709185, 0.050407267614298805, 0.03275861128370496, 0.01414661567577412, 0.041230331966417295, 0.010670589188886399], [0.885491926319754, 0.025939603985046484, 0.010765456100311757, 0.010765456100311757, 0.056272101394264244, 0.010765456100311757], [0.8793797318082708, 0.04228458633768843, 0.0254344320053752, 0.0115319889209752, 0.031062721235850892, 0.010306539691839624], [0.8793702462932566, 0.035888035461669514, 0.02546868344761691, 0.011547518548386386, 0.0373808081735002, 0.010344708075570483], [0.8861985046881663, 0.019848648006019484, 0.010852215337662001, 0.010852215337662001, 0.061396201292828294, 0.010852215337662001], [0.8816943845717985, 0.03735542865535213, 0.025472074987825208, 0.011549056275043657, 0.033596335835338824, 0.0103327196746417], [0.12773796296183737, 0.05487757264334978, 0.010395648447894094, 0.013179849232392953, 0.7834133182666317, 0.010395648447894094], [0.8978677228378514, 0.03394119766499275, 0.025525424010451533, 0.011573244758503465, 0.020725232403543358, 0.010367178324657547], [0.905186762597608, 0.014840300328792156, 0.010487888588930919, 0.010487888588930919, 0.04850927130680718, 0.010487888588930919]], [[0.8934911665311747, 0.01672842843161676, 0.010725956221610301, 0.010725956221610301, 0.05760253637237766, 0.010725956221610301], [0.0281083153641281, 0.02015995167906058, 0.015506676394337168, 0.010089716346699903, 0.9160456238690744, 0.010089716346699903], [0.913032234889174, 0.044244636869516275, 0.010007014807928712, 0.010007014807928712, 0.012702083817523541, 0.010007014807928712], [0.908744837579912, 0.04489509472538455, 0.010018054584423614, 0.010018054584423614, 0.016305903941432602, 0.010018054584423614], [0.8575752605076116, 0.07803229686791101, 0.010230348926089903, 0.012907516021388683, 0.031024228750908895, 0.010230348926089903], [0.8524576694017942, 0.08207804146799365, 0.010207647100797586, 0.012879655570418211, 0.03216933935819874, 0.010207647100797586], [0.8395955309932126, 0.08948388629581157, 0.010165115683604894, 0.012830784543394326, 0.03775956680037166, 0.010165115683604894], [0.12130407742609664, 0.08715195113603653, 0.010211637143838596, 0.012950196181510025, 0.7581705009686797, 0.010211637143838596], [0.8241553890900986, 0.10209039321294212, 0.010462705777373073, 0.014779961740685054, 0.038048844401528156, 0.010462705777373073], [0.8303313300244682, 0.09767382232192869, 0.010498452821263516, 0.014829740185802397, 0.03616820182527374, 0.010498452821263516], [0.8035376584097095, 0.10646160376548444, 0.010385364127834822, 0.014671303678002096, 0.05455870589113438, 0.010385364127834822], [0.08961775638497105, 0.07171688246305617, 0.010789963360123979, 0.015452729562751764, 0.8016327048689731, 0.010789963360123979], [0.8174072341721466, 0.106644440697534, 0.010425895389817044, 0.014725697586620042, 0.04037083676406529, 0.010425895389817044], [0.866224856232078, 0.07452412915043645, 0.009999454567786743, 0.01071224456229091, 0.028539860919621216, 0.009999454567786743], [0.8380579933343306, 0.08999351853604987, 0.009999525140401866, 0.012247737141730086, 0.03970170070708577, 0.009999525140401866], [0.415946119409657, 0.09290329270188157, 0.03566757555781813, 0.03566757555781813, 0.17424830864141577, 0.2455671281314096], [0.8142615086661866, 0.10376806375511187, 0.010421683936766131, 0.014718810086356766, 0.04640824961881249, 0.010421683936766131], [0.8451448961833355, 0.08633334266041183, 0.010591645582081092, 0.01495734159134846, 0.03238112840074201, 0.010591645582081092], [0.7967390825764593, 0.11544902706943543, 0.010339553664259756, 0.01460565611935833, 0.052527126906227434, 0.010339553664259756], [0.8306449321246923, 0.09458444769519966, 0.010505914259752584, 0.014836831889767208, 0.038921959770835665, 0.010505914259752584], [0.7998703738429377, 0.0967039450933324, 0.010501369850806413, 0.014829595986858273, 0.06759334537525884, 0.010501369850806413], [0.5559924000205656, 0.1606826172007136, 0.011064841300748106, 0.01852536872335943, 0.24266993145386512, 0.011064841300748106], [0.13513931064964538, 0.0834203821013558, 0.010559118352565195, 0.015124551748364102, 0.7451975187955044, 0.010559118352565195], [0.8234263095168052, 0.0970143226550772, 0.010616792683344518, 0.01499333082459155, 0.043332451636837216, 0.010616792683344518], [0.8027905239634948, 0.11389677472540154, 0.010359235556058674, 0.014631179508108503, 0.04796305069087764, 0.010359235556058674], [0.827919804857039, 0.09593067386938076, 0.009999508309834199, 0.012189024316993065, 0.04396148033691877, 0.009999508309834199], [0.8546137133865098, 0.07929824583305345, 0.009999558311991895, 0.0123632135009622, 0.03372571065549087, 0.009999558311991895], [0.8575436688745048, 0.0672861274470148, 0.00999957840702323, 0.012434243562819917, 0.04273680330161403, 0.00999957840702323], [0.8356624589155673, 0.08209467023819439, 0.0105618713141356, 0.014915215908088275, 0.04620391230987886, 0.0105618713141356], [0.5961301269499428, 0.13509050097259917, 0.01150475405935207, 0.01926030078062138, 0.2265095631781326, 0.01150475405935207], [0.8200481838562441, 0.07830299515054699, 0.010636323744925758, 0.01502091068517881, 0.06535526281817843, 0.010636323744925758], [0.8468652954412063, 0.0721245391942698, 0.010790069160870804, 0.015236911233127296, 0.04419311580965494, 0.010790069160870804], [0.142509953235026, 0.04176880969730496, 0.034498476611730784, 0.014605924237135174, 0.75578477500445, 0.010832061214353138], [0.8700988400198055, 0.02078727544396063, 0.011294320720769049, 0.011294320720769049, 0.0752309223739267, 0.011294320720769049], [0.8557921756810961, 0.018075271522447766, 0.011838577680831476, 0.011838577680831476, 0.0906168197539615, 0.011838577680831476], [0.8846931904000419, 0.0158757725101289, 0.010978808434172274, 0.010978808434172274, 0.06649461178731231, 0.010978808434172274], [0.8665438061272506, 0.02008356773199551, 0.011423273728761197, 0.011423273728761197, 0.07910280495447045, 0.011423273728761197], [0.8897209856239281, 0.03285624187123552, 0.025481390824222436, 0.011553280081657454, 0.030029842626208718, 0.010358258972747674], [0.8958386109595134, 0.03226689894298581, 0.025500174194266225, 0.011561796474521963, 0.02446426868724449, 0.010368250741468089], [0.9025107378216098, 0.015564050418281463, 0.010533744081566373, 0.010533744081566373, 0.050323979515409616, 0.010533744081566373]], [[0.906546387207316, 0.014668032638730313, 0.010462277129758094, 0.010462277129758094, 0.047398748764679505, 0.010462277129758094], [0.9213876718230086, 0.030539171863050007, 0.015460456376247206, 0.010034489927280317, 0.012543720083133694, 0.010034489927280317], [0.914679816885447, 0.04254000411448572, 0.01001046998486676, 0.01001046998486676, 0.012748769045467073, 0.01001046998486676], [0.8699809664443087, 0.07024046798790132, 0.010286125822801194, 0.01297543968613632, 0.02623087423605129, 0.010286125822801194], [0.8618633953471324, 0.07534586184124924, 0.010248569887571408, 0.012929837193535014, 0.029363765842940516, 0.010248569887571408], [0.11275845057149608, 0.07800261083140463, 0.010237740525478494, 0.012984452349219874, 0.7757790051969224, 0.010237740525478494], [0.8083500439270527, 0.10657805362591512, 0.010396139491973608, 0.014690418740142666, 0.04958920472294232, 0.010396139491973608], [0.8184249043820292, 0.10326943077336478, 0.010437194852735417, 0.014743347999992214, 0.042687927139143045, 0.010437194852735417], [0.8463471182304129, 0.08704025389798314, 0.010597224582920547, 0.014966604305372281, 0.030451574400390587, 0.010597224582920547], [0.1906771738101379, 0.1039768465123212, 0.010410424755939209, 0.014918080657418934, 0.6696070495082435, 0.010410424755939209], [0.5748360914942123, 0.17468989413323804, 0.010929734883435013, 0.01831349306116791, 0.21030105154451184, 0.010929734883435013], [0.15177466256722932, 0.1102847408367202, 0.010374393347827115, 0.01486581630838839, 0.7023259935920079, 0.010374393347827115], [0.1260929479497259, 0.09493007152882749, 0.010497271600056647, 0.015038221055447845, 0.7429442162658855, 0.010497271600056647], [0.09320533477073877, 0.07814073825548677, 0.009999571515899907, 0.012588106254949827, 0.7960666776870248, 0.009999571515899907], [0.8674828837410562, 0.0680591409012588, 0.009999464295342545, 0.010744156191520306, 0.03371489057547984, 0.009999464295342545], [0.8244637900866556, 0.09473350589511133, 0.010481752637849383, 0.014803853809020662, 0.045035344933513737, 0.010481752637849383], [0.8497035999184616, 0.08128708426887539, 0.01062479917131119, 0.015004197385209608, 0.032755520084831104, 0.01062479917131119], [0.12516149506611643, 0.08979390712968846, 0.010533706428818332, 0.015089306033881797, 0.7488878789126767, 0.010533706428818332], [0.10956395885027718, 0.0806778332120462, 0.010641218412069265, 0.015241692658342493, 0.7732340784551954, 0.010641218412069265], [0.8142652663087138, 0.10440058759125974, 0.010419922677099923, 0.014717451076184059, 0.04577684966964246, 0.010419922677099923], [0.8374972482408986, 0.0905051944170918, 0.01054549810796431, 0.014892363984203414, 0.03601419714187759, 0.01054549810796431], [0.8112387554818404, 0.10300324065915194, 0.010415438979693143, 0.014711732791865367, 0.05021539310775588, 0.010415438979693143], [0.8328638644410558, 0.09488770991668072, 0.010693069711449352, 0.01510079885604673, 0.03576148736331807, 0.010693069711449352], [0.8198951694405088, 0.10417454083747558, 0.010440792647389223, 0.014746018375830687, 0.040302686051406654, 0.010440792647389223], [0.8514883736657143, 0.08412055447144573, 0.010200144523984038, 0.012866152045690197, 0.031124630769181785, 0.010200144523984038], [0.862528513770026, 0.07692961646218326, 0.009999449871139208, 0.010697983456660277, 0.029844986568851983, 0.009999449871139208], [0.8446617573040592, 0.08663991273337819, 0.009999536756015582, 0.012287273083188516, 0.036411983367342846, 0.009999536756015582], [0.15073446517635747, 0.08176995354290252, 0.009999550883773935, 0.01251442906495634, 0.734982050448236, 0.009999550883773935], [0.8291862433526334, 0.09780292946771037, 0.010668096263469247, 0.015066196161244445, 0.03660843849147331, 0.010668096263469247], [0.19566847938384963, 0.09177226827638671, 0.010484788896313496, 0.01502341686826711, 0.6765662576788696, 0.010484788896313496], [0.8412125745179407, 0.08260715269732109, 0.01058119164336486, 0.01494229703767241, 0.04007559246033613, 0.01058119164336486], [0.8257804729442864, 0.09322749233389728, 0.010490880881740904, 0.014818433196642918, 0.0451918397616917, 0.010490880881740904], [0.8276358844920138, 0.08996811945290806, 0.01050767116621283, 0.014843162199887709, 0.04653749152276476, 0.01050767116621283], [0.8376674817610211, 0.06045599215075836, 0.03308478415576033, 0.014287470681123656, 0.043732856873636226, 0.010771414377700229], [0.8519442359119893, 0.05237003377143046, 0.03322536355412249, 0.01434817907272183, 0.03726591784304485, 0.010846269846691022], [0.8344578178622475, 0.05200309757128621, 0.033124698299980805, 0.01430470737103607, 0.05529637460241798, 0.010813304293031522], [0.1368550603431899, 0.037659378073893746, 0.03454354265057764, 0.014625004243376405, 0.7654599342012743, 0.010857080487687945], [0.8801794828206823, 0.025200310243873918, 0.010912654665938855, 0.010912654665938855, 0.061882242937627306, 0.010912654665938855], [0.8835569268536145, 0.03416212136454239, 0.025460070577009157, 0.011543613466943827, 0.03492556204841489, 0.010351705689475228], [0.9095989242646277, 0.014993048791784811, 0.01039400977103004, 0.01039400977103004, 0.04422599763049749, 0.01039400977103004]], [[0.9000457533496695, 0.015401040131268128, 0.010593406726483645, 0.010593406726483645, 0.05277298633961144, 0.010593406726483645], [0.033720640932249274, 0.02348035991583059, 0.015561069328178292, 0.010110549610712762, 0.9070168306023163, 0.010110549610712762], [0.8742162938951693, 0.06803953907098259, 0.01030643430056753, 0.013000484333407534, 0.024130814099305568, 0.01030643430056753], [0.8590628078025675, 0.07676116834473551, 0.010237459880887648, 0.012916195196985412, 0.030784908893936334, 0.010237459880887648], [0.12003914839509475, 0.07765314533716773, 0.010252251473600421, 0.013002072179000871, 0.7688011311415358, 0.010252251473600421], [0.8184157397786668, 0.1038240663317871, 0.01043590177552292, 0.014745304357047857, 0.04214308598145239, 0.01043590177552292], [0.8388042254739614, 0.08891049461268485, 0.010554982894377507, 0.014909312847083075, 0.036266001277515655, 0.010554982894377507], [0.7994606759873033, 0.11722036959605077, 0.010495452247197253, 0.014826978108254325, 0.04750107181399716, 0.010495452247197253], [0.7984017574047814, 0.11888322489516709, 0.01033393666353841, 0.014599230143823997, 0.047447914229150706, 0.01033393666353841], [0.8334149411858677, 0.09548449977959543, 0.010516823911192082, 0.014853262026644836, 0.03521364918550781, 0.010516823911192082], [0.14775058375986647, 0.0948738781772873, 0.010468396131836805, 0.014999086059663071, 0.7214396597395095, 0.010468396131836805], [0.8257554040098714, 0.09860118694583593, 0.01047647940188418, 0.014796986910495883, 0.03989346333002847, 0.01047647940188418], [0.811687200872298, 0.1062626556027847, 0.01040662054306875, 0.014700476962720779, 0.0465364254760591, 0.01040662054306875], [0.8670257111649702, 0.07105971640271429, 0.009999459391040764, 0.010729214407876086, 0.031186439242357977, 0.009999459391040764], [0.8450453208042905, 0.08592306943377719, 0.009999538003348938, 0.012292650238512065, 0.03673988351672243, 0.009999538003348938], [0.8364314951180446, 0.09172457131707576, 0.010538053778816916, 0.014882276354523483, 0.035885549652722414, 0.010538053778816916], [0.7953871096806399, 0.10718536306178664, 0.010370348503697677, 0.014650768455275045, 0.062036061794903175, 0.010370348503697677], [0.5729575133993104, 0.15319400176715223, 0.011075658928373087, 0.018546910024641986, 0.23315025695214917, 0.011075658928373087], [0.8152469521098259, 0.09880747039355325, 0.010440502683127139, 0.014744885652401044, 0.05031968647796557, 0.010440502683127139], [0.8231988680162503, 0.1033926681151289, 0.010456143649198637, 0.014766267355371537, 0.03772990921485192, 0.010456143649198637], [0.11846078636849829, 0.10312140692086673, 0.010461816697592162, 0.014984811476892785, 0.7425093618385579, 0.010461816697592162], [0.12713598963967213, 0.10097917359265, 0.010631019610716044, 0.015226570993579183, 0.7353962265526667, 0.010631019610716044], [0.8176697351245246, 0.10674479791282603, 0.010426734343233044, 0.0147255365987357, 0.040006461677447695, 0.010426734343233044], [0.09542359968169757, 0.08190983052056687, 0.010206740967928608, 0.012938909697983588, 0.7893141781638948, 0.010206740967928608], [0.1381161991687286, 0.0877445385610333, 0.01025986221101432, 0.01300900709842761, 0.7406105307497819, 0.01025986221101432], [0.8768747558274868, 0.06864974024386235, 0.009999469228389447, 0.010756956007769098, 0.023719609464102807, 0.009999469228389447], [0.8682914588064983, 0.07273047403410646, 0.00999945784444912, 0.010721858212533799, 0.02825729325796322, 0.00999945784444912], [0.8435826172131247, 0.09052074105989706, 0.009999531790579684, 0.012270020091602643, 0.033627558054216376, 0.009999531790579684], [0.12585248342188965, 0.10114