{"prediction": [[[0.98500332438622, 0.002999335122756038, 0.002999335122756038, 0.002999335122756038, 0.002999335122756038, 0.002999335122756038], [0.98500332438622, 0.002999335122756038, 0.002999335122756038, 0.002999335122756038, 0.002999335122756038, 0.002999335122756038], [0.98500332438622, 0.002999335122756038, 0.002999335122756038, 0.002999335122756038, 0.002999335122756038, 0.002999335122756038], [0.98500332438622, 0.002999335122756038, 0.002999335122756038, 0.002999335122756038, 0.002999335122756038, 0.002999335122756038], [0.98500332438622, 0.002999335122756038, 0.002999335122756038, 0.002999335122756038, 0.002999335122756038, 0.002999335122756038], [0.98500332438622, 0.002999335122756038, 0.002999335122756038, 0.002999335122756038, 0.002999335122756038, 0.002999335122756038], [0.98500332438622, 0.002999335122756038, 0.002999335122756038, 0.002999335122756038, 0.002999335122756038, 0.002999335122756038], [0.98500332438622, 0.002999335122756038, 0.002999335122756038, 0.002999335122756038, 0.002999335122756038, 0.002999335122756038], [0.98500332438622, 0.002999335122756038, 0.002999335122756038, 0.002999335122756038, 0.002999335122756038, 0.002999335122756038], [0.98500332438622, 0.002999335122756038, 0.002999335122756038, 0.002999335122756038, 0.002999335122756038, 0.002999335122756038], [0.98500332438622, 0.002999335122756038, 0.002999335122756038, 0.002999335122756038, 0.002999335122756038, 0.002999335122756038], [0.98500332438622, 0.002999335122756038, 0.002999335122756038, 0.002999335122756038, 0.002999335122756038, 0.002999335122756038], [0.98500332438622, 0.002999335122756038, 0.002999335122756038, 0.002999335122756038, 0.002999335122756038, 0.002999335122756038], [0.98500332438622, 0.002999335122756038, 0.002999335122756038, 0.002999335122756038, 0.002999335122756038, 0.002999335122756038], [0.98500332438622, 0.002999335122756038, 0.002999335122756038, 0.002999335122756038, 0.002999335122756038, 0.002999335122756038], [0.98500332438622, 0.002999335122756038, 0.002999335122756038, 0.002999335122756038, 0.002999335122756038, 0.002999335122756038], [0.98500332438622, 0.002999335122756038, 0.002999335122756038, 0.002999335122756038, 0.002999335122756038, 0.002999335122756038], [0.98500332438622, 0.002999335122756038, 0.002999335122756038, 0.002999335122756038, 0.002999335122756038, 0.002999335122756038], [0.98500332438622, 0.002999335122756038, 0.002999335122756038, 0.002999335122756038, 0.002999335122756038, 0.002999335122756038], [0.98500332438622, 0.002999335122756038, 0.002999335122756038, 0.002999335122756038, 0.002999335122756038, 0.002999335122756038], [0.98500332438622, 0.002999335122756038, 0.002999335122756038, 0.002999335122756038, 0.002999335122756038, 0.002999335122756038], [0.98500332438622, 0.002999335122756038, 0.002999335122756038, 0.002999335122756038, 0.002999335122756038, 0.002999335122756038], [0.98500332438622, 0.002999335122756038, 0.002999335122756038, 0.002999335122756038, 0.002999335122756038, 0.002999335122756038], [0.98500332438622, 0.002999335122756038, 0.002999335122756038, 0.002999335122756038, 0.002999335122756038, 0.002999335122756038], [0.98500332438622, 0.002999335122756038, 0.002999335122756038, 0.002999335122756038, 0.002999335122756038, 0.002999335122756038], [0.98500332438622, 0.002999335122756038, 0.002999335122756038, 0.002999335122756038, 0.002999335122756038, 0.002999335122756038], [0.98500332438622, 0.002999335122756038, 0.002999335122756038, 0.002999335122756038, 0.002999335122756038, 0.002999335122756038], [0.98500332438622, 0.002999335122756038, 0.002999335122756038, 0.002999335122756038, 0.002999335122756038, 0.002999335122756038], [0.98500332438622, 0.002999335122756038, 0.002999335122756038, 0.002999335122756038, 0.002999335122756038, 0.002999335122756038], [0.98500332438622, 0.002999335122756038, 0.002999335122756038, 0.002999335122756038, 0.002999335122756038, 0.002999335122756038], [0.98500332438622, 0.002999335122756038, 0.002999335122756038, 0.002999335122756038, 0.002999335122756038, 0.002999335122756038], [0.98500332438622, 0.002999335122756038, 0.002999335122756038, 0.002999335122756038, 0.002999335122756038, 0.002999335122756038], [0.98500332438622, 0.002999335122756038, 0.002999335122756038, 0.002999335122756038, 0.002999335122756038, 0.002999335122756038], [0.98500332438622, 0.002999335122756038, 0.002999335122756038, 0.002999335122756038, 0.002999335122756038, 0.002999335122756038], [0.98500332438622, 0.002999335122756038, 0.002999335122756038, 0.002999335122756038, 0.002999335122756038, 0.002999335122756038], [0.98500332438622, 0.002999335122756038, 0.002999335122756038, 0.002999335122756038, 0.002999335122756038, 0.002999335122756038], [0.98500332438622, 0.002999335122756038, 0.002999335122756038, 0.002999335122756038, 0.002999335122756038, 0.002999335122756038], [0.98500332438622, 0.002999335122756038, 0.002999335122756038, 0.002999335122756038, 0.002999335122756038, 0.002999335122756038], [0.98500332438622, 0.002999335122756038, 0.002999335122756038, 0.002999335122756038, 0.002999335122756038, 0.002999335122756038], [0.98500332438622, 0.002999335122756038, 0.002999335122756038, 0.002999335122756038, 0.002999335122756038, 0.002999335122756038]], [[0.98500332438622, 0.002999335122756038, 0.002999335122756038, 0.002999335122756038, 0.002999335122756038, 0.002999335122756038], [0.9611991353756316, 0.016621532654684915, 0.009694594016424972, 0.003001934836940184, 0.0064808682793781325, 0.003001934836940184], [0.956983249045842, 0.016614156474100753, 0.013160003650273715, 0.0030042338215876883, 0.007234123186608185, 0.0030042338215876883], [0.039104770411096154, 0.02594244851149873, 0.023662604301078194, 0.004441888639846263, 0.9038423636827003, 0.00300592445378039], [0.9104328648902505, 0.029557673769000672, 0.03188299771325372, 0.005247207926951539, 0.01987811153396379, 0.0030011441665796705], [0.8838780941135295, 0.03309810270614276, 0.046936324023219324, 0.007081638184173524, 0.025988172181689393, 0.0030176687912455897], [0.1067876056680457, 0.04864779261954216, 0.06455528039385985, 0.010738080975544444, 0.7662520906128838, 0.0030191497301240433], [0.8336718555702793, 0.04599989133110763, 0.06654332437944849, 0.010658696333144806, 0.04012347843454699, 0.003002753951472739], [0.11307177939221008, 0.04910093945144088, 0.05920876286166998, 0.011394491913008361, 0.7641963534465979, 0.0030276729350728238], [0.8863741762839111, 0.032702588346462676, 0.03996612017859716, 0.0076431850711675365, 0.030295492323098402, 0.003018437796763136], [0.8904486034539558, 0.03234475601160759, 0.03564249850415307, 0.007572050309311162, 0.03097480232643524, 0.0030172893945371684], [0.8641717981668003, 0.03870492215719107, 0.04383366609619247, 0.009131765925875831, 0.04114184527090649, 0.0030160023830338905], [0.9007584025124168, 0.031107052387428683, 0.03246846457202549, 0.006582747002685863, 0.026076302492150965, 0.003007031033292179], [0.056335878301053736, 0.027012207766582898, 0.023625912405722198, 0.005331807688232955, 0.8846736469448575, 0.003020546893550735], [0.929003691260385, 0.024061735988452963, 0.021421970254944498, 0.004495078328828292, 0.01801101370758103, 0.003006510459808207], [0.9591942376966773, 0.015854188719666314, 0.011065219613429609, 0.0030043046046963878, 0.007877744760834072, 0.0030043046046963878], [0.01671413975411159, 0.013357607827396098, 0.007566009577466728, 0.003007471528714216, 0.9563472997835972, 0.003007471528714216], [0.014072574348059997, 0.0126642394618225, 0.006700875475012198, 0.0030040362465688494, 0.9605542382219676, 0.0030040362465688494], [0.9687320972540799, 0.013346516077224896, 0.006868921130446025, 0.003001823321266697, 0.005048818895715606, 0.003001823321266697], [0.9684837763670386, 0.013133060156318026, 0.007077938327600032, 0.0030018524285245376, 0.005301520291994264, 0.0030018524285245376], [0.9670671263217971, 0.013449720205792777, 0.007927730905298422, 0.003001350666248448, 0.005552721234614774, 0.003001350666248448], [0.9643113475903474, 0.014226232778455718, 0.008938844479062982, 0.003001843579191405, 0.0065198879937511615, 0.003001843579191405], [0.9596185047365557, 0.015274965720848266, 0.010590908522550428, 0.003005625877874023, 0.008504369264297547, 0.003005625877874023], [0.98500332438622, 0.002999335122756038, 0.002999335122756038, 0.002999335122756038, 0.002999335122756038, 0.002999335122756038], [0.98500332438622, 0.002999335122756038, 0.002999335122756038, 0.002999335122756038, 0.002999335122756038, 0.002999335122756038], [0.9245323938321903, 0.024419946115606994, 0.016680617110265538, 0.004591658680437307, 0.026756316665096255, 0.00301906759640362], [0.98500332438622, 0.002999335122756038, 0.002999335122756038, 0.002999335122756038, 0.002999335122756038, 0.002999335122756038], [0.9391702447574922, 0.021087183831124408, 0.015217494034007756, 0.004049880888516291, 0.017460911810143573, 0.0030142846787157623], [0.9633388967855027, 0.01361826893086743, 0.009726033806220207, 0.003003301669952704, 0.007310197137504408, 0.003003301669952704], [0.9658120329523595, 0.013910014485984572, 0.00841361248128284, 0.0030012843476821026, 0.0058617713850088295, 0.0030012843476821026], [0.012653017914281911, 0.011528495699920961, 0.007753257907400716, 0.003002193757110969, 0.9620608409641744, 0.003002193757110969], [0.9682547166690575, 0.01300043891238893, 0.007884305241966745, 0.0030008440268529113, 0.004858851122881213, 0.0030008440268529113], [0.9671042934207805, 0.013569772820260442, 0.00832180991188097, 0.0030006100735092034, 0.00500290370005983, 0.0030006100735092034], [0.9618222142081746, 0.015320010212194151, 0.010202345994755484, 0.003002198054807203, 0.006651033475261424, 0.003002198054807203], [0.04352642164848031, 0.025874946464927412, 0.019801430043839285, 0.004521687576962659, 0.9032652503629444, 0.003010263902846029], [0.9065067336434937, 0.030945581609971858, 0.03350248647470441, 0.005739417939822885, 0.02030394589608537, 0.0030018344359217623], [0.8895573220160188, 0.0350375226150134, 0.04103275957400642, 0.007032793588822716, 0.024327762756084788, 0.0030118394500539838], [0.8371116941857356, 0.05135059025825117, 0.06089908401375739, 0.010349796040590246, 0.03728821035209378, 0.003000625149571763], [0.06902249680497523, 0.03410875568180007, 0.03518013625627177, 0.007208729600332393, 0.8514335165621191, 0.003046365094501469], [0.98500332438622, 0.002999335122756038, 0.002999335122756038, 0.002999335122756038, 0.002999335122756038, 0.002999335122756038]], [[0.98500332438622, 0.002999335122756038, 0.002999335122756038, 0.002999335122756038, 0.002999335122756038, 0.002999335122756038], [0.015683273988630272, 0.014644952548165786, 0.009386267535402603, 0.0030052070665727857, 0.9542750917946559, 0.0030052070665727857], [0.9164735329999076, 0.056061115926322874, 0.0030054648696505068, 0.0045923080788254364, 0.016862113255643064, 0.0030054648696505068], [0.05098177168538011, 0.06787074018430785, 0.0030023144405026524, 0.004958025356608785, 0.8701848338926979, 0.0030023144405026524], [0.8729354999093762, 0.0903909856507857, 0.0030122095673924504, 0.005888578019371396, 0.024760517285681686, 0.0030122095673924504], [0.09862331015813529, 0.14061944659687742, 0.0030051603275925184, 0.009380350170697674, 0.7453665724191046, 0.0030051603275925184], [0.7637166533605968, 0.1755529890347134, 0.003006223113349446, 0.010289988681679185, 0.044427922696311815, 0.003006223113349446], [0.7757738248534345, 0.15383290877529734, 0.003018780478611398, 0.011321484251946482, 0.05303422116209872, 0.003018780478611398], [0.7631457442763626, 0.16782112614193087, 0.003005576128842435, 0.011343032851493521, 0.0516789444725281, 0.003005576128842435], [0.7883632156413444, 0.1367620157640856, 0.0030115011782565213, 0.011091391471726218, 0.05776037476633073, 0.0030115011782565213], [0.7985455181503888, 0.13119918786318888, 0.00300592200837673, 0.010616566249753018, 0.05362688371991572, 0.00300592200837673], [0.8114389110962397, 0.12409667613819664, 0.003001962469661167, 0.009832714075778898, 0.0486277737504623, 0.003001962469661167], [0.8280817681565601, 0.11408720477234698, 0.0030018842847192905, 0.008637086596052286, 0.04319017190560206, 0.0030018842847192905], [0.0626850317803189, 0.08643489036984935, 0.0030183165981123327, 0.005990697164338567, 0.8388527474892685, 0.0030183165981123327], [0.05629219108426021, 0.06767357444567505, 0.0030053979871952487, 0.005074845454122792, 0.8649485930415515, 0.0030053979871952487], [0.9142100596189577, 0.056338592836153424, 0.003004414260843858, 0.004650866859119177, 0.018791652164081945, 0.003004414260843858], [0.9548079310169104, 0.02822607888660042, 0.003003569439936357, 0.003003569439936357, 0.007955281776679974, 0.003003569439936357], [0.9584077153050871, 0.02568733454026793, 0.00300146631162272, 0.00300146631162272, 0.0069005512197769635, 0.00300146631162272], [0.9600822261849169, 0.02470707564969303, 0.0030006987055841957, 0.0030006987055841957, 0.006208602048637651, 0.0030006987055841957], [0.9617704580683506, 0.023187556776127077, 0.0030007985896427624, 0.0030007985896427624, 0.006039589386594156, 0.0030007985896427624], [0.9592031220155136, 0.025412694345411446, 0.0030008406097764557, 0.0030008406097764557, 0.006381661809745514, 0.0030008406097764557], [0.019050051556858856, 0.026762036059281614, 0.003009264177030016, 0.003009264177030016, 0.9451601198527695, 0.003009264177030016], [0.04783410114311164, 0.024630792161600693, 0.019524755260158448, 0.0046759024145828654, 0.9003196376798244, 0.003014811340722002], [0.98500332438622, 0.002999335122756038, 0.002999335122756038, 0.002999335122756038, 0.002999335122756038, 0.002999335122756038], [0.98500332438622, 0.002999335122756038, 0.002999335122756038, 0.002999335122756038, 0.002999335122756038, 0.002999335122756038], [0.98500332438622, 0.002999335122756038, 0.002999335122756038, 0.002999335122756038, 0.002999335122756038, 0.002999335122756038], [0.98500332438622, 0.002999335122756038, 0.002999335122756038, 0.002999335122756038, 0.002999335122756038, 0.002999335122756038], [0.98500332438622, 0.002999335122756038, 0.002999335122756038, 0.002999335122756038, 0.002999335122756038, 0.002999335122756038], [0.98500332438622, 0.002999335122756038, 0.002999335122756038, 0.002999335122756038, 0.002999335122756038, 0.002999335122756038], [0.98500332438622, 0.002999335122756038, 0.002999335122756038, 0.002999335122756038, 0.002999335122756038, 0.002999335122756038], [0.9647760124478929, 0.01426491912859062, 0.008650648207943257, 0.003001755902657566, 0.006304908410258132, 0.003001755902657566], [0.9630365919482728, 0.02227908945059074, 0.0030006892978833304, 0.0030006892978833304, 0.005682250707486407, 0.0030006892978833304], [0.014460337662505514, 0.022995345497067086, 0.003003155304438411, 0.003003155304438411, 0.9535348509271122, 0.003003155304438411], [0.9262350742337625, 0.047458424613031736, 0.0030099508669738113, 0.0045305683779255385, 0.015756031041332528, 0.0030099508669738113], [0.8936315029543789, 0.07255542328417965, 0.0030020064790922734, 0.0053528660917361685, 0.02245619471152072, 0.0030020064790922734], [0.8623481752125659, 0.09798653267612818, 0.00302614862326307, 0.006288816053640701, 0.02732417881113906, 0.00302614862326307], [0.10038510037084031, 0.14863805452881906, 0.003013144435000176, 0.010006039711153623, 0.7349445165191867, 0.003013144435000176], [0.790115140067021, 0.15278315559101693, 0.003017442924563489, 0.009830564774802372, 0.04123625371803264, 0.003017442924563489], [0.8342533708620491, 0.05171794456523252, 0.06182346651538757, 0.010640932554666941, 0.03856311226495933, 0.0030011732377046283], [0.98500332438622, 0.002999335122756038, 0.002999335122756038, 0.002999335122756038, 0.002999335122756038, 0.002999335122756038]], [[0.98500332438622, 0.002999335122756038, 0.002999335122756038, 0.002999335122756038, 0.002999335122756038, 0.002999335122756038], [0.9407130724373054, 0.02254933887740043, 0.01788562558079474, 0.004170450378676446, 0.011666212868592232, 0.0030152998572306623], [0.9135070736956185, 0.05798424200506985, 0.0030040267989658886, 0.0046598090665840985, 0.01784082163479558, 0.0030040267989658886], [0.8863832708512958, 0.0777111156822256, 0.0030034130840833123, 0.005659581816546799, 0.024239205481765176, 0.0030034130840833123], [0.8246656286940359, 0.12080478616904651, 0.003001911695331964, 0.008396892010006166, 0.04012886973624735, 0.003001911695331964], [0.795627552695109, 0.14577480144439914, 0.0030090064353774895, 0.009653176976975429, 0.042926456012761426, 0.0030090064353774895], [0.788926147781982, 0.14631387486045042, 0.0030101818032922893, 0.010750868248803117, 0.04798874550217973, 0.0030101818032922893], [0.493826901982697, 0.26049021313075793, 0.0030210251416829766, 0.017864835143264906, 0.22177599945991422, 0.0030210251416829766], [0.760858510979913, 0.15968053648161543, 0.0030128465203911685, 0.011314768541359389, 0.062120490956329766, 0.0030128465203911685], [0.7713605547987017, 0.13174057360155592, 0.0030024325382265807, 0.01130834273083534, 0.07958566379245391, 0.0030024325382265807], [0.1337752261189909, 0.13233642399859744, 0.003028794247721685, 0.012047216723211988, 0.7157835446637564, 0.003028794247721685], [0.1247903060640568, 0.12617465861302027, 0.0030172221000499496, 0.010443401248616892, 0.7325571898742063, 0.0030172221000499496], [0.8153735549243737, 0.12436073445354441, 0.0030011909254900543, 0.00951511581223475, 0.044748212958867065, 0.0030011909254900543], [0.8271896970968644, 0.11753739690947161, 0.00300161722195058, 0.00813966689145099, 0.04113000465831182, 0.00300161722195058], [0.8807598388903837, 0.08013405236043399, 0.0030080697795786724, 0.005991978017438432, 0.027097991172586534, 0.0030080697795786724], [0.9030661672256354, 0.0626884970077846, 0.0030016722967140174, 0.005132889011584192, 0.023109102161567963, 0.0030016722967140174], [0.9235919258807969, 0.04894351877009729, 0.0030100702525030615, 0.004597930087726971, 0.016846484756372584, 0.0030100702525030615], [0.9559087217715727, 0.027725013062945066, 0.0030023901887168275, 0.0030023901887168275, 0.007359094599331803, 0.0030023901887168275], [0.9585962378165356, 0.02569847202834471, 0.003001208031873675, 0.003001208031873675, 0.006701666059498739, 0.003001208031873675], [0.957906829994006, 0.02618339009654522, 0.003001490766725925, 0.003001490766725925, 0.006905307609270901, 0.003001490766725925], [0.9546603803721261, 0.028853884716764804, 0.003002907488563032, 0.003002907488563032, 0.007477012445420122, 0.003002907488563032], [0.916719669145818, 0.05364920830794145, 0.0030058451059258684, 0.004591816390102437, 0.019027615944286227, 0.0030058451059258684], [0.903195653545567, 0.06262632462055455, 0.003001815548582805, 0.005008492009548898, 0.023165898727163993, 0.003001815548582805], [0.8980986788275613, 0.030269091048896694, 0.034571121142914156, 0.00649603394402886, 0.02755527287029726, 0.003009802166301741], [0.8484846781285781, 0.04278342663385536, 0.05510296383421993, 0.009429764962019674, 0.041193129708702925, 0.0030060367326240024], [0.8520489969242563, 0.03971550394277576, 0.05031165257992156, 0.009775568064218669, 0.045137223016463855, 0.0030110554723639304], [0.98500332438622, 0.002999335122756038, 0.002999335122756038, 0.002999335122756038, 0.002999335122756038, 0.002999335122756038], [0.9094566298469082, 0.025621847925243645, 0.02943460632607222, 0.005867448546684603, 0.02660889067971583, 0.0030105766753753555], [0.9203905553755044, 0.023814675356693436, 0.025588724041699845, 0.004805772507989408, 0.022393746183382277, 0.0030065265347305934], [0.9343215981104546, 0.021834374317708686, 0.018756341868794147, 0.0041977566503118785, 0.017879055201329683, 0.003010873851400973], [0.98500332438622, 0.002999335122756038, 0.002999335122756038, 0.002999335122756038, 0.002999335122756038, 0.002999335122756038], [0.019958622888025017, 0.012760534375905113, 0.00869764659601893, 0.0030157000243337955, 0.9525517960913834, 0.0030157000243337955], [0.9398389447778219, 0.021217328290127825, 0.01743322406736279, 0.004107604467616873, 0.014389654844580877, 0.003013243552489769], [0.9278433170823667, 0.024033649152092756, 0.020630087409056953, 0.004658819509852447, 0.019826285898343593, 0.003007840948287669], [0.9052990178499208, 0.03104198655665402, 0.029448143391013367, 0.0063184504082629215, 0.024886187193658878, 0.003006214600489975], [0.8408874424059469, 0.04433274572429228, 0.06178968096001826, 0.009993406627684944, 0.03999369902022452, 0.003003025261833031], [0.11587037077584846, 0.05650339096472374, 0.08158907858580815, 0.012824683484334206, 0.7301698981524924, 0.003042578036793142], [0.7790791967861704, 0.1541178652551365, 0.003021821307971266, 0.010798814867496067, 0.04996048047525443, 0.003021821307971266], [0.8263325564039942, 0.04852689107164673, 0.06840060733904121, 0.012002912745005586, 0.041732119034243294, 0.003004913406069047], [0.98500332438622, 0.002999335122756038, 0.002999335122756038, 0.002999335122756038, 0.002999335122756038, 0.002999335122756038]], [[0.98500332438622, 0.002999335122756038, 0.002999335122756038, 0.002999335122756038, 0.002999335122756038, 0.002999335122756038], [0.9612677991757699, 0.015618389903398063, 0.011042883132228693, 0.0030012022189998618, 0.006068523350603623, 0.0030012022189998618], [0.9163695954720801, 0.055376377223680835, 0.0030053973796442942, 0.004603793581429012, 0.01763943896352148, 0.0030053973796442942], [0.8989637476740043, 0.06730015215382568, 0.0030006873445012593, 0.005550067307557894, 0.022184658175609627, 0.0030006873445012593], [0.8740665079857761, 0.08469990191976698, 0.003010228257919981, 0.006563213774505273, 0.028649919804111693, 0.003010228257919981], [0.8166560329981648, 0.12424710907734057, 0.003001154659929598, 0.009391209943340667, 0.04370333866129486, 0.003001154659929598], [0.7715308433864603, 0.16409901937410365, 0.0030025823798417884, 0.010811924274492004, 0.04755304820526066, 0.0030025823798417884], [0.7651982189451478, 0.15958683867408263, 0.0030079411689830854, 0.011527304657599843, 0.05767175538520354, 0.0030079411689830854], [0.7854684950576913, 0.1356118119627079, 0.003014049433784997, 0.012208246691030572, 0.060683347421000115, 0.003014049433784997], [0.7999218413431262, 0.12132771892928586, 0.0030102042756196498, 0.011953054221967957, 0.06077697695438088, 0.0030102042756196498], [0.7993447008230183, 0.12353722436804952, 0.0030096006881659976, 0.011198723559973601, 0.05990014987262662, 0.0030096006881659976], [0.5148723126289491, 0.22265782265572623, 0.0030019787939753882, 0.018329352096008632, 0.23813655503136533, 0.0030019787939753882], [0.8072743347676814, 0.12734841677980158, 0.0030025233190624514, 0.010219924646802025, 0.049152277167590075, 0.0030025233190624514], [0.8212081287534169, 0.12041277466023668, 0.0030011213347525038, 0.009215633895916656, 0.043161220020924776, 0.0030011213347525038], [0.8360729667954702, 0.10834062662385333, 0.003002328108452039, 0.008228971698944314, 0.04135277866482829, 0.003002328108452039], [0.8948210026274186, 0.06776063340485287, 0.003001924880085622, 0.005688173572492382, 0.02572634063506498, 0.003001924880085622], [0.9144560742932213, 0.05384894388359241, 0.0030051524185776566, 0.004838858080126463, 0.02084581890590438, 0.0030051524185776566], [0.9284167354268223, 0.04412891518501048, 0.003014425492768527, 0.004605006880008098, 0.01682049152262211, 0.003014425492768527], [0.9563797009062267, 0.027242038313014052, 0.003002315629856407, 0.003002315629856407, 0.007371313891189933, 0.003002315629856407], [0.9547673388439515, 0.02860062945014532, 0.003003075556278071, 0.003003075556278071, 0.007622805037069034, 0.003003075556278071], [0.9156483936997721, 0.054409015328905644, 0.0030052694132550527, 0.004658374600828843, 0.019273677543983216, 0.0030052694132550527], [0.9011037538101607, 0.06569215078739918, 0.0030011024760765344, 0.005091406950648645, 0.022110483499638397, 0.0030011024760765344], [0.8750519292151997, 0.08651149057840145, 0.003009999944872869, 0.00588683228564929, 0.02652974803100377, 0.003009999944872869], [0.8099636487158535, 0.13414619165153394, 0.003004272766890313, 0.008210294583039356, 0.04167131951579262, 0.003004272766890313], [0.793254711827102, 0.14483136242560873, 0.003008776546202028, 0.009993273822466576, 0.04590309883241861, 0.003008776546202028], [0.7935976592298334, 0.1411437358035083, 0.00301510954201491, 0.009326432302626132, 0.04990195358000254, 0.00301510954201491], [0.8246206342136632, 0.05010240805224901, 0.06636902386565163, 0.011554810411238922, 0.0443451627778625, 0.0030079606793347005], [0.09932548157634874, 0.11474634318555568, 0.0030043267157788367, 0.00803860420162059, 0.7718809176049173, 0.0030043267157788367], [0.05991713804255437, 0.07640089185185857, 0.003010192709375542, 0.005014172072684053, 0.8526474126141519, 0.003010192709375542], [0.052443178763795346, 0.05885049142439239, 0.0030051219863022668, 0.004653527163231064, 0.8780425586759767, 0.0030051219863022668], [0.9360686704825527, 0.021841627190996624, 0.018854555838972067, 0.004259525887167141, 0.015965033578766198, 0.0030105870215452837], [0.98500332438622, 0.002999335122756038, 0.002999335122756038, 0.002999335122756038, 0.002999335122756038, 0.002999335122756038], [0.98500332438622, 0.002999335122756038, 0.002999335122756038, 0.002999335122756038, 0.002999335122756038, 0.002999335122756038], [0.98500332438622, 0.002999335122756038, 0.002999335122756038, 0.002999335122756038, 0.002999335122756038, 0.002999335122756038], [0.98500332438622, 0.002999335122756038, 0.002999335122756038, 0.002999335122756038, 0.002999335122756038, 0.002999335122756038], [0.98500332438622, 0.002999335122756038, 0.002999335122756038, 0.002999335122756038, 0.002999335122756038, 0.002999335122756038], [0.98500332438622, 0.002999335122756038, 0.002999335122756038, 0.002999335122756038, 0.002999335122756038, 0.002999335122756038], [0.5283517458625593, 0.06592317664456329, 0.140606690667799, 0.01794847289059503, 0.2441597295549278, 0.003010184379555398], [0.8083250397485062, 0.05764416431715757, 0.06815307856403283, 0.012498082000126712, 0.050364142813265615, 0.0030154925569110115], [0.98500332438622, 0.002999335122756038, 0.002999335122756038, 0.002999335122756038, 0.002999335122756038, 0.002999335122756038]], [[0.98500332438622, 0.002999335122756038, 0.002999335122756038, 0.002999335122756038, 0.002999335122756038, 0.002999335122756038], [0.015347784525017007, 0.01388042249850746, 0.008256647449515403, 0.0030048084701747263, 0.9565055285866108, 0.0030048084701747263], [0.9511090339518184, 0.031878363066791655, 0.003005372007999672, 0.003005372007999672, 0.007996486957390888, 0.003005372007999672], [0.911438920645845, 0.058745360891835206, 0.0030030532329614833, 0.004963630433638336, 0.018845981562758535, 0.0030030532329614833], [0.8906214469089219, 0.0715077938832688, 0.0030019690676594607, 0.006221048333960927, 0.025645772738529526, 0.0030019690676594607], [0.862636474954496, 0.09121479857819641, 0.003020946903081399, 0.007339557151512233, 0.03276727550963258, 0.003020946903081399], [0.8077705156288628, 0.12375114451233668, 0.003003239659497891, 0.010490064601610363, 0.05198179593819426, 0.003003239659497891], [0.7993812050430408, 0.12871772393340544, 0.0030061939291768907, 0.010855034215464984, 0.05503364894973512, 0.0030061939291768907], [0.8069421405357425, 0.11810391110313645, 0.0030070727806588756, 0.01114596863093055, 0.05779383416887261, 0.0030070727806588756], [0.8045446656878634, 0.11710711831268555, 0.0030106359784721945, 0.011095702803147506, 0.06123124123935919, 0.0030106359784721945], [0.7922594444426185, 0.1338460268001788, 0.0030086229144349655, 0.011772545317757845, 0.05610473761057474, 0.0030086229144349655], [0.8021048985438939, 0.12713399647346754, 0.0030048994540446874, 0.010911465021463904, 0.05383984105308532, 0.0030048994540446874], [0.80419526850533, 0.12734279770618906, 0.003003387538575152, 0.011008332681484675, 0.05144682602984611, 0.003003387538575152], [0.8264299787573789, 0.11152599099804415, 0.003001894137422915, 0.009204642374173762, 0.04683559959555741, 0.003001894137422915], [0.883697444667266, 0.07277861958711478, 0.0030090342736182486, 0.006342093245018315, 0.03116377395336452, 0.0030090342736182486], [0.9021472281167559, 0.06058048990337182, 0.0030030755941082925, 0.005435726207880306, 0.02583040458377543, 0.0030030755941082925], [0.9192327245535398, 0.04983901297173625, 0.0030080624429491736, 0.004661391738851722, 0.02025074584997405, 0.0030080624429491736], [0.9550062196169353, 0.027666403731326773, 0.003004152472193471, 0.003004152472193471, 0.008314919235157597, 0.003004152472193471], [0.956476366497522, 0.027021832288706315, 0.003002477913192942, 0.003002477913192942, 0.007494367474192751, 0.003002477913192942], [0.9282851827109513, 0.04505484587176127, 0.0030140301291712752, 0.004604150777475347, 0.016027760381469722, 0.0030140301291712752], [0.9153249504944988, 0.054557112833967206, 0.003005110687902055, 0.0046993871827722845, 0.01940832811295741, 0.003005110687902055], [0.8920824302081684, 0.07158023151788045, 0.0030021603959627927, 0.0053243266589637454, 0.025008690823061838, 0.0030021603959627927], [0.09569077574806026, 0.12159315386966313, 0.003002501084355823, 0.008169490940551541, 0.7685415772730134, 0.003002501084355823], [0.09941228036349495, 0.1438397627756733, 0.0030069369375712958, 0.009168400416437773, 0.7415656825692514, 0.0030069369375712958], [0.7813067496012037, 0.1540882828170654, 0.0030166233680204205, 0.009981958320074775, 0.04858976252561522, 0.0030166233680204205], [0.5167649446005398, 0.2377336277509267, 0.0030164337179354405, 0.01520140880282164, 0.22426715140984105, 0.0030164337179354405], [0.7885642968418486, 0.14555303106183465, 0.0030185633681522397, 0.009923221003892592, 0.04992232435611972, 0.0030185633681522397], [0.8165862167282762, 0.12713618649521913, 0.0030040959555711587, 0.00830418228426849, 0.041965222581093684, 0.0030040959555711587], [0.08817075460041189, 0.1121447108058149, 0.0030039597880918644, 0.007248334332905725, 0.7864282806846838, 0.0030039597880918644], [0.8972943135862648, 0.06804635354194251, 0.0030016464804997287, 0.0050838940030331434, 0.023572145907760182, 0.0030016464804997287], [0.9225432486907228, 0.04506258977331665, 0.0030100168015748923, 0.0048744357655943465, 0.021499692167216495, 0.0030100168015748923], [0.0029993351227560394, 0.0029993351227560394, 0.0029993351227560394, 0.0029993351227560394, 0.0029993351227560394, 0.9850033243862198], [0.06048564824099672, 0.021877085988452404, 0.019912815355012478, 0.005054130211427215, 0.8896368348846552, 0.003033485319456065], [0.0029993351227560394, 0.0029993351227560394, 0.0029993351227560394, 0.0029993351227560394, 0.0029993351227560394, 0.9850033243862198], [0.08140526182253756, 0.03244936932885021, 0.03329842355608028, 0.007485803026747104, 0.8422792041060074, 0.0030819381597773894], [0.98500332438622, 0.002999335122756038, 0.002999335122756038, 0.002999335122756038, 0.002999335122756038, 0.002999335122756038], [0.8141904231929186, 0.05426412412322489, 0.06369479201079856, 0.013794120855661503, 0.05104132185222672, 0.003015217965169841], [0.7707982700985595, 0.15127955401208015, 0.0030286788848458332, 0.01210699153383559, 0.0597578265858332, 0.0030286788848458332], [0.8252926940892055, 0.05037575153246585, 0.06602655709852945, 0.011883309102701196, 0.04341640349612786, 0.0030052846809701596], [0.98500332438622, 0.002999335122756038, 0.002999335122756038, 0.002999335122756038, 0.002999335122756038, 0.002999335122756038]], [[0.98500332438622, 0.002999335122756038, 0.002999335122756038, 0.002999335122756038, 0.002999335122756038, 0.002999335122756038], [0.9637081908000961, 0.014888647191444499, 0.00980618618782418, 0.0030005834601121023, 0.005595808900411077, 0.0030005834601121023], [0.9539617757122744, 0.029769644610827758, 0.0030029198024928475, 0.0030029198024928475, 0.007259820269419316, 0.0030029198024928475], [0.918382784945504, 0.052914895266044794, 0.0030065489594910955, 0.004703986828902128, 0.017985235040567045, 0.0030065489594910955], [0.9007175658571457, 0.06357328464375864, 0.0030013148523428596, 0.0057532233694829816, 0.02395329642492695, 0.0030013148523428596], [0.07051644377085567, 0.07309368471102663, 0.0030183326377290604, 0.006868778338442649, 0.8434844279042168, 0.0030183326377290604], [0.8223112037875941, 0.10895507605465522, 0.003004891808695936, 0.009858798576186498, 0.05286513796417223, 0.003004891808695936], [0.8195214612286343, 0.10662054871214574, 0.0030086958053691638, 0.01031504987144043, 0.05752554857704128, 0.0030086958053691638], [0.8150310694763054, 0.11128859965381054, 0.0030073935635719757, 0.010389061001232734, 0.057276482741507415, 0.0030073935635719757], [0.5222194910825062, 0.21064059433372956, 0.003007527885827229, 0.016870597306473417, 0.24425426150563628, 0.003007527885827229], [0.7918414334249655, 0.13647341077980787, 0.0030066229694687046, 0.01076746300557569, 0.05490444685071347, 0.0030066229694687046], [0.12030505520211054, 0.1266435918449505, 0.0030127346628524864, 0.011547277151685702, 0.7354786064755482, 0.0030127346628524864], [0.8174495545365443, 0.11558200111878796, 0.003002511542935784, 0.01020664813195739, 0.05075677312683889, 0.003002511542935784], [0.8544079597675006, 0.09034538320790267, 0.0030412602354569786, 0.008409815098350103, 0.04075432145533259, 0.0030412602354569786], [0.8840416454161684, 0.07266350258777243, 0.0030085771370144438, 0.0064040814800737705, 0.030873616241956604, 0.0030085771370144438], [0.05574797964966739, 0.05955469955564424, 0.003005985168599439, 0.005399639024211819, 0.8732857114332777, 0.003005985168599439], [0.9487717313628178, 0.032151522950312476, 0.0030105227134192454, 0.003072806608008503, 0.009982893652022816, 0.0030105227134192454], [0.9531993335849696, 0.029049148628887085, 0.0030054989190080534, 0.0030054989190080534, 0.008735021029119274, 0.0030054989190080534], [0.9557784204463277, 0.027393897738598027, 0.003003111760528016, 0.003003111760528016, 0.007818346533490367, 0.003003111760528016], [0.9535713477731675, 0.029395559841649127, 0.003004097104474139, 0.003004097104474139, 0.008020801071760914, 0.003004097104474139], [0.046245416097405304, 0.0533175661627927, 0.0030076421626448876, 0.004725805858667504, 0.8896959275558447, 0.0030076421626448876], [0.8985458204457211, 0.06831904344259059, 0.003000873515080414, 0.005263291941246394, 0.02187009714028124, 0.003000873515080414], [0.8743194567879857, 0.08703514161658416, 0.003010508411674697, 0.005940834613450631, 0.026683550158630026, 0.003010508411674697], [0.8111569123917606, 0.13070117151654476, 0.0030028508700946015, 0.008686645143293469, 0.043449569208212246, 0.0030028508700946015], [0.7960331885794975, 0.14338821017858508, 0.003007678938864506, 0.009873986044099484, 0.04468925732008902, 0.003007678938864506], [0.7767835433602219, 0.14459401161802315, 0.003014190810701923, 0.009490691723822756, 0.06310337167652832, 0.003014190810701923], [0.8002308037759222, 0.1392571753094675, 0.003010853710202022, 0.009522218518902116, 0.04496809497530422, 0.003010853710202022], [0.8216639347526329, 0.12115793187794512, 0.003002318749767268, 0.008419787207211038, 0.04275370866267643, 0.003002318749767268], [0.8793378998030679, 0.07897639279363042, 0.0030097682906355915, 0.006213151209545887, 0.029453019612484702, 0.0030097682906355915], [0.9040798835935284, 0.05838066346465509, 0.0030034123157169816, 0.005605364100427593, 0.025927264209954972, 0.0030034123157169816], [0.0029993351227560394, 0.0029993351227560394, 0.0029993351227560394, 0.0029993351227560394, 0.0029993351227560394, 0.9850033243862198], [0.0029993351227560394, 0.0029993351227560394, 0.0029993351227560394, 0.0029993351227560394, 0.0029993351227560394, 0.9850033243862198], [0.0029993351227560394, 0.0029993351227560394, 0.0029993351227560394, 0.0029993351227560394, 0.0029993351227560394, 0.9850033243862198], [0.0029993351227560394, 0.0029993351227560394, 0.0029993351227560394, 0.0029993351227560394, 0.0029993351227560394, 0.9850033243862198], [0.11960562179313525, 0.12255536202116463, 0.0030150803449358835, 0.0113448154696335, 0.7404640400261948, 0.0030150803449358835], [0.8170038501291468, 0.05671518541552406, 0.06177089876538582, 0.012403450108377607, 0.04909482408791716, 0.0030117914936485936], [0.7643946519616863, 0.16187710080196027, 0.0030096050695795676, 0.01193480082569767, 0.05577423627149659, 0.0030096050695795676], [0.782063274577305, 0.14825960954788475, 0.003017647031807366, 0.01200850888347365, 0.05163331292772191, 0.003017647031807366], [0.8274288183038109, 0.053114923214436276, 0.0596620951194168, 0.011848474131631124, 0.04493970375667175, 0.00300598547403323], [0.98500332438622, 0.002999335122756038, 0.002999335122756038, 0.002999335122756038, 0.002999335122756038, 0.002999335122756038]], [[0.98500332438622, 0.002999335122756038, 0.002999335122756038, 0.002999335122756038, 0.002999335122756038, 0.002999335122756038], [0.014352310529017287, 0.012804823576104189, 0.007365571970953308, 0.003003874427589632, 0.9594695450687459, 0.003003874427589632], [0.9560247985979723, 0.02803865217301006, 0.003001837326876996, 0.003001837326876996, 0.00693103724838671, 0.003001837326876996], [0.9510945984118708, 0.03147928875146924, 0.0030059626000897618, 0.0030059626000897618, 0.008408225036390701, 0.0030059626000897618], [0.9077262543109449, 0.05819392436300395, 0.0030027975821562843, 0.0052753125872756264, 0.022798913574462936, 0.0030027975821562843], [0.06787573007365907, 0.0702794580563011, 0.0030145948235967266, 0.006359059264203752, 0.8494565629586427, 0.0030145948235967266], [0.08676711039162688, 0.07699863281329357, 0.003050117517016301, 0.008113256009444915, 0.8220207657516021, 0.003050117517016301], [0.8247064968762492, 0.10224764882309834, 0.0030105082064427057, 0.009578458617852897, 0.05744637926991426, 0.0030105082064427057], [0.822841090951337, 0.1059250380350811, 0.003007208075640784, 0.009998689733388666, 0.05522076512891158, 0.003007208075640784], [0.8064724203929645, 0.1070384345350226, 0.0030031154586828046, 0.010271678638999944, 0.07021123551564731, 0.0030031154586828046], [0.8175370633444407, 0.1120742749090657, 0.003004752442301633, 0.010361001910804784, 0.0540181549510856, 0.003004752442301633], [0.8153045189415916, 0.11395120600060739, 0.0030047478476647733, 0.010359808485223672, 0.05437497087724783, 0.0030047478476647733], [0.8559243608509528, 0.08509902801915509, 0.0030412587053292965, 0.008491777876111094, 0.044402315843122334, 0.0030412587053292965], [0.8188278532271477, 0.11385913579215617, 0.003003546033849764, 0.009924230062953463, 0.05138168885004318, 0.003003546033849764], [0.07705629506172935, 0.08765769591250518, 0.0030415610712298314, 0.00739080804220376, 0.8218120788411021, 0.0030415610712298314], [0.8930681930928016, 0.06707759835156099, 0.0030037753950953325, 0.005656911741475609, 0.028189746023971084, 0.0030037753950953325], [0.9097795932126884, 0.05606235361821071, 0.003004105817455391, 0.004941648145732366, 0.02320819338845782, 0.003004105817455391], [0.024984638032381462, 0.029496082103822138, 0.00302605229546399, 0.00302605229546399, 0.9364411229774044, 0.00302605229546399], [0.9538182660663651, 0.028436775111452654, 0.0030052794257323604, 0.0030052794257323604, 0.00872912054498511, 0.0030052794257323604], [0.9264748156566178, 0.0452343593858728, 0.0030128799935343403, 0.004602099051647501, 0.017662965918793155, 0.0030128799935343403], [0.9494714124308404, 0.03244067963500454, 0.0030081381602111157, 0.0030081381602111157, 0.009063493453521677, 0.0030081381602111157], [0.90824374071234, 0.06023981873049204, 0.0030021931970518187, 0.004995062007680329, 0.020516992155383957, 0.0030021931970518187], [0.06256681996189888, 0.0714473403145502, 0.0030090586687599, 0.0057213067395310594, 0.8542464156465001, 0.0030090586687599], [0.8646649254518214, 0.09261339076651928, 0.0030188620220448926, 0.006551834440772887, 0.030132125296796597, 0.0030188620220448926], [0.8089797191958615, 0.13205085793190738, 0.0030032456325716963, 0.008762361901440635, 0.0442005697056470