{"prediction": [[[0.8972593309089761, 0.027333855562564294, 0.013463063912930017, 0.005668076328711201, 0.05283530267691805, 0.0034403706099001997], [0.7690950543980405, 0.09083227594718148, 0.04244658645144807, 0.01138422421407579, 0.08162798145729296, 0.004613877531961131], [0.8408357815713212, 0.06639555457046149, 0.035552503634861385, 0.008427626039888543, 0.04492744029563464, 0.003861093887832732], [0.7261521505984558, 0.09183185709606288, 0.05032489218567643, 0.01273105032748858, 0.11384085261860315, 0.005119197173713225], [0.8431462446788595, 0.06740650637147037, 0.03833504682572287, 0.010783742413304263, 0.03649822763089857, 0.0038302320797444127], [0.7802377289101734, 0.06773460753799193, 0.04826592397440232, 0.01646235509093646, 0.08288128773370411, 0.004418096752791953], [0.7381830585742775, 0.07665788318107121, 0.05516032183624374, 0.015110746373136669, 0.1099529972052354, 0.004934992830035506], [0.7382082833913125, 0.06703362481328863, 0.04571103854131933, 0.01761218505819645, 0.12643302294409464, 0.0050018452517884785], [0.7442928218348763, 0.07277146339193187, 0.052746070402612526, 0.01648279207171273, 0.10884734266784092, 0.004859509631025715], [0.7136376475892814, 0.07739615465280823, 0.06145271026790427, 0.01612129503426346, 0.1261519695246168, 0.005240222931126071], [0.7620630117357728, 0.06863296001688475, 0.04604972913215545, 0.014215365307865734, 0.10435339851430783, 0.004685535293013435], [0.7946213118176718, 0.0653533418256447, 0.046745449314499116, 0.011320307911145888, 0.0776628277220549, 0.00429676140898371], [0.8525827534146887, 0.05727661153409542, 0.0341722327672052, 0.009098758806205288, 0.04313463357180493, 0.003735009906000644], [0.8137698766008971, 0.06220755217386206, 0.033114259003650066, 0.009677245639850575, 0.07708673823934667, 0.004144328342393537], [0.7725853694044856, 0.06961397693943203, 0.05301454402917197, 0.013705756916051436, 0.0865621999623783, 0.004518152748480625], [0.7953067492336863, 0.06747141503231927, 0.038971847264741, 0.015218143280142671, 0.07874913473021389, 0.004282710458896727], [0.742105951930388, 0.07232853739352951, 0.04722542791438327, 0.020750189390114814, 0.1127092140558093, 0.004880679315775209], [0.7515583797855098, 0.07242357554325617, 0.04735187837955795, 0.02221337421587469, 0.10134448462958806, 0.005108307446213507], [0.8094304047145886, 0.055829549234952994, 0.04018225918762753, 0.016579733528069667, 0.0738629620251122, 0.004115091309649087], [0.7835081785322865, 0.06706375993298473, 0.04171912354852568, 0.018110715627707955, 0.08520596280176407, 0.004392259556731007], [0.7804049979562886, 0.062232762458574814, 0.043965293024311965, 0.018839754473406967, 0.08901307751589331, 0.00554411457152449], [0.7249945324948802, 0.06488865745767579, 0.04478017823402717, 0.022916348625867798, 0.1347888437334372, 0.007631439454112016], [0.7579595344589041, 0.0685345502632858, 0.04772510270960932, 0.02425834351446256, 0.09372322689241253, 0.007799242161325775], [0.7552633876141182, 0.061790874480047234, 0.04271473196275441, 0.016979875621165173, 0.11844848399112602, 0.004802646330789025], [0.719674930811906, 0.08665733383657835, 0.05224401014522894, 0.02513607590710377, 0.10946852943777552, 0.006819119861407341], [0.6977767958371573, 0.10432101529854504, 0.04797789476676448, 0.02874524736959086, 0.11428540224967848, 0.0068936444782638235], [0.7070887994460694, 0.09562968902778117, 0.058433941435549586, 0.019724771649237124, 0.11385821382614036, 0.005264584615222335], [0.7251946065609064, 0.10396897101358347, 0.04936053862469165, 0.018864126605344308, 0.09754170696844175, 0.005070050227032334], [0.7486831857766582, 0.09248407262636821, 0.055216563031366614, 0.014586363383225949, 0.08424292909371447, 0.0047868860886666805], [0.7426448736417315, 0.10508952177293213, 0.06195721731548659, 0.013298968045531576, 0.072133721648314, 0.0048756975760043545], [0.7356468759000413, 0.09711299607045602, 0.05560458545434324, 0.012126742035808814, 0.09453801141690649, 0.0049707891224442064], [0.8037851560377415, 0.08944788626224748, 0.04616440844792025, 0.012961469637785005, 0.04340555866946307, 0.004235520944842837], [0.7726130533634217, 0.10115186587135612, 0.04766628745296593, 0.012702744324536386, 0.0612929787241501, 0.0045730702635696065], [0.8283852586061411, 0.08278729908039299, 0.03453408287162963, 0.010003329330325912, 0.04027016057080025, 0.004019869540710254], [0.8518932905712642, 0.07736870956020389, 0.03267700206940845, 0.009042630985446736, 0.025190674285236688, 0.003827692528439918], [0.8430711013589341, 0.077999916696732, 0.03786102728730029, 0.00785815425693245, 0.029312038479074987, 0.003897761921025959], [0.7861284291587494, 0.09423454595850998, 0.04262696381421588, 0.010405036608921897, 0.0621662923678145, 0.00443873209178845], [0.8146882730708601, 0.08385847395694006, 0.02945038671691835, 0.007685324087074246, 0.06013868489567024, 0.004178857272537077], [0.7871120464702478, 0.09036286809631286, 0.045089662340468836, 0.008249458581504889, 0.06475646450900564, 0.004429500002459976], [0.8781848438717139, 0.038659754631793164, 0.019424286406380747, 0.00660307945025608, 0.0535681412164404, 0.0035598944234157964]], [[0.8070062980869306, 0.06328424545024401, 0.035321078533532925, 0.006496328483598251, 0.08364502477349453, 0.004247024672199534], [0.8687012440018858, 0.08479475135024775, 0.03560850424319133, 0.003591383392791526, 0.004276948895029792, 0.0030271681168538927], [0.005500149023787161, 0.05334035848187307, 0.018877635653606863, 0.0039068326239027965, 0.915361013561485, 0.0030140106553450973], [0.8775180544330022, 0.07635428244495325, 0.03526839062853961, 0.0035791189563698037, 0.004262343278735154, 0.0030178102583999786], [0.8788594321486131, 0.07414021711543121, 0.036141556605438226, 0.0035797105658061028, 0.004263047821538895, 0.003016035743172643], [0.007833999511607593, 0.06348055161129687, 0.030220479027615575, 0.003909096508642221, 0.8915414900598809, 0.003014383280956814], [0.011246445566404093, 0.07085393709667069, 0.04170653726987284, 0.003922423548595092, 0.8692476110750286, 0.0030230454434286625], [0.8033309726925532, 0.10511922457960468, 0.07421090865261526, 0.005067550970082142, 0.009253946448904616, 0.0030173966562402036], [0.8459212868448007, 0.08574848252703504, 0.055375600775757546, 0.003615688844704557, 0.006295079597073152, 0.003043861410629005], [0.00946518920839707, 0.0681183763963026, 0.03442583595585714, 0.0039150921361857565, 0.8810574838260119, 0.0030180224772455976], [0.8654420633280072, 0.08308761844537474, 0.04056738670815222, 0.0035946033327473124, 0.0042807834949958115, 0.0030275446907227525], [0.889392430225437, 0.07091095575353414, 0.02885484235056392, 0.0035737906878672066, 0.004255997887672104, 0.003011983094925704], [0.895032970023491, 0.06917990799876801, 0.024950341852160232, 0.003571874331914379, 0.004253715715155691, 0.0030111900785106897], [0.8944043268030971, 0.07299877035455019, 0.021966053256870878, 0.0034816840205932806, 0.004146308816432095, 0.0030028567484566182], [0.012565641490549952, 0.055730263371802057, 0.023749960420582857, 0.00384217761403184, 0.9010812341502252, 0.0030307229528081176], [0.885267590346014, 0.06617535054696738, 0.034531386542592635, 0.0035233089215755777, 0.007467831456647143, 0.0030345321862030148], [0.8892314497956486, 0.0679510930064462, 0.03214705463342576, 0.0034951680852884207, 0.0041623668779896955, 0.0030128676012014686], [0.016430696365441703, 0.08484905551984169, 0.054509753023436205, 0.004863293837620951, 0.8363083211790353, 0.0030388800746241327], [0.8296921361239297, 0.09352737044127526, 0.06277144918619025, 0.004821858031288986, 0.006166401242439329, 0.0030207849748765895], [0.7983895417066263, 0.10288576744488176, 0.08056463616972193, 0.005266883663633423, 0.009878545536228276, 0.003014625478908403], [0.7931071283110422, 0.11639246188949476, 0.06693093106355333, 0.0054444329041930814, 0.015081406664632754, 0.0030436391670839776], [0.5810204215243627, 0.1455331343396961, 0.09553603894821414, 0.03285754821315242, 0.1377080071447147, 0.007344849829859994], [0.5790278321061293, 0.1373574547118094, 0.0835234495887321, 0.02651497037157894, 0.16670756900846753, 0.006868724213282893], [0.5109925728649615, 0.16198378988286138, 0.10745779493780744, 0.029726947262921407, 0.18211661643955346, 0.007722278611894832], [0.8582662419821981, 0.08490471582967532, 0.044377398807520806, 0.0036253662842914494, 0.005787727070147953, 0.003038550026166438], [0.8694089950122919, 0.0752893176940817, 0.044546533856464, 0.0034812231045276364, 0.004243517825323882, 0.0030304125073110717], [0.007454784009717457, 0.057173722810353274, 0.024600530347963535, 0.003777814935680676, 0.9039806675091745, 0.003012480387110589], [0.8815907012681568, 0.07917645061733651, 0.028690900426010007, 0.0034414836421582176, 0.004098435494085784, 0.00300202855225281], [0.889919085067763, 0.07125154006334584, 0.028079851663108387, 0.003530909565227238, 0.004204931613261187, 0.0030136820272942187], [0.8792824841278877, 0.08246469598523734, 0.02746194822952736, 0.0035444131046354814, 0.004221012869011216, 0.003025445683700904], [0.7317724241834157, 0.12962744951962796, 0.05362652818160757, 0.007287264626718928, 0.07254193557606685, 0.005144397912563204], [0.8983380454554477, 0.07061362593735147, 0.020299341418126945, 0.0035300342895959336, 0.004203889254598525, 0.0030150636448793146], [0.8959221646006416, 0.06859571805610752, 0.024742809285806352, 0.003527090726349811, 0.004200383788961245, 0.003011833542133544], [0.9173660880200241, 0.056517078783055945, 0.015388478055932683, 0.0035230703518146322, 0.004195595957478215, 0.0030096888316944693], [0.006545465034309909, 0.05689562821713637, 0.017018346073528322, 0.0038643609720734363, 0.9126600978612784, 0.0030161018416735175], [0.890603613103327, 0.07485652734319218, 0.023780209319518037, 0.003533732038449852, 0.0042082928737698765, 0.0030176253217430136], [0.6673608713193844, 0.15828442166661852, 0.0543851102287029, 0.006342020596816395, 0.10762075825003044, 0.006006817938447354], [0.6050126568661189, 0.18770429120100304, 0.04652099315031665, 0.006950116154354982, 0.1468618264738514, 0.006950116154354982], [0.6272219039988935, 0.1647712626889756, 0.059189742640852076, 0.006706896013736036, 0.1355888104731225, 0.006521384184420241], [0.8498350998950096, 0.0690285885658022, 0.028720014079089733, 0.004870795325029981, 0.04371803975693645, 0.003827462378132101]], [[0.8718043385650315, 0.04818205671513756, 0.0293422489448239, 0.005186173363491642, 0.041895150867456224, 0.003590031544059254], [0.8841460912505028, 0.07648725997196729, 0.028516253790964646, 0.0035754765764069813, 0.004258005598445007, 0.003016912811713248], [0.007358917525973536, 0.087547797483397, 0.0030085536165055, 0.0037678230766997616, 0.8953083546809187, 0.0030085536165055], [0.8854171806623127, 0.10071010293236411, 0.0030160867501171263, 0.0036779961050587774, 0.004162546800030257, 0.0030160867501171263], [0.009668453939487244, 0.09745135845897751, 0.00301112884160193, 0.003771166019590518, 0.8830867638987409, 0.00301112884160193], [0.8687720370634344, 0.11517187490980674, 0.003029068991533659, 0.0036956040862392127, 0.006302345957452243, 0.003029068991533659], [0.8173932699838786, 0.16089802774863582, 0.003027386246311075, 0.0055840709434932965, 0.0100698588313701, 0.003027386246311075], [0.8074557165865754, 0.16744402270083983, 0.0030220389783134688, 0.00575404365264634, 0.013302139103311593, 0.0030220389783134688], [0.8116150127715248, 0.1644966016168034, 0.0030238260289349958, 0.005579471656686888, 0.012261261897114885, 0.0030238260289349958], [0.008948015720851622, 0.09728339145644842, 0.0030116027489403723, 0.0037687504758264355, 0.8839766368489927, 0.0030116027489403723], [0.8888896766891736, 0.09726053904872323, 0.003013399161359786, 0.003669760138205031, 0.004153225801178446, 0.003013399161359786], [0.008676948805464255, 0.07667918863400161, 0.003004586984864606, 0.0037598560732425993, 0.9048748325175623, 0.003004586984864606], [0.007874200188828716, 0.06731525200518407, 0.0030053552822911656, 0.0037604946478499877, 0.9150393425935549, 0.0030053552822911656], [0.907192792326298, 0.07917171878890644, 0.003005230933672964, 0.0035768974464812794, 0.004048129570968289, 0.003005230933672964], [0.9062001039682986, 0.07992495490010589, 0.0030054109143944573, 0.0035794151407115165, 0.004284704162095178, 0.0030054109143944573], [0.893359429349271, 0.09278382581883801, 0.0030134113852767507, 0.0035889271387118706, 0.004240994922625488, 0.0030134113852767507], [0.8480084754277774, 0.13249268014657287, 0.0030316185770418425, 0.005464989244591005, 0.007970618026975046, 0.0030316185770418425], [0.8285183739381463, 0.15141925460751846, 0.0030266027303055007, 0.005457308263859164, 0.008551857729865038, 0.0030266027303055007], [0.7667958049745228, 0.1287471735308747, 0.08257683623260953, 0.005855246170979118, 0.013016531279654967, 0.003008407811358867], [0.8024332558120679, 0.11553852155166941, 0.06570930123876588, 0.004856203981874679, 0.008421999063001367, 0.003040718352620728], [0.6365145912937931, 0.1556120862910501, 0.020710572506963048, 0.037096585023679476, 0.14234880685408158, 0.007717358030432609], [0.7184394800618753, 0.1683962686784261, 0.08751097127852843, 0.00694495204123451, 0.01564468130720017, 0.0030636466327354987], [0.5259540594225824, 0.16733629671048905, 0.09270791450383331, 0.04036726637913288, 0.16423332789760842, 0.009401135086353936], [0.7668938862823487, 0.11745549565841505, 0.09476139781629854, 0.005852992821098576, 0.012013093959451875, 0.0030231334623873627], [0.8082762214989928, 0.17004188667187886, 0.0030245241697016206, 0.005457107557278071, 0.010175735932447052, 0.0030245241697016206], [0.8966293394347831, 0.0897850924352897, 0.0030128643319397245, 0.0035463177649954526, 0.004013521701052369, 0.0030128643319397245], [0.8959305561542301, 0.09048135885692023, 0.0030134036203475593, 0.003546992462574611, 0.004014285285580053, 0.0030134036203475593], [0.900115633863052, 0.08635794670879292, 0.003001435159677722, 0.0035292939724684658, 0.003994255136331154, 0.003001435159677722], [0.8862614698444446, 0.07767822010114381, 0.025353093530463035, 0.0035168523359710947, 0.004188190972754238, 0.0030021732152232736], [0.8760875247274821, 0.08452478835830221, 0.010872877356088394, 0.004038368901757144, 0.020699577260196826, 0.0037768633961734323], [0.007226166717260591, 0.050376082035912144, 0.018162758003816577, 0.00385749208846824, 0.9173666265418269, 0.003010874612715551], [0.9111020088176263, 0.07456954161284013, 0.003620770390258231, 0.0036142024291513915, 0.004090349233609133, 0.0030031275165148387], [0.0054776019345567275, 0.0758219891378994, 0.003007918194057596, 0.0037202074088479647, 0.9089643651305808, 0.003007918194057596], [0.9235484580701933, 0.06275294879607801, 0.00300159451587469, 0.0036099113116609535, 0.004085492790318418, 0.00300159451587469], [0.903901027667056, 0.08173580473421355, 0.0036476685020465907, 0.003616664411318734, 0.004093135565329274, 0.0030056991200358187], [0.006948522240821302, 0.054426335225847465, 0.01723333484766038, 0.0038614882307952555, 0.914516376920284, 0.003013942534591606], [0.7676997943653702, 0.13739827373737173, 0.04364755157589043, 0.004895262086183418, 0.041463856149000985, 0.004895262086183418], [0.7029867099585049, 0.16378793575272085, 0.042128274392226814, 0.005674585018586348, 0.0797479098593749, 0.005674585018586348], [0.8576888018000972, 0.10015667485195011, 0.03127172316412347, 0.0035744198583972397, 0.004256747669116763, 0.0030516326563151835], [0.8596310356686515, 0.05632836712941852, 0.027787444651195335, 0.004663467974613406, 0.04787336165991217, 0.003716322916209152]], [[0.8265655090021814, 0.05660613926729037, 0.03546393153982634, 0.006378085523653977, 0.07096448296786873, 0.004021851699179222], [0.8675320898202092, 0.08365911728954638, 0.03791428616273363, 0.003591108872270655, 0.004276621970803112, 0.0030267758844370806], [0.874347235287547, 0.11056552593599876, 0.004003712555148189, 0.003691996500449241, 0.004366161314321648, 0.0030253684065351663], [0.8601700195309167, 0.121787172272446, 0.0030369730026446294, 0.003704473121227183, 0.008264389070120908, 0.0030369730026446294], [0.871093489974918, 0.11313121940307654, 0.003026878294532688, 0.0036904730743742343, 0.006031060958565911, 0.003026878294532688], [0.807256477825437, 0.167075002642343, 0.0030213299672712684, 0.005576442762419352, 0.014049416835258344, 0.0030213299672712684], [0.7800619592807493, 0.19016510716387527, 0.0030192469532418246, 0.005945006381153802, 0.017789433267737808, 0.0030192469532418246], [0.764149398050941, 0.19814859057304118, 0.0030146183635906126, 0.008025859131042304, 0.023646915517794354, 0.0030146183635906126], [0.7883506702151281, 0.18663877650652624, 0.003023911618588347, 0.005577191260553592, 0.01338553878061547, 0.003023911618588347], [0.8160156293539769, 0.1632150504460854, 0.0030286934568381297, 0.005584111463081861, 0.009127821823179711, 0.0030286934568381297], [0.8912365341774044, 0.09482004003595679, 0.003011589580545519, 0.003667597341768034, 0.004252649283779806, 0.003011589580545519], [0.8980503025554702, 0.0861378317729061, 0.00300551726864582, 0.00366109105363714, 0.00613974008069496, 0.00300551726864582], [0.007038482823081993, 0.06773905541737918, 0.0030062306327340474, 0.0037598282482748857, 0.9154501722457958, 0.0030062306327340474], [0.009201279649457357, 0.06785467469682506, 0.003003011364319931, 0.003673530051136304, 0.9132644928739414, 0.003003011364319931], [0.012196589443387995, 0.07920137678626651, 0.003003080536628847, 0.003674718361540544, 0.8989211543355472, 0.003003080536628847], [0.018556460452854223, 0.11917770337141624, 0.0030956804794774555, 0.005568663102456843, 0.8505058121143176, 0.0030956804794774555], [0.8348555211732579, 0.14402561105542117, 0.0030259089560705586, 0.005455106320777903, 0.00961194353840197, 0.0030259089560705586], [0.03083809308550344, 0.09963655568147424, 0.07901126618657665, 0.005038298682260954, 0.7824627053331449, 0.0030130810310398447], [0.6198726963773509, 0.13621669038105017, 0.08390592938494032, 0.029276690696304602, 0.12447007927853915, 0.006257913881814944], [0.6444750407941018, 0.12463273304474055, 0.07963532818258917, 0.03193858212385521, 0.11237467060849732, 0.0069436452462159496], [0.7158801518022212, 0.17043048292032936, 0.0875301211851954, 0.0068784375140320915, 0.016220696360100383, 0.0030601102181216154], [0.668038377709523, 0.1563770049688932, 0.14521938190356154, 0.007722794900515151, 0.019624041075327007, 0.003018399442180006], [0.5698788332517293, 0.14776294445366547, 0.10303109538650185, 0.03858314590069376, 0.13286297438591635, 0.007881006621493354], [0.727865839686664, 0.12809419413195963, 0.11788853549172039, 0.005940667731043914, 0.017167529387685124, 0.003043233570926919], [0.8127650373031136, 0.1656482569088786, 0.0030241571828644315, 0.005453253155391727, 0.010085138266887431, 0.0030241571828644315], [0.024376020122777498, 0.16691140912948998, 0.003062030944365572, 0.005452732668871001, 0.7971357761901304, 0.003062030944365572], [0.00885733374544045, 0.11034518908658184, 0.0030047766676484576, 0.003639455802833352, 0.8711484680298475, 0.0030047766676484576], [0.010347750783561049, 0.07018457789468018, 0.030141355548784526, 0.003764923537597614, 0.8825598434163106, 0.0030015488190661362], [0.7615574580093118, 0.12492304145055291, 0.019727023990803873, 0.009083533185075671, 0.07978154791505218, 0.004927395449203469], [0.9102769744960638, 0.058244065683706304, 0.020758259642166897, 0.0035209075892308926, 0.0041930203410280205, 0.0030067722478041336], [0.920772956231628, 0.06552511186797126, 0.003001587970486808, 0.0036114836667908044, 0.004087272292636405, 0.003001587970486808], [0.9227107510093229, 0.051696270788783395, 0.014869296515125807, 0.0035213838249845645, 0.004193587486331232, 0.0030087103754521806], [0.9063102640317516, 0.0779316071477343, 0.005040261268633879, 0.003618040885357758, 0.004094693380543272, 0.0030051332859791402], [0.902451988868624, 0.0657733444909, 0.021039556958459944, 0.00352556826097584, 0.004198570697274004, 0.0030109707237661646], [0.8927137287259238, 0.07031475675093668, 0.026226037387516776, 0.003529376421125999, 0.004203105804364105, 0.003012994910132674], [0.7972147623569863, 0.12408207058375288, 0.029330840889646968, 0.005896703922222754, 0.03891064759731556, 0.004564974650075534], [0.8989461255043215, 0.071024363205821, 0.019275631770048682, 0.0035318585578214324, 0.004206061760858106, 0.00301595920112928], [0.6433911334704044, 0.1793257166021943, 0.05118764572544008, 0.006395240651197951, 0.11330502289956533, 0.006395240651197951], [0.8809459263504944, 0.07573557726244153, 0.032555823944809506, 0.003534717604195421, 0.004209466576036653, 0.0030184882620225644], [0.8214629762084162, 0.06739425801768992, 0.03728384483649748, 0.0054693230287218295, 0.06431472727391825, 0.0040748706347563095]], [[0.8430028854514263, 0.05490723444120343, 0.032981262302701694, 0.006657319916279783, 0.058603670910198656, 0.0038476269781900687], [0.8622444648804873, 0.08544892587982565, 0.04139180035679264, 0.0035984854335924577, 0.004285406656909787, 0.00303091679239207], [0.009989394126096405, 0.10149063236261256, 0.0030134284365629814, 0.0037742053622053717, 0.8787189112759598, 0.0030134284365629814], [0.8656900951940582, 0.11804730565985178, 0.003032329658336369, 0.00369698270904838, 0.006500957120369056, 0.003032329658336369], [0.024497052631751257, 0.1525776307418375, 0.0030564497015225104, 0.005626151691893522, 0.8111862655314727, 0.0030564497015225104], [0.7776540798327349, 0.19146908262521434, 0.003018476361721278, 0.006112087141762527, 0.018727797676845733, 0.003018476361721278], [0.7585708530126449, 0.20424635430783, 0.003018077424760902, 0.006505410528861995, 0.02464122730114127, 0.003018077424760902], [0.04302160103320443, 0.24245485092284444, 0.003123053356002321, 0.007333548338519605, 0.7009438929934269, 0.003123053356002321], [0.7639395587321067, 0.20689727418512574, 0.0030255966430866154, 0.005941112260317297, 0.017170861536277022, 0.0030255966430866154], [0.7900303786692185, 0.1838438035619605, 0.0030219947766357215, 0.005572721980917385, 0.014509106234632198, 0.0030219947766357215], [0.8212925485008258, 0.1532292671363161, 0.003023041958725588, 0.005575377722375491, 0.01385672272303152, 0.003023041958725588], [0.888600825894261, 0.09453851945108335, 0.0030102660389994683, 0.003667392474909653, 0.0071727301017469975, 0.0030102660389994683], [0.9005303261411703, 0.08268316286317044, 0.0030037822733170964, 0.0036583130431145417, 0.007120633405910502, 0.0030037822733170964], [0.011546653294204233, 0.07484038273916942, 0.0030022780225774006, 0.0036748071944030253, 0.9039336007270685, 0.0030022780225774006], [0.8695725602364113, 0.1087379114019406, 0.00303973152206716, 0.0054774023963953455, 0.010132662921118517, 0.00303973152206716], [0.8531702163869127, 0.12290400425441003, 0.0030284854967226713, 0.005458901350320158, 0.012409907014911885, 0.0030284854967226713], [0.7576346672706618, 0.12767371511828285, 0.08899946397743175, 0.005735131154524483, 0.016950562234318105, 0.0030064602447809675], [0.7235059425566197, 0.16383405585269942, 0.087180633495091, 0.006500724980656853, 0.01591285241704993, 0.0030657906978831056], [0.5959034758453479, 0.13455246900726323, 0.07096355384596334, 0.035406609738086944, 0.15657305841941246, 0.006600833143926251], [0.6192856560099621, 0.14755329401319683, 0.06431450897842433, 0.034500054736341504, 0.12733367070585236, 0.00701281555622296], [0.04201138336830689, 0.14226037109986078, 0.11136320473846993, 0.006721477600168564, 0.6944788598223347, 0.003164703370859059], [0.6457162705195888, 0.17639771676467678, 0.13261603508422315, 0.008689564725249314, 0.03356332519450683, 0.0030170877117551937], [0.5961145178030491, 0.13198186379080806, 0.08632206067127336, 0.029447976885515578, 0.14955321843896258, 0.006580362410391447], [0.6724606646220198, 0.16862718212868327, 0.1242774620223751, 0.007522316530290323, 0.024089230186841518, 0.003023144509789973], [0.7623423263312933, 0.10997189151628949, 0.1015800640022699, 0.0067502585564773185, 0.016343135624628278, 0.003012323969041655], [0.8106888662346591, 0.09587756851906204, 0.06965294485775714, 0.006106322900691163, 0.014666167854006358, 0.0030081296338243368], [0.8339492173676352, 0.08810940278048246, 0.058881504425013394, 0.004790861065144221, 0.01123696205974448, 0.003032052301980305], [0.6251417243147604, 0.12108561778261913, 0.06911634069667497, 0.016536810110351113, 0.16172878979991784, 0.006390717295676584], [0.8982408653282447, 0.06726773142113185, 0.023712581230989245, 0.0035329769417037915, 0.0042347942324731215, 0.0030110508454574206], [0.8970896324433573, 0.06473221107170701, 0.027442277894629365, 0.003526988497805663, 0.0042002620458157095, 0.0030086280466849837], [0.9185262373640948, 0.05538110948685991, 0.015363018693900294, 0.003523832074527269, 0.004196503086889415, 0.0030092992937283936], [0.7478754625931938, 0.10613509529721592, 0.04233183245487734, 0.005893188663254479, 0.09281964863681264, 0.00494477235464586], [0.8892109526339648, 0.06899544087047124, 0.031049050942119263, 0.003529419184078687, 0.0042031567304182315, 0.0030119796389477516], [0.7561354373961932, 0.10332731338961088, 0.05563176882598145, 0.00708582522120673, 0.07303448391738886, 0.004785171249618923], [0.8410848329947076, 0.0811981059892499, 0.03395766198027821, 0.00502876275519315, 0.03478742273920916, 0.003943213541362073], [0.8790015212818255, 0.08174184155832817, 0.028463812807246004, 0.003545699162035746, 0.004222544424356643, 0.0030245807662079736], [0.8648961415665684, 0.07912411986792592, 0.04515638109082013, 0.0035547432984691864, 0.004239187470818051, 0.003029426705398358], [0.7377929346576045, 0.13047762035504046, 0.05593384753488492, 0.006330819885086924, 0.06437231083851912, 0.005092466728864128], [0.8721265895024867, 0.07906997094092975, 0.03801419281075256, 0.003544218444645287, 0.004220781050004956, 0.0030242472511806187], [0.8580642168238688, 0.05024691626556473, 0.032645596832829984, 0.005744325729361849, 0.049593564197251624, 0.0037053801511227756]], [[0.8329113407463722, 0.04499832964936909, 0.030998951595848055, 0.006637219528148667, 0.08045662911152755, 0.003997529368734406], [0.8628752774121037, 0.08401714896900121, 0.0421143321453871, 0.0035973473896711698, 0.004366309517539626, 0.0030295845662973047], [0.8665612354195511, 0.1183893844590142, 0.003033094910116283, 0.0036979977399493823, 0.005285192561252829, 0.003033094910116283], [0.8049615169684056, 0.1693061652284449, 0.003021181969055513, 0.00588278266787397, 0.013807171197164451, 0.003021181969055513], [0.7820502958663771, 0.19244977363523835, 0.003024664313842803, 0.005580854168127717, 0.013869747702571213, 0.003024664313842803], [0.7601304662063219, 0.20247655345962443, 0.0030170327775421806, 0.006821107774930647, 0.024537807004038747, 0.0030170327775421806], [0.6879148591077994, 0.27206251674651055, 0.003035259054816021, 0.007276249848162885, 0.026675856187895048, 0.003035259054816021], [0.7055824821804617, 0.25633662574439703, 0.003043061350998686, 0.007168914420308405, 0.024825854952835524, 0.003043061350998686], [0.7085785297401256, 0.2544209437043604, 0.003045601435594977, 0.006409527820452843, 0.02449979586387108, 0.003045601435594977], [0.7550907010865116, 0.20204322473325997, 0.0030147046564172526, 0.006696302219646474, 0.03014036264774751, 0.0030147046564172526], [0.7913112575794781, 0.17796465256399258, 0.003016251307755426, 0.005589356236021837, 0.019102231004996723, 0.003016251307755426], [0.8351536315663679, 0.13828281096483674, 0.0030258406540820504, 0.005580166398803843, 0.014931709761827424, 0.0030258406540820504], [0.8914799740388883, 0.08991197782454961, 0.0030075850347072845, 0.00366439432831971, 0.00892848373882767, 0.0030075850347072845], [0.8585439170415214, 0.11475053304766025, 0.003029035216422992, 0.005460227563881363, 0.015187251914091138, 0.003029035216422992], [0.8585322225871646, 0.11082968920451057, 0.003057347739723076, 0.005511324664381754, 0.019012068064496925, 0.003057347739723076], [0.8186140337414659, 0.08845952774373546, 0.06443691543761466, 0.005940135090985153, 0.01952633960341543, 0.003023048382783412], [0.6866634373458861, 0.10577078164844776, 0.03747184506434631, 0.03217056798696616, 0.13220933678983826, 0.0057140311645154694], [0.6372757460125253, 0.11479823647313724, 0.050004138456663176, 0.028981003168823516, 0.16272458326391906, 0.006216292624931723], [0.7052970536705334, 0.14766434565842668, 0.0964531286623923, 0.008300198764286082, 0.03920454029751568, 0.00308073294684585], [0.7050302172461604, 0.14749639334981346, 0.10823600556212416, 0.007509036283051021, 0.028699992451123087, 0.003028355107727756], [0.6822628371601521, 0.254204888686171, 0.0030221132945906573, 0.00867034155218544, 0.048817706012310016, 0.0030221132945906573], [0.38837808901353055, 0.18078268951620247, 0.19802320770222548, 0.01554717280730461, 0.21421910071771705, 0.003049740243020005], [0.5834976461147836, 0.13384824435059178, 0.08064065924720963, 0.034954537291227945, 0.16031979641597288, 0.006739116580214049], [0.5989766639884728, 0.12653650016141044, 0.08215534093497351, 0.034634464305311384, 0.15118080387458305, 0.006516226735248677], [0.5961950660481512, 0.11623087352670906, 0.06452899362115336, 0.03350236199795734, 0.18283819604303422, 0.0067045087629948605], [0.6667028670506754, 0.10199145857014039, 0.05332719171432652, 0.03040106056813878, 0.14159025382249701, 0.005987168274221974], [0.5631318598256524, 0.11141569869733237, 0.042850896204357655, 0.019607281924360523, 0.25530050357447703, 0.007693759773820036], [0.5480597127223609, 0.10574851970568212, 0.038453231252573966, 0.013544233487952115, 0.2860276656542294, 0.008166637177201515], [0.6862299191465197, 0.11074421805068924, 0.05954804371468656, 0.01634307919176362, 0.12156980550098076, 0.005564934395360247], [0.6484335470748864, 0.10123693394520446, 0.047495363647460216, 0.008878197060274094, 0.18759214991533646, 0.006363808356838482], [0.6995122495558755, 0.10284076332032392, 0.047611323956652865, 0.01022441416494882, 0.13428369191715803, 0.005527557085040852], [0.6616488607186493, 0.11447029409069345, 0.05833754648081113, 0.008574523896840677, 0.15095187525320952, 0.0060168995597960325], [0.6119685873926505, 0.12568236218841175, 0.07516146970529285, 0.010955680932749618, 0.1696162206439149, 0.006615679136980431], [0.7638674767610862, 0.10240803684359043, 0.06110106703734632, 0.009146093581871895, 0.058796405354055364, 0.0046809204220497795], [0.7326559388802141, 0.11218948169972562, 0.05015607673392432, 0.01028633881548433, 0.08965110666464648, 0.0050610572060051035], [0.009492918302670263, 0.07323421996816964, 0.023650156845723597, 0.0038787918458795083, 0.8867178943301189, 0.0030260187074380622], [0.8672242282540604, 0.08888647067974657, 0.03296459966446916, 0.0035619098152573346, 0.004328267311685497, 0.0030345242747811404], [0.5972220688918908, 0.1517477264923626, 0.07798695718306645, 0.016038827016385655, 0.15027639797343303, 0.006728022442861509], [0.8606574721105918, 0.08592125423347116, 0.042579347806486506, 0.003563026057886464, 0.004243178884338252, 0.0030357209072257394], [0.8424826749873586, 0.04773085157460115, 0.030884314599990973, 0.006647578923460826, 0.0683817807398858, 0.0038727991747027164]], [[0.8071735417944998, 0.05446045534062163, 0.041686524999402806, 0.007486606957548814, 0.08496841744004896, 0.0042244534678778835], [0.8527754423204279, 0.08510116861329634, 0.04932010384051109, 0.0036770330638915376, 0.006090143725335727, 0.0030361084365374143], [0.02089102154596612, 0.16314434185762725, 0.003059062773695647, 0.005628345273215569, 0.8042181657757999, 0.003059062773695647], [0.788349249759949, 0.1865683694924982, 0.0030238074282549054, 0.0056269340623797855, 0.013407831828663137, 0.0030238074282549054], [0.7433555692859052, 0.21738070612943947, 0.0030227399559905376, 0.007909503338466302, 0.025308741334207924, 0.0030227399559905376], [0.6780858798492738, 0.28610093466022113, 0.0030377567921181553, 0.007118179245276834, 0.022619492660991978, 0.0030377567921181553], [0.6679847913556726, 0.2934317946705268, 0.0030329323600198047, 0.007975514926733188, 0.024542034327027902, 0.0030329323600198047], [0.6530876181967181, 0.2870918717108214, 0.003013581865291659, 0.009917072045118049, 0.04387627431675901, 0.003013581865291659], [0.6674718445302127, 0.2891155309107825, 0.0030274923705203892, 0.008642775357088853, 0.028714864460875247, 0.0030274923705203892], [0.6932316850592481, 0.26552722155733827, 0.0030354939541458494, 0.007755209288085964, 0.027414896187036093, 0.0030354939541458494], [0.7738331797715232, 0.1828577638626292, 0.0030082952309995457, 0.007215016423146151, 0.030077449480702314, 0.0030082952309995457], [0.8068338642994329, 0.15617234285405732, 0.0030113861585342036, 0.005886202990247164, 0.025084817539194164, 0.0030113861585342036], [0.03266823086822704, 0.12654556920023186, 0.0030579741292441906, 0.005627289483685254, 0.8290429621893675, 0.0030579741292441906], [0.8487737838522097, 0.11893258231620912, 0.0030209800620656503, 0.005727347732065466, 0.02052432597538448, 0.0030209800620656503], [0.8324242388163711, 0.13060439137907204, 0.0030119384543860653, 0.007144373008541512, 0.02380311988724323, 0.0030119384543860653], [0.7759792827406491, 0.12790027023045739, 0.05769653335823639, 0.009122078116580409, 0.026190429760134894, 0.003111405793941655], [0.6731025518430613, 0.10225166538266124, 0.04354869222569245, 0.03144192653190629, 0.143927838737237, 0.005727325279441679], [0.6933357243007374, 0.16169353178195828, 0.08914168960520275, 0.011682455339937043, 0.04107768041808587, 0.0030689185540786795], [0.4207311312446813, 0.3654619619879698, 0.0031343331615297973, 0.016135471009764295, 0.19140276943452503, 0.0031343331615297973], [0.6954902914778834, 0.2415472142225748, 0.0030280533904278183, 0.009279610061022188, 0.04762677745766409, 0.0030280533904278183], [0.7240529180700647, 0.23233288287161669, 0.003033202322640729, 0.008082332549857938, 0.029465461863179287, 0.003033202322640729], [0.11668265472788616, 0.2517181944937599, 0.003048573624181033, 0.010590807438266786, 0.6149111960917251, 0.003048573624181033], [0.6691223732986591, 0.15664541484156783, 0.13001237685930084, 0.00941284161977449, 0.031755480536516105, 0.0030515128441817156], [0.052531742248600154, 0.13626796992667592, 0.07594910638306082, 0.008635601736893242, 0.7234576505938556, 0.0031579291109143466], [0.7673415309557471, 0.11343424206898702, 0.0815703790670123, 0.00816852426167791, 0.026484121867818768, 0.003001201778756948], [0.05648740050655039, 0.14272821680029998, 0.07536623768156146, 0.00886632016907528, 0.7133479673874736, 0.003203857455039296], [0.7672637142711715, 0.1094302199888047, 0.09477121386210233, 0.0076053169713729205, 0.017906253256518397, 0.003023281650030255], [0.025176597591671634, 0.10999295396685332, 0.04933076049733614, 0.005255408597850101, 0.8072158721071507, 0.0030284072391380677], [0.2475194971767292, 0.19326327536155125, 0.21301769228774955, 0.03004021720987098, 0.22110757516489243, 0.09505174279920657], [0.01943947146565821, 0.06598295848506482, 0.03109199916478826, 0.0038698172824304863, 0.8765987379634652, 0.003017015638593009], [0.18126863120715395, 0.1900647183019043, 0.17878593626122466, 0.025911363186570453, 0.3270692892994394, 0.09690006174370726], [0.012629884437099918, 0.062317885662475044, 0.019651430081027654, 0.0038648322681023493, 0.8985211559206788, 0.0030148116306161978], [0.6178520637623801, 0.12113911089391675, 0.0725946079294906, 0.015611315727369561, 0.1663103759608286, 0.00649252572601456], [0.8669620228554253, 0.08457705235306978, 0.035872281817865496, 0.003557220927624544, 0.006002513230225672, 0.0030289088157891323], [0.8678296869385907, 0.08952202957372148, 0.030491697774232634, 0.003756164452448236, 0.005366252698157007, 0.0030341685628498525], [0.8472996455321082, 0.09572124439349998, 0.04391758357714841, 0.003681274395432226, 0.006330004214887602, 0.003050247886923621], [0.544168367954927, 0.13834768978935344, 0.0566087504875343, 0.0217190528349232, 0.23146178462729447, 0.007694354305967707], [0.5715036159805769, 0.14906848938692446, 0.07964225970259935, 0.019666022333756573, 0.17305788874765998, 0.007061723848482938], [0.6091495224348771, 0.12646121425874277, 0.11192827538179616, 0.026564264565794728, 0.11952835506284651, 0.006368368295942642], [0.8163778656527725, 0.04827714635965254, 0.03983552964983755, 0.008405818874707103, 0.08297592016280707, 0.004127719300223181]], [[0.8021064196413827, 0.04951483040224114, 0.03235162702940789, 0.008765460945477114, 0.10290462888530828, 0.004357033096182851], [0.8127570405409159, 0.10039285047684401, 0.07089083779045996, 0.004932134986803976, 0.008008163012198201, 0.003018973192777699], [0.8152582065341911, 0.16191312822097448, 0.003025559359821142, 0.005581825884723251, 0.01119572064046883, 0.003025559359821142], [0.7763715799644442, 0.19333468237651974, 0.0030194568270963252, 0.006366507802715675, 0.017888316202127625, 0.0030194568270963252], [0.6922608672214623, 0.27464069601997465, 0.003044205386878773, 0.006671744303118053, 0.020338281681687467, 0.003044205386878773], [0.06129885084780197, 0.2817337936924317, 0.0030663629709686826, 0.009387453149482201, 0.6414471763683468, 0.0030663629709686826], [0.6342787136642691, 0.3114626228811163, 0.003016879084911466, 0.009966826619543307, 0.03825807866524835, 0.003016879084911466], [0.37694633615704926, 0.436333828485678, 0.003035117026022545, 0.020956760802882602, 0.15969284050234517, 0.003035117026022545], [0.10061672065032659, 0.2923155409418995, 0.0030203776315361687, 0.012108581192337126, 0.5889184019523644, 0.0030203776315361687], [0.6783648359989644, 0.2688122873554849, 0.0030218123591346565, 0.009739276303386286, 0.037039975623895105, 0.0030218123591346565], [0.7109357080040463, 0.23852659685605063, 0.0030366177794535552, 0.00817162484459864, 0.0362928347363975, 0.0030366177794535552], [0.8044569572147211, 0.15358028948187954, 0.0030084623220320173, 0.006769812301925581, 0.0291760163574099, 0.0030084623220320173], [0.8275324079916953, 0.13697609736159486, 0.003016956450554657, 0.006334944880052702, 0.02312263686554786, 0.003016956450554657], [0.8357431075556042, 0.13109633866480164, 0.0030294123017230003, 0.006074776885925799, 0.021026952290222348, 0.0030294123017230003], [0.0452955048878934, 0.08663544618032647, 0.050355672335020044, 0.006433712871256723, 0.8082641603968748, 0.003015503328628586], [0.7554390704380698, 0.09306521456092229, 0.006061905010764043, 0.031246728964806392, 0.10927182207250492, 0.004915258952932536], [0.7437333544511894, 0.13656371260098618, 0.07241113774308913, 0.010517993309143332, 0.03368023568683868, 0.0030935662087532676], [0.7097971253790409, 0.2274484110738273, 0.003041908749009895, 0.009357078957543915, 0.04731356709156805, 0.003041908749009895], [0.6907064180860654, 0.2381902593294397, 0.003012830218310136, 0.010299278558886297, 0.05477838358898837, 0.003012830218310136], [0.10469751324225088, 0.24375035547896007, 0.003067045369659017, 0.00957755746031185, 0.6358404830791592, 0.003067045369659017], [0.7105976991287781, 0.24778092825782713, 0.003043188386053234, 0.007595561602829107, 0.027939434238459095, 0.003043188386053234], [0.06914217509767064, 0.24621089058116663, 0.00307389674935036, 0.00902451133389682, 0.6694746294885653, 0.00307389674935036], [0.7254353495857653, 0.22840971441075042, 0.003032585891089918, 0.007636414951740834, 0.0324533492695635, 0.003032585891089918], [0.7749221646140081, 0.17648025953905608, 0.003004913016496525, 0.007305959429950902, 0.03528179038399194, 0.003004913016496525], [0.7235178104903917, 0.22037885218227724, 0.0030463366657357614, 0.008780182663324098, 0.0412304813325355, 0.0030463366657357614], [0.730829430025843, 0.2178531898502147, 0.0030264362573964145, 0.008971992128145992, 0.03629251548100337, 0.0030264362573964145], [0.058513688663597525, 0.23101158193001953, 0.0030877109270078785, 0.008572227798057