{"prediction": [[[0.98500332438622, 0.002999335122756038, 0.002999335122756038, 0.002999335122756038, 0.002999335122756038, 0.002999335122756038], [0.98500332438622, 0.002999335122756038, 0.002999335122756038, 0.002999335122756038, 0.002999335122756038, 0.002999335122756038], [0.98500332438622, 0.002999335122756038, 0.002999335122756038, 0.002999335122756038, 0.002999335122756038, 0.002999335122756038], [0.98500332438622, 0.002999335122756038, 0.002999335122756038, 0.002999335122756038, 0.002999335122756038, 0.002999335122756038], [0.98500332438622, 0.002999335122756038, 0.002999335122756038, 0.002999335122756038, 0.002999335122756038, 0.002999335122756038], [0.98500332438622, 0.002999335122756038, 0.002999335122756038, 0.002999335122756038, 0.002999335122756038, 0.002999335122756038], [0.98500332438622, 0.002999335122756038, 0.002999335122756038, 0.002999335122756038, 0.002999335122756038, 0.002999335122756038], [0.98500332438622, 0.002999335122756038, 0.002999335122756038, 0.002999335122756038, 0.002999335122756038, 0.002999335122756038], [0.98500332438622, 0.002999335122756038, 0.002999335122756038, 0.002999335122756038, 0.002999335122756038, 0.002999335122756038], [0.98500332438622, 0.002999335122756038, 0.002999335122756038, 0.002999335122756038, 0.002999335122756038, 0.002999335122756038], [0.98500332438622, 0.002999335122756038, 0.002999335122756038, 0.002999335122756038, 0.002999335122756038, 0.002999335122756038], [0.98500332438622, 0.002999335122756038, 0.002999335122756038, 0.002999335122756038, 0.002999335122756038, 0.002999335122756038], [0.98500332438622, 0.002999335122756038, 0.002999335122756038, 0.002999335122756038, 0.002999335122756038, 0.002999335122756038], [0.98500332438622, 0.002999335122756038, 0.002999335122756038, 0.002999335122756038, 0.002999335122756038, 0.002999335122756038], [0.98500332438622, 0.002999335122756038, 0.002999335122756038, 0.002999335122756038, 0.002999335122756038, 0.002999335122756038], [0.98500332438622, 0.002999335122756038, 0.002999335122756038, 0.002999335122756038, 0.002999335122756038, 0.002999335122756038], [0.98500332438622, 0.002999335122756038, 0.002999335122756038, 0.002999335122756038, 0.002999335122756038, 0.002999335122756038], [0.98500332438622, 0.002999335122756038, 0.002999335122756038, 0.002999335122756038, 0.002999335122756038, 0.002999335122756038], [0.98500332438622, 0.002999335122756038, 0.002999335122756038, 0.002999335122756038, 0.002999335122756038, 0.002999335122756038], [0.98500332438622, 0.002999335122756038, 0.002999335122756038, 0.002999335122756038, 0.002999335122756038, 0.002999335122756038], [0.98500332438622, 0.002999335122756038, 0.002999335122756038, 0.002999335122756038, 0.002999335122756038, 0.002999335122756038], [0.98500332438622, 0.002999335122756038, 0.002999335122756038, 0.002999335122756038, 0.002999335122756038, 0.002999335122756038], [0.98500332438622, 0.002999335122756038, 0.002999335122756038, 0.002999335122756038, 0.002999335122756038, 0.002999335122756038], [0.98500332438622, 0.002999335122756038, 0.002999335122756038, 0.002999335122756038, 0.002999335122756038, 0.002999335122756038], [0.98500332438622, 0.002999335122756038, 0.002999335122756038, 0.002999335122756038, 0.002999335122756038, 0.002999335122756038], [0.98500332438622, 0.002999335122756038, 0.002999335122756038, 0.002999335122756038, 0.002999335122756038, 0.002999335122756038], [0.98500332438622, 0.002999335122756038, 0.002999335122756038, 0.002999335122756038, 0.002999335122756038, 0.002999335122756038], [0.98500332438622, 0.002999335122756038, 0.002999335122756038, 0.002999335122756038, 0.002999335122756038, 0.002999335122756038], [0.98500332438622, 0.002999335122756038, 0.002999335122756038, 0.002999335122756038, 0.002999335122756038, 0.002999335122756038], [0.98500332438622, 0.002999335122756038, 0.002999335122756038, 0.002999335122756038, 0.002999335122756038, 0.002999335122756038], [0.98500332438622, 0.002999335122756038, 0.002999335122756038, 0.002999335122756038, 0.002999335122756038, 0.002999335122756038], [0.98500332438622, 0.002999335122756038, 0.002999335122756038, 0.002999335122756038, 0.002999335122756038, 0.002999335122756038], [0.98500332438622, 0.002999335122756038, 0.002999335122756038, 0.002999335122756038, 0.002999335122756038, 0.002999335122756038], [0.98500332438622, 0.002999335122756038, 0.002999335122756038, 0.002999335122756038, 0.002999335122756038, 0.002999335122756038], [0.98500332438622, 0.002999335122756038, 0.002999335122756038, 0.002999335122756038, 0.002999335122756038, 0.002999335122756038], [0.98500332438622, 0.002999335122756038, 0.002999335122756038, 0.002999335122756038, 0.002999335122756038, 0.002999335122756038], [0.98500332438622, 0.002999335122756038, 0.002999335122756038, 0.002999335122756038, 0.002999335122756038, 0.002999335122756038], [0.98500332438622, 0.002999335122756038, 0.002999335122756038, 0.002999335122756038, 0.002999335122756038, 0.002999335122756038], [0.98500332438622, 0.002999335122756038, 0.002999335122756038, 0.002999335122756038, 0.002999335122756038, 0.002999335122756038], [0.98500332438622, 0.002999335122756038, 0.002999335122756038, 0.002999335122756038, 0.002999335122756038, 0.002999335122756038]], [[0.98500332438622, 0.002999335122756038, 0.002999335122756038, 0.002999335122756038, 0.002999335122756038, 0.002999335122756038], [0.961124614140084, 0.020930606448201185, 0.008564381884452084, 0.0030009257951938146, 0.0033785459368749944, 0.0030009257951938146], [0.9664787958410715, 0.01711547168465927, 0.007052552611525088, 0.0030012981317100217, 0.0033505835993240035, 0.0030012981317100217], [0.9623796871739865, 0.01880241069552142, 0.009268699350280143, 0.0030004282163414546, 0.0035483463475288407, 0.0030004282163414546], [0.010515582687985362, 0.014523667933974974, 0.00794988762027401, 0.003000581673095381, 0.9610096984115749, 0.003000581673095381], [0.98500332438622, 0.002999335122756038, 0.002999335122756038, 0.002999335122756038, 0.002999335122756038, 0.002999335122756038], [0.9544191693491092, 0.021334364428413223, 0.01270234876359942, 0.003000451816315976, 0.005543213826246121, 0.003000451816315976], [0.0168259635303403, 0.019799403838393063, 0.01182077178260884, 0.0030025845055507024, 0.9455486918375564, 0.0030025845055507024], [0.932987293684299, 0.02945038166541176, 0.022478470991631628, 0.0034294485507402554, 0.008645133841957475, 0.0030092712659599953], [0.9250402275400293, 0.03013974166692457, 0.02644123990426941, 0.004266268530582327, 0.011097049541770258, 0.0030154728164241778], [0.8874040604698079, 0.04310506294393926, 0.03957296937925065, 0.006590269361957552, 0.020326932844082938, 0.0030007050009617084], [0.871895776047932, 0.04410868748309944, 0.04841264897328528, 0.007730388653255418, 0.02484845766904389, 0.003004041173384074], [0.8543672042362722, 0.049445930518123335, 0.052373111036587636, 0.009790619914622918, 0.031012169990661205, 0.003010964303732759], [0.8708183937340155, 0.04675297561022072, 0.04742202319243753, 0.008228917713323028, 0.02377269649791456, 0.003004993252088481], [0.8773074581073895, 0.046770979122828314, 0.04278384653545856, 0.007567039164092848, 0.022567498354471163, 0.0030031787157595866], [0.8736093451771818, 0.04687641530574692, 0.0438973051446019, 0.008334074299315394, 0.02428028588913239, 0.003002574184021716], [0.8610937408560165, 0.04929871103042594, 0.052583778307771736, 0.008880124064304907, 0.025137735884092384, 0.0030059098573884764], [0.06956783182068055, 0.051473047584840954, 0.052537230632841395, 0.00897918906823262, 0.8144257561807541, 0.0030169447126504154], [0.06544331122907047, 0.047325828518978985, 0.04456616658252471, 0.008219110859201713, 0.8314349750885205, 0.0030106077217036385], [0.8779876076735467, 0.047086605396497276, 0.040467269367814536, 0.008123745072367898, 0.0233329056743731, 0.0030018668154005754], [0.8724811378990228, 0.046227820479498666, 0.042213232708981675, 0.009026076682095553, 0.027048158987252567, 0.003003573243148686], [0.0711058904771257, 0.04561586201299237, 0.04774712144900826, 0.008462580375118193, 0.8240536381241078, 0.0030149075616477503], [0.8295133420337032, 0.056160731429911986, 0.06411804952219462, 0.01143238947021926, 0.03575324029807122, 0.003022247245899721], [0.7771910262726811, 0.06815948787024559, 0.0912035580374762, 0.01545563738482458, 0.04498705200941236, 0.0030032384253601556], [0.11320089708648313, 0.08646735770651799, 0.10999601898629911, 0.017531965934237517, 0.6697868891390444, 0.0030168711474178227], [0.12698852287495832, 0.08768186962067873, 0.1197615860453213, 0.01747517672549257, 0.6450537017878694, 0.0030391429456796664], [0.7255410055893082, 0.08433724038620255, 0.11448043780125432, 0.016923193300237418, 0.055700178282084095, 0.0030179446409134675], [0.7619913161715065, 0.07716548755269886, 0.0973168980015812, 0.01594813517137222, 0.04456841360474309, 0.003009749498098241], [0.8344821080905744, 0.058579481712267144, 0.055753113246652754, 0.011264535095039515, 0.0368986610713973, 0.003022100784068872], [0.98500332438622, 0.002999335122756038, 0.002999335122756038, 0.002999335122756038, 0.002999335122756038, 0.002999335122756038], [0.98500332438622, 0.002999335122756038, 0.002999335122756038, 0.002999335122756038, 0.002999335122756038, 0.002999335122756038], [0.98500332438622, 0.002999335122756038, 0.002999335122756038, 0.002999335122756038, 0.002999335122756038, 0.002999335122756038], [0.98500332438622, 0.002999335122756038, 0.002999335122756038, 0.002999335122756038, 0.002999335122756038, 0.002999335122756038], [0.98500332438622, 0.002999335122756038, 0.002999335122756038, 0.002999335122756038, 0.002999335122756038, 0.002999335122756038], [0.9587626417359961, 0.0195446976637586, 0.010769849916776476, 0.003000134736191435, 0.004922541211085831, 0.003000134736191435], [0.9623094241697943, 0.018413040679324855, 0.00917511835993725, 0.003000351336697419, 0.0041017141175489396, 0.003000351336697419], [0.9657695417126145, 0.017496734607766216, 0.007428117602727213, 0.0030011173268824935, 0.0033033714231270805, 0.0030011173268824935], [0.9680317468286025, 0.016826360846163426, 0.005834599185326922, 0.003002022641241771, 0.0033032478574237163, 0.003002022641241771], [0.9645329565437937, 0.018870210502826137, 0.0072915320761900194, 0.0030012101548721336, 0.0033028805674460322, 0.0030012101548721336], [0.98500332438622, 0.002999335122756038, 0.002999335122756038, 0.002999335122756038, 0.002999335122756038, 0.002999335122756038]], [[0.98500332438622, 0.002999335122756038, 0.002999335122756038, 0.002999335122756038, 0.002999335122756038, 0.002999335122756038], [0.007998477469305657, 0.014244081076884524, 0.006156569682990744, 0.0030016066726732456, 0.9655976584254726, 0.0030016066726732456], [0.9609301323060594, 0.02652549577798105, 0.003000142135588693, 0.003000142135588693, 0.003543945509193456, 0.003000142135588693], [0.9599088024067042, 0.02679330744235216, 0.0029999999977174093, 0.0029999999977174093, 0.004297890157791578, 0.0029999999977174093], [0.9549244882325878, 0.020609001355094057, 0.013225963202979012, 0.0030002988368527605, 0.005239949535633769, 0.0030002988368527605], [0.98500332438622, 0.002999335122756038, 0.002999335122756038, 0.002999335122756038, 0.002999335122756038, 0.002999335122756038], [0.9461265334150815, 0.023851765668371685, 0.016301959038971442, 0.0030027490909088628, 0.007714243695757553, 0.0030027490909088628], [0.9331872541149223, 0.04887969043652354, 0.0030073980346581376, 0.0031100346218682546, 0.008808224757369735, 0.0030073980346581376], [0.9181407907772403, 0.06141397948886062, 0.003018242870994038, 0.0036942525287716943, 0.010714491463139322, 0.003018242870994038], [0.049588782713906175, 0.0934530631055937, 0.0030012947817080536, 0.005842115960187557, 0.8451134486568964, 0.0030012947817080536], [0.8472744090715217, 0.11434344459685056, 0.0030083257480742675, 0.00704578005272148, 0.025319714782757772, 0.0030083257480742675], [0.8232040201145203, 0.12941828280388448, 0.0030189250628132984, 0.008324601221307338, 0.03301524573466136, 0.0030189250628132984], [0.7804245855415118, 0.1653573462891149, 0.003001089602493062, 0.009741069862362258, 0.03847481910202498, 0.003001089602493062], [0.07659012966198708, 0.1291212769763787, 0.0030261050824153027, 0.009526767119608745, 0.7787096160771947, 0.0030261050824153027], [0.8286151360454528, 0.1259443550384897, 0.003017889700692781, 0.009009900601429947, 0.030394828913242, 0.003017889700692781], [0.8231673561283221, 0.12733374091073663, 0.0030157010226359218, 0.010971637464851445, 0.03249586345081798, 0.0030157010226359218], [0.07885622985462962, 0.1330694536480756, 0.003024059291545212, 0.011203840595758791, 0.7708223573184456, 0.003024059291545212], [0.0982103117371407, 0.1527338060485784, 0.003000143728845309, 0.01217296927030097, 0.7308826254862892, 0.003000143728845309], [0.8202597108355862, 0.12852360366752116, 0.003017450512038093, 0.009980880069250441, 0.03520090440356602, 0.003017450512038093], [0.8229090054034939, 0.12041994378093074, 0.0030159649744390515, 0.01188757217124569, 0.03875154869545155, 0.0030159649744390515], [0.8173899819516562, 0.12028291059881406, 0.003020202738406757, 0.011686479580360476, 0.04460022239235578, 0.003020202738406757], [0.7713880106931361, 0.15244982127683926, 0.0030016881603553516, 0.013948738908161014, 0.05621005280115286, 0.0030016881603553516], [0.750465121274607, 0.1714282600823458, 0.0030045826473464507, 0.015619475393797802, 0.056477977954556474, 0.0030045826473464507], [0.1252315092741632, 0.18371822641101662, 0.003009757857228315, 0.015755974735327482, 0.6692747738650361, 0.003009757857228315], [0.7056004361213443, 0.212880939799484, 0.003020804271541546, 0.016426571716079134, 0.059050443820009665, 0.003020804271541546], [0.4297885828796285, 0.3365204382950881, 0.0030128431978333125, 0.0240087640035145, 0.2036565284261023, 0.0030128431978333125], [0.1269410804799444, 0.23573832418031948, 0.0030136163528165683, 0.01774771997219747, 0.6135456426619055, 0.0030136163528165683], [0.7207041852448753, 0.19995756040327506, 0.003012790217070207, 0.019224660031966437, 0.054088013885742775, 0.003012790217070207], [0.7352824779701552, 0.1827158195207222, 0.0030070184766112767, 0.012635120950243448, 0.06335254460565677, 0.0030070184766112767], [0.7696203956550259, 0.07180647119606218, 0.0851457807476724, 0.014799425393008115, 0.05562568778454795, 0.003002239223683421], [0.8248426574871061, 0.05366690774597923, 0.07333216181932274, 0.010816408783343019, 0.03431292747890741, 0.0030289366853414887], [0.06543250790023815, 0.04788556617188066, 0.04089305516701683, 0.008433868176420332, 0.8343431328109784, 0.0030118697734656547], [0.98500332438622, 0.002999335122756038, 0.002999335122756038, 0.002999335122756038, 0.002999335122756038, 0.002999335122756038], [0.929066350149449, 0.02930461780619111, 0.024589617191678775, 0.003878787824335649, 0.010148399492252965, 0.003012227536092574], [0.016733511463085264, 0.03180642320043193, 0.0030013337012842513, 0.0030013337012842513, 0.9424560642326301, 0.0030013337012842513], [0.9559138342250192, 0.030435878674472564, 0.002999999988203871, 0.002999999988203871, 0.004650287135896552, 0.002999999988203871], [0.9613715814255308, 0.02563691047254621, 0.003000148855102871, 0.003000148855102871, 0.003991061536614172, 0.003000148855102871], [0.9621495153277787, 0.025110626895379805, 0.0030002784826456113, 0.0030002784826456113, 0.0037390223289047145, 0.0030002784826456113], [0.9669556248601413, 0.01762378944229128, 0.006113449099500892, 0.0030018202929995752, 0.003303496012067511, 0.0030018202929995752], [0.98500332438622, 0.002999335122756038, 0.002999335122756038, 0.002999335122756038, 0.002999335122756038, 0.002999335122756038]], [[0.98500332438622, 0.002999335122756038, 0.002999335122756038, 0.002999335122756038, 0.002999335122756038, 0.002999335122756038], [0.9609370646184144, 0.018718189445269814, 0.010573807316251464, 0.0030001233106893466, 0.003770691998685621, 0.0030001233106893466], [0.9562556098526593, 0.030137056335492844, 0.002999999987256661, 0.002999999987256661, 0.0046073338500779906, 0.002999999987256661], [0.9534463466818681, 0.032683500070994985, 0.003000027031430916, 0.003000027031430916, 0.004870072152844308, 0.003000027031430916], [0.018742174212924685, 0.02186233035680243, 0.012665037834955544, 0.0030045383344293186, 0.9407213809264587, 0.0030045383344293186], [0.98500332438622, 0.002999335122756038, 0.002999335122756038, 0.002999335122756038, 0.002999335122756038, 0.002999335122756038], [0.98500332438622, 0.002999335122756038, 0.002999335122756038, 0.002999335122756038, 0.002999335122756038, 0.002999335122756038], [0.02986397457862846, 0.029933178730612662, 0.018284709831264772, 0.00420236250351084, 0.9146926328318107, 0.0030231415241726077], [0.8740880522263234, 0.09156425602419471, 0.0030011629275007805, 0.006466850150133075, 0.021878515744347432, 0.0030011629275007805], [0.854879007791615, 0.10348795206513009, 0.003004947040803634, 0.00731149256933251, 0.028311653492315132, 0.003004947040803634], [0.8178249246579012, 0.13055036979769705, 0.003021359038936396, 0.009944717029531836, 0.035637270436997145, 0.003021359038936396], [0.7828034904553355, 0.1587111065338556, 0.003001424863287321, 0.010584231176245611, 0.04189832210798874, 0.003001424863287321], [0.7737468209412293, 0.16686627595286443, 0.003002619734621673, 0.011422753756085514, 0.041958909880577544, 0.003002619734621673], [0.7704765783198457, 0.16954057554165167, 0.0030042282542288032, 0.011938319367284431, 0.04203607026276054, 0.0030042282542288032], [0.08890472113053463, 0.14100196678471147, 0.0030446452497444776, 0.012572937493829272, 0.7514310840914357, 0.0030446452497444776], [0.7971823827772754, 0.140067355185966, 0.003031737407315086, 0.012998270662035304, 0.04368851656009323, 0.003031737407315086], [0.7793204829752829, 0.15171170984135834, 0.003000274294491234, 0.014153681757987858, 0.04881357683638856, 0.003000274294491234], [0.10010724239706459, 0.16148464237409269, 0.003000391407988638, 0.013838718503000356, 0.7185686139098652, 0.003000391407988638], [0.11298070964612017, 0.1592684289107176, 0.0030102154607488966, 0.020283498604441758, 0.7014469319172227, 0.0030102154607488966], [0.7918396917897642, 0.14194555682512305, 0.0030361881107594736, 0.012818278632873693, 0.047324096530720255, 0.0030361881107594736], [0.7720592033800262, 0.14946755672674894, 0.0030020001669369104, 0.014620769336232799, 0.057848470223118315, 0.0030020001669369104], [0.14688031220770378, 0.1502881959137563, 0.003013440062147885, 0.015191530741372094, 0.6816130810128721, 0.003013440062147885], [0.7482782132676676, 0.1666282936549895, 0.0030062717122304873, 0.015193036447248358, 0.06388791320563375, 0.0030062717122304873], [0.14216454382111682, 0.177273836495343, 0.003015640855693417, 0.016861617413016547, 0.6576687205591368, 0.003015640855693417], [0.7147633212802684, 0.20049440881074643, 0.0030161615046233495, 0.017689567401325372, 0.06102037949841318, 0.0030161615046233495], [0.6934844465069842, 0.21909425390906448, 0.0030349206820731453, 0.020173995723846417, 0.06117746249595878, 0.0030349206820731453], [0.6960136591803915, 0.21110688792716972, 0.0030225990142233815, 0.01828911878389553, 0.06854513608009644, 0.0030225990142233815], [0.7160604297399863, 0.20536421845047992, 0.0030087221987342336, 0.015992397523380594, 0.05656550988868479, 0.0030087221987342336], [0.11912955825836391, 0.19527759265638137, 0.0030038711322409417, 0.015469968232577822, 0.664115138588195, 0.0030038711322409417], [0.11629679166248025, 0.16115979605543876, 0.0030040892894729688, 0.01362453133858469, 0.7029107023645503, 0.0030040892894729688], [0.781015792456553, 0.1592010023304064, 0.0030014886014027805, 0.010613634624784572, 0.043166593385450466, 0.0030014886014027805], [0.8342464224784647, 0.049587191207088786, 0.06833067762868855, 0.010974241367155057, 0.03383839575498804, 0.003023071563614892], [0.98500332438622, 0.002999335122756038, 0.002999335122756038, 0.002999335122756038, 0.002999335122756038, 0.002999335122756038], [0.03956024323620519, 0.03604242202994018, 0.026706735654438863, 0.0052098982544536866, 0.8894783414300271, 0.00300235939493479], [0.9410705359026335, 0.042681093376509854, 0.0030033227973784355, 0.0030033227973784355, 0.007238402328721426, 0.0030033227973784355], [0.01453837705975047, 0.035661036667749856, 0.003000706053886154, 0.003000706053886154, 0.9407984681108412, 0.003000706053886154], [0.9543673614155531, 0.03165269352050042, 0.0029999999938604134, 0.0029999999938604134, 0.004979945082365343, 0.0029999999938604134], [0.9606345231173736, 0.02640003509428571, 0.0030000584606630115, 0.0030000584606630115, 0.003965266406351736, 0.0030000584606630115], [0.9643566794709972, 0.01862304775870418, 0.007556278338077211, 0.003001037902276841, 0.003461918627667806, 0.003001037902276841], [0.98500332438622, 0.002999335122756038, 0.002999335122756038, 0.002999335122756038, 0.002999335122756038, 0.002999335122756038]], [[0.98500332438622, 0.002999335122756038, 0.002999335122756038, 0.002999335122756038, 0.002999335122756038, 0.002999335122756038], [0.010598624930518028, 0.016895003536648648, 0.008720867142462797, 0.003000314612949946, 0.9577848751644706, 0.003000314612949946], [0.012536939927407297, 0.03190906016728323, 0.00299999999914455, 0.00299999999914455, 0.9465539999078759, 0.00299999999914455], [0.015486174339303745, 0.042914326520728255, 0.0030027424734009184, 0.0030027424734009184, 0.9325912717197653, 0.0030027424734009184], [0.9112903367115659, 0.03761899422542713, 0.029097366597279687, 0.0042672309617098805, 0.014724403298213664, 0.0030016682058036964], [0.98500332438622, 0.002999335122756038, 0.002999335122756038, 0.002999335122756038, 0.002999335122756038, 0.002999335122756038], [0.8983439711640663, 0.04020581121144447, 0.03371493818891287, 0.005865068456641165, 0.018869868075023964, 0.0030003429039111235], [0.87277567476598, 0.08945845343917283, 0.0030010020850473307, 0.006914050843392392, 0.024849816781360168, 0.0030010020850473307], [0.06448752124196977, 0.09239633039262622, 0.0030036660279875917, 0.007931776396748502, 0.8291770399126803, 0.0030036660279875917], [0.0029993351227560394, 0.0029993351227560394, 0.0029993351227560394, 0.0029993351227560394, 0.0029993351227560394, 0.9850033243862198], [0.10476568194239419, 0.14371259300641864, 0.0030007492709717616, 0.01236244962730332, 0.7331577768819404, 0.0030007492709717616], [0.763795730822142, 0.17360480703044057, 0.0030040465018999303, 0.013180452772131156, 0.04341091637148639, 0.0030040465018999303], [0.7476544882754169, 0.17868457576268287, 0.0030071154665707494, 0.014641702113724963, 0.05300500291503385, 0.0030071154665707494], [0.1063803959810336, 0.18455473895969587, 0.0030092541842141446, 0.014065241021801091, 0.6889811156690411, 0.0030092541842141446], [0.7599880319368116, 0.16491489434495035, 0.0030054775470401314, 0.015051748921893829, 0.05403436970226393, 0.0030054775470401314], [0.12689040074861913, 0.16107748107954553, 0.003006168711451466, 0.017614553627907484, 0.6884052271210249, 0.003006168711451466], [0.7594748430625204, 0.16514159650545518, 0.003002660914985098, 0.01576459140059817, 0.053613647201456026, 0.003002660914985098], [0.7487913136213905, 0.16822900339113753, 0.003005446231529701, 0.016339884607487688, 0.06062890591692498, 0.003005446231529701], [0.12633697429106497, 0.1814228718675872, 0.0030049671136910786, 0.016622686650245588, 0.6696075329637201, 0.0030049671136910786], [0.13338702913695252, 0.1617741670642309, 0.003008624625256824, 0.017276689015972176, 0.6815448655323307, 0.003008624625256824], [0.7417528488391325, 0.17061408360337132, 0.0030079328546224813, 0.016244768929239702, 0.06537243291901138, 0.0030079328546224813], [0.758382426893775, 0.15780783059551481, 0.003004348807167781, 0.015323519964401372, 0.06247752493197307, 0.003004348807167781], [0.15359913033140318, 0.1731887997338527, 0.003021299936648794, 0.017677148166844337, 0.6494923218946022, 0.003021299936648794], [0.7378264354835866, 0.17104931068481333, 0.0030094154795990893, 0.0176013295864092, 0.06750409328599272, 0.0030094154795990893], [0.7362385583636012, 0.17584683682375207, 0.0030090534151385063, 0.017484143985831046, 0.06441235399653869, 0.0030090534151385063], [0.1328339466664276, 0.19666732716948096, 0.003010391087199056, 0.016945466651010235, 0.6475324773386831, 0.003010391087199056], [0.4679184689080169, 0.2678855062829981, 0.0030001451061908656, 0.02399207302160165, 0.2342036615750016, 0.0030001451061908656], [0.14808310349104434, 0.16741747474559138, 0.0030239763194796782, 0.018506911765484156, 0.6599445573589208, 0.0030239763194796782], [0.7382276811903075, 0.17548486610738806, 0.0030052579194778514, 0.015995855625957445, 0.06428108123739133, 0.0030052579194778514], [0.7563125562628831, 0.16979276718230243, 0.003001228208627539, 0.014030415927942881, 0.05386180420961662, 0.003001228208627539], [0.771649304965826, 0.1634986245659586, 0.003002122936257033, 0.012360836256107647, 0.04648698833959359, 0.003002122936257033], [0.7841463634541265, 0.15551856430610775, 0.0030012247651972214, 0.011329157298432951, 0.04300346541093836, 0.0030012247651972214], [0.07271411277794962, 0.04966338037117948, 0.05013206650435872, 0.00981191356403095, 0.8146579406573262, 0.003020586125154949], [0.882008396547566, 0.08146179025583544, 0.00300023898086257, 0.006636556362332382, 0.023892778872541005, 0.00300023898086257], [0.9056404547146686, 0.06685293199392, 0.003002598383798383, 0.004779297628679813, 0.016722118895134787, 0.003002598383798383], [0.9362429253466842, 0.04648606172388838, 0.003005649230703253, 0.003005649230703253, 0.008254065237317712, 0.003005649230703253], [0.947126322598232, 0.03742204264479693, 0.0030012047626950776, 0.0030012047626950776, 0.006448020468885984, 0.0030012047626950776], [0.9557131171605145, 0.03058621439118862, 0.0029999999886341946, 0.0029999999886341946, 0.004700668482394262, 0.0029999999886341946], [0.9604774248459418, 0.01892123666457799, 0.010296877449486404, 0.0030001242274197673, 0.0043042125851543355, 0.0030001242274197673], [0.98500332438622, 0.002999335122756038, 0.002999335122756038, 0.002999335122756038, 0.002999335122756038, 0.002999335122756038]], [[0.98500332438622, 0.002999335122756038, 0.002999335122756038, 0.002999335122756038, 0.002999335122756038, 0.002999335122756038], [0.9551573150477537, 0.02073464935460244, 0.01278209916800721, 0.0030003005204847248, 0.005325335388667224, 0.0030003005204847248], [0.9394270652645077, 0.04393025059702807, 0.003004065806173208, 0.003004065806173208, 0.007630486719944696, 0.003004065806173208], [0.0402078788659859, 0.038673301078959735, 0.032018008467599245, 0.005100238126513903, 0.8809996567026105, 0.003000916758330706], [0.98500332438622, 0.002999335122756038, 0.002999335122756038, 0.002999335122756038, 0.002999335122756038, 0.002999335122756038], [0.06578197303839366, 0.052077735566052503, 0.04071503713665194, 0.007856229225863367, 0.8305557213408089, 0.0030133036922296054], [0.0679687271201433, 0.1070326301351936, 0.003008527427806027, 0.008059351961471594, 0.8109222359275795, 0.003008527427806027], [0.0029993351227560394, 0.0029993351227560394, 0.0029993351227560394, 0.0029993351227560394, 0.0029993351227560394, 0.9850033243862198], [0.10435688422973613, 0.1018349801718964, 0.0030331852701890824, 0.010533797768757078, 0.7772079672892322, 0.0030331852701890824], [0.0029993351227560394, 0.0029993351227560394, 0.0029993351227560394, 0.0029993351227560394, 0.0029993351227560394, 0.9850033243862198], [0.0029993351227560394, 0.0029993351227560394, 0.0029993351227560394, 0.0029993351227560394, 0.0029993351227560394, 0.9850033243862198], [0.15118832347714514, 0.1430091890391097, 0.0030030144051046864, 0.014101648801647274, 0.6856948098718885, 0.0030030144051046864], [0.46534241525909176, 0.2712628653488774, 0.0030011189414765336, 0.026500104381268614, 0.23089237712780916, 0.0030011189414765336], [0.13600627244825053, 0.1631947996533407, 0.003014718736685749, 0.015104908290171394, 0.6796645821348658, 0.003014718736685749], [0.756230623985676, 0.1612505196718819, 0.0030072543766531327, 0.016340127883745784, 0.06016421970539016, 0.0030072543766531327], [0.7423276495575825, 0.159141682490897, 0.003001096890305786, 0.017757669476435915, 0.07477080469447307, 0.003001096890305786], [0.16034661853076165, 0.16829313873728172, 0.0030064934569514596, 0.017058162572938677, 0.6482890932451151, 0.0030064934569514596], [0.46662182159304705, 0.269854574941424, 0.0030011308858636167, 0.02675475265847166, 0.23076658903533012, 0.0030011308858636167], [0.7354581252748202, 0.166405262533108, 0.003012353256805348, 0.017787719810328163, 0.07432418586813294, 0.003012353256805348], [0.730220853505135, 0.17740254278711196, 0.0030068396805574054, 0.017065935057739883, 0.06929698928889841, 0.0030068396805574054], [0.7292694994379253, 0.17586604221487015, 0.003012408142757259, 0.01868246453410669, 0.07015717752758341, 0.003012408142757259], [0.47625926756514086, 0.2600902024199356, 0.0030010142386525792, 0.02563000102221185, 0.23201850051540662, 0.0030010142386525792], [0.7551456692634125, 0.15872266022718173, 0.0030050935803298024, 0.016633234418481326, 0.0634882489302648, 0.0030050935803298024], [0.150562606002538, 0.15061182738140408, 0.003015896988624421, 0.0176383116290154, 0.6751554610097936, 0.003015896988624421], [0.7638633267788102, 0.15055528501149246, 0.003004381032264882, 0.015431061627110589, 0.0641415645180571, 0.003004381032264882], [0.7502162908263705, 0.16044018870844437, 0.0030104704740136915, 0.01659354386726474, 0.06672903564989302, 0.0030104704740136915], [0.7487859402590427, 0.15106476938443253, 0.003015278557247863, 0.017817551691121706, 0.07630118155090745, 0.003015278557247863], [0.0029993351227560394, 0.0029993351227560394, 0.0029993351227560394, 0.0029993351227560394, 0.0029993351227560394, 0.9850033243862198], [0.760122477896136, 0.1435061396816451, 0.003010756911628202, 0.015973372457486933, 0.07437649614147561, 0.003010756911628202], [0.4960321008274147, 0.23022617292136216, 0.0030046248502291107, 0.023873516209470327, 0.24385896034129464, 0.0030046248502291107], [0.11432283976778478, 0.16462186364760767, 0.0030041016181831816, 0.014000051554968371, 0.7010470417932728, 0.0030041016181831816], [0.7924772846980012, 0.14697569550831244, 0.0030001068734273615, 0.012204195464088711, 0.042342610582743, 0.0030001068734273615], [0.8147201825892415, 0.1257911144092103, 0.0030013251497215984, 0.010861995827993791, 0.04262405687411121, 0.0030013251497215984], [0.8587276994940902, 0.09713352885285793, 0.003003654727358377, 0.008234328204769695, 0.029897133993565417, 0.003003654727358377], [0.05180038306011837, 0.07939771436619096, 0.0030007232749306068, 0.005702798014902951, 0.8570976580089265, 0.0030007232749306068], [0.03457687222265867, 0.0605900261765519, 0.003007110572987613, 0.004331476725891365, 0.8944874037289229, 0.003007110572987613], [0.9458003999411897, 0.03876663462966991, 0.0030015841977843764, 0.0030015841977843764, 0.006428212835787202, 0.0030015841977843764], [0.010956021468467926, 0.030798615365397793, 0.0029999999888005455, 0.0029999999888005455, 0.9492453631997326, 0.0029999999888005455], [0.9553091840642981, 0.02115842424980357, 0.012818802933952697, 0.003000302618691242, 0.004712983514563284, 0.003000302618691242], [0.98500332438622, 0.002999335122756038, 0.002999335122756038, 0.002999335122756038, 0.002999335122756038, 0.002999335122756038]], [[0.98500332438622, 0.002999335122756038, 0.002999335122756038, 0.002999335122756038, 0.002999335122756038, 0.002999335122756038], [0.9466604841128314, 0.023911196146531956, 0.015927628960043023, 0.0030025221694640566, 0.007495646441665415, 0.0030025221694640566], [0.9152026504170826, 0.034368494468235186, 0.029859803534494734, 0.004425713562922062, 0.01314133398093697, 0.0030020040363284576], [0.98500332438622, 0.002999335122756038, 0.002999335122756038, 0.002999335122756038, 0.002999335122756038, 0.002999335122756038], [0.8425232899909809, 0.05256678206576199, 0.05852878267389557, 0.009671351919352589, 0.033692768046377664, 0.003017025303631236], [0.7890763700920301, 0.15618375653966884, 0.00300152868467773, 0.009632787609471092, 0.039104028389474486, 0.00300152868467773], [0.0029993351227560394, 0.0029993351227560394, 0.0029993351227560394, 0.0029993351227560394, 0.0029993351227560394, 0.9850033243862198], [0.8264003355502596, 0.11215921649923144, 0.003018657537188319, 0.010470522994458694, 0.04493260988167361, 0.003018657537188319], [0.804459392853178, 0.1271728024676533, 0.003001626281796467, 0.011213212194213406, 0.051151339921362365, 0.003001626281796467], [0.11275246793785658, 0.09921289099984766, 0.00304219741809132, 0.013238752261496652, 0.7687114939646166, 0.00304219741809132], [0.0029993351227560394, 0.0029993351227560394, 0.0029993351227560394, 0.0029993351227560394, 0.0029993351227560394, 0.9850033243862198], [0.0029993351227560394, 0.0029993351227560394, 0.0029993351227560394, 0.0029993351227560394, 0.0029993351227560394, 0.9850033243862198], [0.0029993351227560394, 0.0029993351227560394, 0.0029993351227560394, 0.0029993351227560394, 0.0029993351227560394, 0.9850033243862198], [0.0029993351227560394, 0.0029993351227560394, 0.0029993351227560394, 0.0029993351227560394, 0.0029993351227560394, 0.9850033243862198], [0.7725580216511715, 0.14437739011108877, 0.003006295968392467, 0.014279319441279753, 0.06277267685967494, 0.003006295968392467], [0.7575690596382862, 0.1409110224289383, 0.003000197327564518, 0.01630210038454685, 0.0792174228930996, 0.003000197327564518], [0.7440961535528128, 0.16421046952987112, 0.0030081540801635506, 0.018443674826284864, 0.06723339393070424, 0.0030081540801635506], [0.738425706993888, 0.16463930702465213, 0.003014474310086454, 0.02210134039876544, 0.0688046969625215, 0.003014474310086454], [0.7398731567140984, 0.16513061974546064, 0.003010418462287367, 0.0171256439610934, 0.07184974265477291, 0.003010418462287367], [0.15999624700230589, 0.1673818842932426, 0.0030240372575981987, 0.017622327907710587, 0.6489514662815445, 0.0030240372575981987], [0.14610730854228038, 0.17449384406962018, 0.0030169243235108447, 0.016391282069309794, 0.656973716671768, 0.0030169243235108447], [0.7372910622805835, 0.17240076413649585, 0.003009284859465464, 0.017778962901207146, 0.06651064096278249, 0.003009284859465464], [0.7640624647726059, 0.14886954388435433, 0.003004677967252794, 0.016297625723556985, 0.06476100968497724, 0.003004677967252794], [0.12668077438406694, 0.12022722849016892, 0.003007802985526729, 0.015285345176636047, 0.7317910459780747, 0.003007802985526729], [0.8192793057475464, 0.10994913745995852, 0.0030227872328923693, 0.013277263393494334, 0.051448718933216044, 0.0030227872328923693], [0.7975731078431287, 0.11707003167609518, 0.003007010040327496, 0.014906004569636673, 0.06443683583048435, 0.003007010040327496], [0.0029993351227560394, 0.0029993351227560394, 0.0029993351227560394, 0.0029993351227560394, 0.0029993351227560394, 0.9850033243862198], [0.0029993351227560394, 0.0029993351227560394, 0.0029993351227560394, 0.0029993351227560394, 0.0029993351227560394, 0.9850033243862198], [0.0029993351227560394, 0.0029993351227560394, 0.0029993351227560394, 0.0029993351227560394, 0.0029993351227560394, 0.9850033243862198], [0.0029993351227560394, 0.0029993351227560394, 0.0029993351227560394, 0.0029993351227560394, 0.0029993351227560394, 0.9850033243862198], [0.770459723053018, 0.1491415546611396, 0.003003531049325557, 0.014494766051972708, 0.059896894135218495, 0.003003531049325557], [0.10102602631328873, 0.14116795571120905, 0.0030003986990401557, 0.012772990245906397, 0.7390322303315155, 0.0030003986990401557], [0.8518579577527441, 0.10019957213069876, 0.0030056019925662533, 0.00958049774342974, 0.03235076838799491, 0.0030056019925662533], [0.8627854493704811, 0.09461647759499732, 0.0030025534435316834, 0.008313305591854862, 0.028279660555603357, 0.0030025534435316834], [0.8814531090987188, 0.08290084225068652, 0.003000306872639664, 0.006343116125026755, 0.02330231878028869, 0.003000306872639664], [0.9020607817935656, 0.0696566240388977, 0.0030018576602210056, 0.005097877362082602, 0.017181001485012084, 0.0030018576602210056], [0.9369984788911276, 0.04562460849165061, 0.0030052964300029696, 0.003064316840930588, 0.008302002916285115, 0.0030052964300029696], [0.013836740289065867, 0.039231082717597496, 0.003001147497994403, 0.003001147497994403, 0.9379287344993534, 0.003001147497994403], [0.9509351836140983, 0.021980582598791435, 0.015818713442595334, 0.0030010716705287706, 0.005263377003457363, 0.0030010716705287706], [0.98500332438622, 0.002999335122756038, 0.002999335122756038, 0.002999335122756038, 0.002999335122756038, 0.002999335122756038]], [[0.98500332438622, 0.002999335122756038, 0.002999335122756038, 0.002999335122756038, 0.002999335122756038, 0.002999335122756038], [0.9245796260163296, 0.031041913280929274, 0.024607702340594596, 0.004038169909923083, 0.012728005703073185, 0.0030045827491501846], [0.04961430530688551, 0.03622556955459566, 0.037059182094085034, 0.006564009237539929, 0.8675347692060975, 0.003002164600796207], [0.98500332438622, 0.002999335122756038, 0.002999335122756038, 0.002999335122756038, 0.002999335122756038, 0.002999335122756038], [0.7767830357007796, 0.07123319768642247, 0.08680796625578019, 0.01263934763372362, 0.0495332370379293, 0.0030032156853646626], [0.10387119842558015, 0.17684745041461447, 0.0030048311472480682, 0.011694050557940676, 0.7015776383073686, 0.0030048311472480682], [0.7607858169934154, 0.16785484121688776, 0.003004045715863321, 0.012811536990572938, 0.052539713367397246, 0.003004045715863321], [0.7671310066031092, 0.15966810946083657, 0.003003000080839297, 0.012707616127972155, 0.05448726764640353, 0.003003000080839297], [0.11987743793544173, 0.1454600719039202, 0.0030038153705382975, 0.01374195220562742, 0.7149129072139341, 0.0030038153705382975], [0.7943072255310253, 0.13132560936042595, 0.0030019721111397904, 0.01280580675274253, 0.055557414133526585, 0.0030019721111397904], [0.0029993351227560394, 0.0029993351227560394, 0.0029993351227560394, 0.0029993351227560394, 0.0029993351227560394, 0.9850033243862198], [0.8069835036298099, 0.11337339242045746, 0.0030060713710372464, 0.01324447246647691, 0.06038648874118138, 0.0030060713710372464], [0.7950405356587331, 0.12480890069675954, 0.0030027743399271404, 0.01323268469228689, 0.060912330272366026, 0.0030027743399271404], [0.1225059568986382, 0.12608624764208884, 0.0030011206882390716, 0.012847621878164107, 0.7325579322046307, 0.0030011206882390716], [0.8123051865765525, 0.11765878665560618, 0.0030311492427749775, 0.012816486320591836, 0.05115724196169948, 0.0030311492427749775], [0.0029993351227560394, 0.0029993351227560394, 0.0029993351227560394, 0.0029993351227560394, 0.0029993351227560394, 0.9850033243862198], [0.7543862964685111, 0.15753989556914577, 0.003005927584201876, 0.016119040399216817, 0.06594291239472244, 0.003005927584201876], [0.752661383920233, 0.1595558153961017, 0.003006258869273942, 0.015449429204356793, 0.06632085374076067, 0.003006258869273942], [0.14879120570291698, 0.17228010314401204, 0.003014446835044437, 0.016723931695076674, 0.6561758657879054, 0.003014446835044437], [0.7391778487620247, 0.163117692198635, 0.00301177963414162, 0.01686004227765801, 0.0748208574933991, 0.00301177963414162], [0.5014608604873622, 0.23291476222415364, 0.0030015606023143676, 0.022284894445475344, 0.23733636163838007, 0.0030015606023143676], [0.749630809914563, 0.15447275329692337, 0.0030093282375603016, 0.017210434993553583, 0.07266734531983958, 0.0030093282375603016], [0.0029993351227560394, 0.0029993351227560394, 0.0029993351227560394, 0.0029993351227560394, 0.0029993351227560394, 0.9850033243862198], [0.8004325779485615, 0.11346020061962536, 0.0030081165373811673, 0.015078108590989542, 0.06501287976606127, 0.0030081165373811673], [0.8475871005987085, 0.08597723193925562, 0.00301387823649011, 0.011245878062055145, 0.04916203292700053, 0.00301387823649011], [0.0029993