{"prediction": [[[0.970345676856942, 0.009041844287534566, 0.0030352201088703883, 0.0030352201088703883, 0.011506818528912397, 0.0030352201088703883], [0.9436606082694501, 0.016503757542584367, 0.007095759984904742, 0.0032096522977968843, 0.02632056960746695, 0.0032096522977968843], [0.9403987173581335, 0.019060600786505115, 0.003277856669211758, 0.003277856669211758, 0.030707111847726124, 0.003277856669211758], [0.9509797952689325, 0.0133309036323915, 0.003944747957417554, 0.0031726255042409937, 0.025399302132776424, 0.0031726255042409937], [0.9548628299817068, 0.014399554419729463, 0.003967515701561627, 0.003129114222335423, 0.020511871452331104, 0.003129114222335423], [0.9497053535565894, 0.01096235975438333, 0.004158645395250009, 0.0032002590419131153, 0.028773123209951082, 0.0032002590419131153], [0.9335926422190161, 0.018625447013438427, 0.007050733949743996, 0.0033258820404352706, 0.034079412736931054, 0.0033258820404352706], [0.930689958778014, 0.01811293078827401, 0.0037245815160431204, 0.0034161530684989534, 0.04064022278067087, 0.0034161530684989534], [0.9227222368818428, 0.01959624104842426, 0.0037806905958917654, 0.003533472895725631, 0.04683388568238984, 0.003533472895725631], [0.9400319016447664, 0.01176231630469645, 0.003336403990813764, 0.003336403990813764, 0.038196570078095855, 0.003336403990813764], [0.9444938543040534, 0.009386770312286635, 0.003295845116967837, 0.003295845116967837, 0.03623184003275664, 0.003295845116967837], [0.9383275808227445, 0.010683507786588902, 0.003374055376311389, 0.003374055376311389, 0.040866745261732416, 0.003374055376311389], [0.9240783086524951, 0.01621531462140854, 0.0035484574755450184, 0.0035484574755450184, 0.04906100429946142, 0.0035484574755450184], [0.9390566336380886, 0.014507626491807408, 0.0033253803919911823, 0.0033253803919911823, 0.03645959869413065, 0.0033253803919911823], [0.9326489605395288, 0.01937677615592682, 0.003381874137943882, 0.003381874137943882, 0.03782864089071268, 0.003381874137943882], [0.9334245359934813, 0.024878371315029124, 0.0033459030198847565, 0.0033459030198847565, 0.03165938363183522, 0.0033459030198847565], [0.9334474010839644, 0.029590493700848788, 0.004967345331678799, 0.0033257932122711573, 0.02534317345896582, 0.0033257932122711573], [0.922972376075066, 0.02381848569332218, 0.004260095487351437, 0.0034889403756139313, 0.041971161993032545, 0.0034889403756139313], [0.924054306959921, 0.019591181607088993, 0.004078335618460101, 0.0035061249828291534, 0.04526392584887161, 0.0035061249828291534], [0.9389453885477325, 0.010226632744966005, 0.0038484620376751442, 0.0033625314761737165, 0.040254453717278864, 0.0033625314761737165], [0.9328621209970734, 0.013081523299018249, 0.0036054644934487437, 0.0034319021719139858, 0.04358708686663163, 0.0034319021719139858], [0.9438877955942054, 0.009868623465838208, 0.003299495683753765, 0.003299495683753765, 0.03634509388869515, 0.003299495683753765], [0.9513032159641982, 0.0087397482188118, 0.003210374816014685, 0.003210374816014685, 0.03032591136894593, 0.003210374816014685], [0.9594148033840887, 0.007073644727745535, 0.003130919670773045, 0.003130919670773045, 0.02411879287584665, 0.003130919670773045], [0.9410821409115251, 0.00901002062710162, 0.003350965972114393, 0.003350965972114393, 0.039854940545030165, 0.003350965972114393], [0.9569819672932669, 0.006523508929416242, 0.0031623560015376284, 0.0031623560015376284, 0.02700745577270414, 0.0031623560015376284], [0.9535134026886692, 0.0078112140307501025, 0.0031915450380571794, 0.0031915450380571794, 0.029100748166409122, 0.0031915450380571794], [0.9539313973053518, 0.008180796986826912, 0.0031831609152952306, 0.0031831609152952306, 0.028338322961935575, 0.0031831609152952306], [0.950806824861604, 0.009295133165604904, 0.0032115693675688426, 0.0032115693675688426, 0.030263333870084647, 0.0032115693675688426], [0.9474535034045506, 0.00743066503429354, 0.0032752823674069773, 0.0032752823674069773, 0.035289984458935074, 0.0032752823674069773], [0.9607576731911754, 0.00712841901749835, 0.0031168015950121153, 0.0031168015950121153, 0.022763503006289848, 0.0031168015950121153], [0.9463200822104626, 0.007647513135956365, 0.003301805734310995, 0.0032888650052336145, 0.03615286890880287, 0.0032888650052336145], [0.9438165771895074, 0.010461400757627602, 0.0032943907399928672, 0.0032943907399928672, 0.035838849832886564, 0.0032943907399928672], [0.9199934468428846, 0.016967509003510933, 0.00943034696269676, 0.004410333894960451, 0.04569172908650246, 0.003506634209444798], [0.900534964638462, 0.03446454467789809, 0.0077639213270388275, 0.0065598280379545945, 0.04696840111113883, 0.0037083402075075962], [0.9170636733647779, 0.030706047634233312, 0.009402623799211888, 0.006529983377890207, 0.03285055615209326, 0.003447115671793507], [0.8751463003357819, 0.04903204642151835, 0.00932714286432432, 0.008378535657485628, 0.05405171188123072, 0.004064262839659073], [0.9058639555089272, 0.03247823478600308, 0.005501104767839128, 0.006922524177896826, 0.04557974013078883, 0.003654440628544978], [0.8991638600741515, 0.030431222812012118, 0.01453187799650618, 0.006187517890906978, 0.04601549321000704, 0.0036700280164162244], [0.9527125204090696, 0.007134611914160635, 0.0032079677768017097, 0.0032079677768017097, 0.030528964346364804, 0.0032079677768017097]], [[0.9395174341572248, 0.02018829566729667, 0.006650982180942524, 0.003248155004300087, 0.027146977985935874, 0.003248155004300087], [0.005326749696282955, 0.024443587067933956, 0.011235558000223269, 0.0034251867239442914, 0.9525587223524867, 0.0030101961591287867], [0.9472505782404348, 0.028101580531173082, 0.014360485282843973, 0.003261184089116054, 0.004021227972961072, 0.0030049438834710467], [0.9297567191218412, 0.03757377909442433, 0.022383821598224024, 0.0032620708524684064, 0.004022321403292029, 0.0030012879297498427], [0.9073476147361009, 0.04962491920088916, 0.03160787669780184, 0.003331356843737933, 0.005074538623857888, 0.003013693897612182], [0.8797626833535958, 0.06376697897810497, 0.042172436613504505, 0.004653197246978806, 0.006593705624963125, 0.0030509981828530505], [0.03608518624715929, 0.09530726688100352, 0.09297701738916815, 0.009935336002841107, 0.7626656708704237, 0.003029522609404246], [0.7619558210378925, 0.10832227175979178, 0.09991121264312745, 0.010728612101124389, 0.01602639682813943, 0.003055685629924217], [0.05722143357814558, 0.11136493075333943, 0.10813498549613935, 0.013883692985818381, 0.7063136538075662, 0.003081303378991189], [0.6444627191234704, 0.1442267929754459, 0.15275660674576474, 0.019553742908169545, 0.035993075745735154, 0.0030070625014141546], [0.7338807539434545, 0.10383225815772731, 0.10942348524486241, 0.01556216995388767, 0.03421985198809604, 0.00308148071197194], [0.7633511711608097, 0.10025485393442424, 0.08937451162582973, 0.0146213464634699, 0.02935610727793289, 0.0030420095375334978], [0.05665228142715186, 0.09274872923692959, 0.08235796833693172, 0.01246460436522024, 0.7527513940869015, 0.003025022546865149], [0.06261355645126401, 0.08857390077814427, 0.1048841367640103, 0.012182850881796558, 0.7287136656653785, 0.003031889459406499], [0.08414746292261495, 0.13514465542374707, 0.12200551612559098, 0.017431612058242816, 0.6382545927405493, 0.003016160729254893], [0.07233624887027053, 0.1615550099589029, 0.19371878003217266, 0.01966641399797682, 0.5497189252503509, 0.003004621890326242], [0.5819924030082019, 0.15536491344452327, 0.196561024363583, 0.020437578618935148, 0.04262936552423789, 0.0030147150405189153], [0.08487864296914818, 0.14830655697381945, 0.21591108270503265, 0.022401433884008573, 0.5254754341505282, 0.003026849317462957], [0.6283900273617582, 0.15223531741449628, 0.1551540096256803, 0.020207667897252448, 0.04100978368138307, 0.003003194019429686], [0.6209915740381748, 0.14693986472498222, 0.16095879224995827, 0.02074964265752502, 0.04735402278347491, 0.0030061035458847788], [0.7613009292446694, 0.09720227386310773, 0.09711035597023104, 0.013869793854462808, 0.027457291513959762, 0.0030593555535693246], [0.05491335205252067, 0.0865589446364529, 0.07739969287049615, 0.011339237440351976, 0.7667646387284914, 0.003024134271686868], [0.8183392757844864, 0.07902367366870074, 0.06903912071403696, 0.010075315131180995, 0.02051539154153081, 0.0030072231600640695], [0.8504816153957514, 0.06836787082658484, 0.05590303542977166, 0.007344564535483297, 0.014900557008564443, 0.003002356803844396], [0.8919972563374693, 0.06353198645106999, 0.02888012015584609, 0.004501386477116063, 0.008083771876126689, 0.0030054787023719243], [0.015175236971199768, 0.04093914328581358, 0.02626498825234418, 0.0037027595357782333, 0.9109024341073307, 0.0030154378475335942], [0.01163195481066537, 0.03910579337830828, 0.023569476182096295, 0.003292685609344657, 0.9193911091558736, 0.0030089808637118512], [0.923815801025405, 0.039831595316523305, 0.023821040523178367, 0.0033154486535805702, 0.006211907863157409, 0.0030042066181553925], [0.0158018289677207, 0.040714222421368296, 0.027049876864676303, 0.0039895337977320445, 0.9094324831518558, 0.0030120547966468597], [0.9202742160626995, 0.04098756449451186, 0.02511790624044579, 0.003661911348528845, 0.006954767058167127, 0.003003634795646834], [0.8475056870462995, 0.06901031071883336, 0.05456893895324901, 0.008464756600822528, 0.017448410305355665, 0.0030018963754399695], [0.8164645163604836, 0.08096619367988257, 0.06764952143351619, 0.010554744547215509, 0.021358910080750287, 0.003006113898151914], [0.7524334487522631, 0.06305166048159389, 0.06814601480961989, 0.02915950575111551, 0.07482476220109702, 0.012384608004310502], [0.0872918139062356, 0.16225495775630241, 0.1294660082007257, 0.019742415582970813, 0.5982314216935757, 0.0030133828601898124], [0.5689633100790485, 0.15628957814227065, 0.21370718730153543, 0.021153295510461738, 0.03680692619729031, 0.0030797027693933534], [0.547052578978388, 0.17181060506221632, 0.20613079030730092, 0.023897695487438603, 0.048009733625131036, 0.003098596539525263], [0.09813117596883174, 0.1738512877865666, 0.24579930533268127, 0.026179169409870393, 0.45290093319751257, 0.003138128304537358], [0.0730783072488656, 0.17872603533111073, 0.18157486956708294, 0.021629272375004813, 0.5419497436356954, 0.0030417718422406535], [0.718520198628214, 0.12123250693991, 0.11293978297261044, 0.01578425313212993, 0.028402181939644076, 0.0031210763874916217], [0.8989900815174812, 0.028759716478949145, 0.012215210762478708, 0.005663392606219269, 0.05065217373016485, 0.003719424904706876]], [[0.9366052872340066, 0.023484184596054683, 0.004302769545030135, 0.003298123355497994, 0.02901151191391261, 0.003298123355497994], [0.9501736480806121, 0.026029526270032254, 0.01350293037228218, 0.003263323674556107, 0.0040238662051451405, 0.003006705397372107], [0.9422005408681795, 0.04439724913531132, 0.003002219853141936, 0.003395222612033907, 0.004002547678191319, 0.003002219853141936], [0.9261423965093726, 0.06044155546075925, 0.00300217658881247, 0.0034016133197703343, 0.0040100815324728535, 0.00300217658881247], [0.01685100005845961, 0.10401743875930929, 0.0030463040159597783, 0.005258163892665079, 0.8677807892576466, 0.0030463040159597783], [0.035350830570511096, 0.18310788001443043, 0.0030296339368554004, 0.009768664125108892, 0.7657133574162388, 0.0030296339368554004], [0.7703934011047403, 0.19842043395293615, 0.00304680199186593, 0.010474483973867401, 0.014618076984724393, 0.00304680199186593], [0.7061988703324215, 0.24463446581526307, 0.003116942990272495, 0.01564059009852648, 0.02729218777324389, 0.003116942990272495], [0.6253172142760263, 0.3147495918755771, 0.00302378799042171, 0.018217507864291486, 0.0356681100032618, 0.00302378799042171], [0.6132986494200728, 0.32107844147259257, 0.0030266506106561056, 0.020411875983157895, 0.039157731902864576, 0.0030266506106561056], [0.10435990957090517, 0.30884081699943794, 0.003011474608781487, 0.024206985110943508, 0.5565693391011504, 0.003011474608781487], [0.6856036212225406, 0.2428070836893813, 0.0031348470122892587, 0.02052254087202101, 0.04479706019147861, 0.0031348470122892587], [0.7301471641988525, 0.1989848165372204, 0.003061395783247522, 0.019619233929412547, 0.04512599376801964, 0.003061395783247522], [0.10473906653454215, 0.26469241278326977, 0.0030127581024737733, 0.023178631195141092, 0.6013643732820995, 0.0030127581024737733], [0.655578992987949, 0.27792979451174477, 0.003001115369048355, 0.018814392965727542, 0.041674588796482066, 0.003001115369048355], [0.5984922419714596, 0.3170616706243268, 0.0030167046336319362, 0.022651913741713083, 0.05576076439523681, 0.0030167046336319362], [0.3347752044708819, 0.4922944096500236, 0.0030034647460565706, 0.029975819246697562, 0.13694763714028374, 0.0030034647460565706], [0.13477303860629172, 0.349892066202875, 0.0030438628502429854, 0.03648067749000966, 0.47276649200033777, 0.0030438628502429854], [0.5685087114491848, 0.3510442456632611, 0.003015690699673362, 0.021990560228341748, 0.05242510125986566, 0.003015690699673362], [0.1169519917043743, 0.30146994546925365, 0.0030202910025913885, 0.02240135256466125, 0.5531361282565281, 0.0030202910025913885], [0.10917055269457378, 0.2742911149806786, 0.003004829279903907, 0.023152792894904104, 0.5873758808700357, 0.003004829279903907], [0.7334351686552403, 0.20282681152756923, 0.0030757822520307656, 0.017124134749308805, 0.04046232056382002, 0.0030757822520307656], [0.7409883896795632, 0.20330943876368449, 0.003024712536562103, 0.01632382189425782, 0.033328924589370285, 0.003024712536562103], [0.057378147197862064, 0.17380597034954515, 0.003001061133236435, 0.011889690422527388, 0.7509240697635926, 0.003001061133236435], [0.8131392382930235, 0.1526891407776507, 0.0030034431756453123, 0.009835245513732835, 0.018329489064302564, 0.0030034431756453123], [0.018121682639064253, 0.0970209850598534, 0.003006989584706064, 0.004533859481071367, 0.874309493650599, 0.003006989584706064], [0.017574521663362187, 0.08260176827258801, 0.003024731699975041, 0.004796327928958849, 0.8889779187351409, 0.003024731699975041], [0.8573870952725493, 0.11254932170582961, 0.003006417865230001, 0.007933519439750158, 0.016117227851410856, 0.003006417865230001], [0.9023669657695225, 0.07596999149973938, 0.003018616179856624, 0.005466005472274877, 0.010159804898750038, 0.003018616179856624], [0.04725747236598761, 0.12352751561528065, 0.00300592519379805, 0.010621715267484878, 0.8125814463636508, 0.00300592519379805], [0.8303279436278013, 0.13105934245197523, 0.0030014819267244726, 0.010545712304058813, 0.02206403776271579, 0.0030014819267244726], [0.7603785027662531, 0.1886258497676318, 0.0030373966121738233, 0.014633944177870587, 0.03028691006389681, 0.0030373966121738233], [0.6773873953427696, 0.13345311146506414, 0.13505787773410347, 0.017156301990247976, 0.03394282747694968, 0.003002485990865199], [0.7670228837253615, 0.06568935090735678, 0.07307543037449346, 0.03145552948269989, 0.04861858042354424, 0.014138225086544099], [0.5699242036232081, 0.17465626183404978, 0.18575109588803929, 0.022521503264534972, 0.044075950109257314, 0.0030709852809104876], [0.28608046589054764, 0.5505881457408456, 0.0030237684892796273, 0.03255800737824081, 0.12472584401180675, 0.0030237684892796273], [0.1256360182649632, 0.4223593443045846, 0.003117733682481134, 0.029303816893144027, 0.41646535317234595, 0.003117733682481134], [0.5614162980760489, 0.36952386347902483, 0.0030892027560131354, 0.022528061072744077, 0.04035337186015614, 0.0030892027560131354], [0.6141531146737633, 0.16596242728223887, 0.16613788381351213, 0.02004415822103358, 0.030665867183987044, 0.003036548825465152], [0.9143591305113685, 0.02230854318239296, 0.0056009036738018025, 0.0045068459581436805, 0.04961412465500166, 0.0036104520192913126]], [[0.9430890653993418, 0.020855113800001313, 0.003240021885955457, 0.003240021885955457, 0.026335755142790736, 0.003240021885955457], [0.9532532294106387, 0.023003197668178117, 0.01344179998588226, 0.003265912868722215, 0.004027058830806149, 0.00300880123577253], [0.9438135348578204, 0.042778588963302916, 0.0030028794666178355, 0.003397217656586884, 0.004004899589054278, 0.0030028794666178355], [0.9217367385619818, 0.06389927006717401, 0.003003127065606964, 0.0034045737133241304, 0.004953163526306107, 0.003003127065606964], [0.8319163555985549, 0.1403697864440429, 0.0030114711432819856, 0.007991793879806969, 0.01369912179103135, 0.0030114711432819856], [0.7881636645375389, 0.17733408203869408, 0.0030228815378195916, 0.010616282911215935, 0.017840207436911684, 0.0030228815378195916], [0.7345877611840228, 0.21987667155466886, 0.0030717194851138537, 0.01452446241542133, 0.024867665875659313, 0.0030717194851138537], [0.07153473905301162, 0.3273317813666512, 0.0030352229461866444, 0.019103266156809604, 0.5759597675311543, 0.0030352229461866444], [0.5783282398920788, 0.3561669493682061, 0.003059539875646546, 0.020606875047686924, 0.03877885594073518, 0.003059539875646546], [0.5662484684200604, 0.3532159065286318, 0.0030579972521775837, 0.023199655301930307, 0.05121997524502238, 0.0030579972521775837], [0.587365944809363, 0.33604879925904585, 0.0030393182077601043, 0.023411614651913354, 0.04709500486415752, 0.0030393182077601043], [0.6266971157122074, 0.2943681798013769, 0.0030099671528597033, 0.023460793921644844, 0.04945397625905151, 0.0030099671528597033], [0.7105593896939998, 0.21995852403584568, 0.003090102299215854, 0.019465287520039305, 0.04383659415168362, 0.003090102299215854], [0.10447820318557934, 0.2131140269335253, 0.0030768914506763743, 0.021401204382152043, 0.6548527825973907, 0.0030768914506763743], [0.6668880122446768, 0.2604243861205231, 0.0030006792797560343, 0.020677101154078777, 0.04600914192120946, 0.0030006792797560343], [0.619673563640902, 0.3021788545172691, 0.003006978562397366, 0.02172471301804502, 0.05040891169898913, 0.003006978562397366], [0.5707135734989769, 0.3370048816917886, 0.0030158714894779415, 0.024130695759214917, 0.06211910607106375, 0.0030158714894779415], [0.11486038803950235, 0.3581242927953956, 0.0030152534138443853, 0.023499233720335518, 0.49748557861707776, 0.0030152534138443853], [0.5762978120658203, 0.3219069942953142, 0.0030457618086190902, 0.032988214070645845, 0.06271545595098163, 0.0030457618086190902], [0.5840340151695678, 0.31150384614220056, 0.0030344931841416504, 0.0242270578155546, 0.07416609450439389, 0.0030344931841416504], [0.11863168378739163, 0.28185735378078125, 0.0030089305798077174, 0.02275532948502148, 0.5707377717871903, 0.0030089305798077174], [0.6664234318819863, 0.25785569223144805, 0.0030026930651874885, 0.021671684368128843, 0.04804380538806181, 0.0030026930651874885], [0.6751577225002344, 0.25169100650368637, 0.0030010265322323827, 0.02018779125770934, 0.04696142667390529, 0.0030010265322323827], [0.7506605712263589, 0.19631122003093135, 0.0030174186382374906, 0.015045313210909643, 0.03194805825532537, 0.0030174186382374906], [0.7800488181911147, 0.17930215692030932, 0.0030008453443639976, 0.011691578205280957, 0.022955755994567107, 0.0030008453443639976], [0.04402954733568179, 0.17556341960249233, 0.0030054176559207867, 0.010446876634524148, 0.7639493211154602, 0.0030054176559207867], [0.846247755811645, 0.11933159479420609, 0.0030024921716556713, 0.009505839849224778, 0.018909825201612745, 0.0030024921716556713], [0.8172855962726154, 0.14237524895806616, 0.003000862625042717, 0.011581377733658112, 0.022756051785574837, 0.003000862625042717], [0.8269008356523003, 0.1302784903389146, 0.00300026813649701, 0.012270852627550212, 0.024549285108240827, 0.00300026813649701], [0.027855618142508972, 0.09368676415432478, 0.0030537455927511733, 0.00771128275676238, 0.8646388437609016, 0.0030537455927511733], [0.8017695498930765, 0.15361800292649805, 0.0030066045534819087, 0.0131223652570932, 0.025476872816368536, 0.0030066045534819087], [0.7735515486265866, 0.17849256824842455, 0.0030254329370590738, 0.013721435827103381, 0.028183581423767434, 0.0030254329370590738], [0.7370709284755553, 0.10189291956203171, 0.1155423020820784, 0.013938804248397635, 0.028465557363982756, 0.0030894882679541793], [0.7466160191701293, 0.07662663937325191, 0.060613810207110694, 0.03196577437045746, 0.07184844626857806, 0.012329310610472401], [0.565898783771683, 0.15402601075758376, 0.20847597722942213, 0.020481892536927622, 0.048046892267589826, 0.003070443436793602], [0.12636237927729113, 0.39128956510596963, 0.0031247998482573616, 0.029028705963686587, 0.4470697499565382, 0.0031247998482573616], [0.0992386554523727, 0.4122186399621526, 0.00308188196760462, 0.022643298114074322, 0.45973564253619115, 0.00308188196760462], [0.08671104689070842, 0.3874951809158984, 0.0030527705086631435, 0.02166878943342549, 0.4980194417426414, 0.0030527705086631435], [0.6905955884816329, 0.14451250215847858, 0.119680565033538, 0.016123546758270796, 0.02598332417512561, 0.0031044733929542143], [0.9062177925394549, 0.029108304120909034, 0.006461151517011843, 0.004800343565770468, 0.049727697345807495, 0.003684710911046263]], [[0.9445241550347802, 0.019765905611416428, 0.004637573438817875, 0.003212523364627362, 0.024647319185730772, 0.003212523364627362], [0.9471835200488082, 0.027591287308770248, 0.014935770995662838, 0.003262213870888493, 0.004022497753248299, 0.003004710022621967], [0.9377259339377364, 0.04884023464151821, 0.003001053495680712, 0.0034005832111904926, 0.004031141218193515, 0.003001053495680712], [0.8890966090286055, 0.08931390933120419, 0.0030406131884091513, 0.005638242755287285, 0.009870012508084669, 0.0030406131884091513], [0.8244112113503528, 0.14622075524911352, 0.003010682350752429, 0.008628352818984953, 0.014718315880043888, 0.003010682350752429], [0.7497022845689812, 0.19966147619172359, 0.0030440494739119666, 0.01540062391058257, 0.029147516380888524, 0.0030440494739119666], [0.6713275721923276, 0.27627464602869417, 0.0030131260957855003, 0.016687691988627754, 0.029683837598779548, 0.0030131260957855003], [0.08618853741895824, 0.35612001708752006, 0.00304809229547088, 0.020004273688452017, 0.5315909872141279, 0.00304809229547088], [0.11664222304233603, 0.38104893719893373, 0.003081574989651144, 0.025606290249055624, 0.4705393995303723, 0.003081574989651144], [0.30545796046157386, 0.514578897040294, 0.0030136310818966766, 0.035485219597429646, 0.13845066073690906, 0.0030136310818966766], [0.5780171696557956, 0.34073458412387747, 0.0030451409299405807, 0.02423647677956829, 0.0509214875808775, 0.0030451409299405807], [0.6100653699927847, 0.3155719072696607, 0.0030219506546890333, 0.02241455704838256, 0.04590426437979383, 0.0030219506546890333], [0.6484943287767755, 0.2747925351998137, 0.0030025721293377473, 0.022197167117598938, 0.04851082464713657, 0.0030025721293377473], [0.1048513810326521, 0.18801978356515378, 0.0030866594444286027, 0.020720507226001446, 0.6802350092873355, 0.0030866594444286027], [0.704672329382434, 0.21926836373854278, 0.003067731365347005, 0.021383006626480787, 0.04854083752184863, 0.003067731365347005], [0.2523256182471684, 0.23833770697347206, 0.016469444329358974, 0.07123067703329826, 0.22938570394111613, 0.19225084947558602], [0.20852209358480006, 0.25754838529644336, 0.016458837160293824, 0.07512339652229898, 0.25011488806764565, 0.1922323993685182], [0.22887340530296466, 0.2675798292198701, 0.016544352346066854, 0.06591351631463478, 0.2279588203724572, 0.19313007644400623], [0.13000259509259554, 0.34880408056898393, 0.003020061115653197, 0.02590289586601558, 0.4892503062410986, 0.003020061115653197], [0.3254447425410841, 0.4831674449582796, 0.0030007690453672854, 0.0315097338469008, 0.15387654056300093, 0.0030007690453672854], [0.6199432457219843, 0.28533352751897484, 0.0030106629864697395, 0.024632859871633238, 0.06406904091446804, 0.0030106629864697395], [0.6653905328568431, 0.2541951784760885, 0.003002755015097568, 0.022171964605978332, 0.052236814030894856, 0.003002755015097568], [0.6549883417210269, 0.26870592337759147, 0.0030062183793224994, 0.02196716226185779, 0.048326135880878945, 0.0030062183793224994], [0.6618165187451995, 0.26440014413074014, 0.0030042193383958654, 0.020876844652908618, 0.04689805379435997, 0.0030042193383958654], [0.7232204222118525, 0.22479863128950506, 0.00301343582749443, 0.015123428178044851, 0.030830646665608797, 0.00301343582749443], [0.05753791022411025, 0.1701020341984295, 0.0030134106429561317, 0.010705119761645352, 0.7556281145299026, 0.0030134106429561317], [0.7907207157118672, 0.16258414058703557, 0.003001806236975932, 0.013635580936634818, 0.02705595029051067, 0.003001806236975932], [0.07510566230603304, 0.1744222510025581, 0.003012160136508688, 0.016372724935548956, 0.7280750414828425, 0.003012160136508688], [0.8089889173312771, 0.14245410864772962, 0.0030025346700376667, 0.014420333480449205, 0.02813157120046887, 0.0030025346700376667], [0.8121307610348385, 0.1382907581797338, 0.003001700746463454, 0.014799505183969735, 0.02877557410853106, 0.003001700746463454], [0.8742709960454065, 0.09588584955155452, 0.003066013976448204, 0.008879382624216788, 0.01483174382592583, 0.003066013976448204], [0.787609792522492, 0.1636851078173723, 0.003013399529689362, 0.014922494413332545, 0.027755806187424438, 0.003013399529689362], [0.752699298457971, 0.19306507817572713, 0.003044589380540468, 0.015784113647803244, 0.03236233095741771, 0.003044589380540468], [0.6942474661121798, 0.1106863698870303, 0.13906781652787456, 0.01573125053519169, 0.03709161261973602, 0.0031754843179876437], [0.09998282038524413, 0.36483054600975495, 0.003031112740139133, 0.02220262361576922, 0.5069217845089533, 0.003031112740139133], [0.5575485508817465, 0.36538106911412344, 0.0030851861844198884, 0.02368324967165998, 0.04721675796363034, 0.0030851861844198884], [0.5543819427764616, 0.36977373405113956, 0.003047013208226846, 0.022868952187838028, 0.04688134456810709, 0.003047013208226846], [0.08292552197182167, 0.3154200789745678, 0.003192181169059277, 0.01983218123862081, 0.5754378554768713, 0.003192181169059277], [0.06709334351487584, 0.125363931179754, 0.11669309019221646, 0.01760117490812218, 0.6700928548985582, 0.003155605306473324], [0.9252216699372261, 0.017401204118600522, 0.004317791570326557, 0.0035031165137838875, 0.04605310134627921, 0.0035031165137838875]], [[0.9463178404489628, 0.01981105611332006, 0.005275615239181263, 0.0031886434626731386, 0.022218201273189603, 0.0031886434626731386], [0.9424420936431075, 0.030784176914925087, 0.016489517717389268, 0.0032608202793538675, 0.0040207793745524675, 0.0030026120706718195], [0.9385874263704787, 0.04754595993734715, 0.0030010049457167196, 0.0034005648266184755, 0.004464038974122243, 0.0030010049457167196], [0.9138623247207516, 0.06862253550704335, 0.003006086260677833, 0.004196928954770453, 0.007306038296078955, 0.003006086260677833], [0.8366871156218308, 0.1290023706745076, 0.00300491704464655, 0.009590680036483782, 0.018709999577884714, 0.00300491704464655], [0.7913741836711924, 0.16512352514960915, 0.0030109362550719524, 0.01374025840137658, 0.023740160267677942, 0.0030109362550719524], [0.7290109149665841, 0.21620222521439922, 0.003069351092918111, 0.016889098863607406, 0.031759058769573176, 0.003069351092918111], [0.6291601363642108, 0.3078103084049157, 0.0030189574036165335, 0.02020004135893384, 0.03679159906470659, 0.0030189574036165335], [0.5680639956805797, 0.3653990475943628, 0.0030708832942635557, 0.021712121198237785, 0.038683068938292625, 0.0030708832942635557], [0.5753446983630495, 0.34753411454932515, 0.003050970576581404, 0.023466720595227128, 0.047552525339235326, 0.003050970576581404], [0.101181664556533, 0.3474042400657424, 0.0030378285216982616, 0.02241297223654258, 0.5229254660977855, 0.0030378285216982616], [0.6238120672880677, 0.3057270139497309, 0.0030158071516399464, 0.02164647599908133, 0.042782828459840126, 0.0030158071516399464], [0.72171153019854, 0.2171373531930266, 0.0030757090070771555, 0.01798669909394973, 0.037012999500329366, 0.0030757090070771555], [0.7343747970887325, 0.20109129466727083, 0.0030321953035068257, 0.020162430889959754, 0.03830708674702318, 0.0030321953035068257], [0.6904982123872364, 0.22715512782936131, 0.0030023335057228757, 0.024025710049739378, 0.05231628272221711, 0.0030023335057228757], [0.668081816068555, 0.24815961563639444, 0.0030039084431908287, 0.022047421243250306, 0.055703330165418494, 0.0030039084431908287], [0.6503820587639032, 0.2605892231862605, 0.003008538540398478, 0.022493902764104096, 0.06051773820493521, 0.003008538540398478], [0.3877431198855978, 0.3846485887267979, 0.003024496622185664, 0.030832615949453877, 0.19072668219377917, 0.003024496622185664], [0.13469886211198265, 0.3147670895961717, 0.003007875571001421, 0.02387275286053047, 0.5206455442893122, 0.003007875571001421], [0.14971899586374174, 0.28921624442556376, 0.0030254669665723, 0.026205248834770784, 0.5288085769427792, 0.0030254669665723], [0.14960552323736398, 0.2648384946963939, 0.0030050933083468736, 0.025094640312784293, 0.5544511551367641, 0.0030050933083468736], [0.6332395406727896, 0.27672298518559024, 0.0030056637571531275, 0.024546009085568987, 0.059480137541744825, 0.0030056637571531275], [0.6308444001877646, 0.28339518512576073, 0.0030169374833025108, 0.024057776612910507, 0.05566876310695919, 0.0030169374833025108], [0.11290441774580033, 0.26666564945401106, 0.0030074451161783053, 0.022855308742870725, 0.5915597338249613, 0.0030074451161783053], [0.6829628771516045, 0.2519057081801369, 0.003002611408189126, 0.01995695771347573, 0.039169234138404646, 0.003002611408189126], [0.07970714821129204, 0.22194659533162436, 0.0030237451590888562, 0.016220978659247116, 0.6760777874796587, 0.0030237451590888562], [0.7337184333499267, 0.19482679343090334, 0.0030257545606135255, 0.029333413145455046, 0.03606985095248808, 0.0030257545606135255], [0.668106831644821, 0.251620555192472, 0.0030105975121946906, 0.02104450187510711, 0.053206916263210585, 0.0030105975121946906], [0.7492586978532266, 0.19305411854192409, 0.003014301769462135, 0.017571393243763004, 0.03408718682216201, 0.003014301769462135], [0.059256118803762796, 0.1737096495036637, 0.00300066349821192, 0.014517441017627657, 0.7465154636785221, 0.00300066349821192], [0.7948656872088605, 0.1520206078425804, 0.003008243102620193, 0.016795121848824465, 0.03030209689449436, 0.003008243102620193], [0.07084225903280021, 0.1651088504214157, 0.0030130620404882655, 0.0166640962564047, 0.7413586702084028, 0.0030130620404882655], [0.0925056597576905, 0.19897648972777038, 0.0030409536038114742, 0.017529338162547314, 0.6849066051443689, 0.0030409536038114742], [0.6458150821056537, 0.2876533369160682, 0.0030110363382321475, 0.020182169826868105, 0.04032733847494565, 0.0030110363382321475], [0.5957474373215769, 0.330434741662476, 0.003042306784480758, 0.022150535658568647, 0.04558267178841693, 0.003042306784480758], [0.577385986178997, 0.3337213902799764, 0.0030525518780026998, 0.025128992157780975, 0.057658527627240275, 0.0030525518780026998], [0.5642873550746994, 0.3514702955625595, 0.0030336536770516564, 0.024775124742907356, 0.053399917265730484, 0.0030336536770516564], [0.5864583593713787, 0.3390679035988043, 0.0030215505471590147, 0.02363711215829248, 0.044793523777206565, 0.0030215505471590147], [0.7353514545482127, 0.10734935085242957, 0.1073284755780703, 0.01638557255845832, 0.03049581494493474, 0.003089331517894358], [0.9258443853360222, 0.020551752158642998, 0.004969902611829563, 0.0036165576633159398, 0.04156466062823236, 0.0034527416019568434]], [[0.9466828037967998, 0.020199638202220562, 0.003203164348455506, 0.003203164348455506, 0.023508064955613202, 0.003203164348455506], [0.9425666744403011, 0.030464183342814647, 0.016683851890641525, 0.0032613191709927793, 0.004021394536701874, 0.003002576618548058], [0.9294118849233678, 0.05634840617528892, 0.003000623244869045, 0.00340153837890551, 0.004836924032699758, 0.003000623244869045], [0.916435777782651, 0.0648919713837467, 0.0030043471107357245, 0.004538278580599919, 0.008125278031531008, 0.0030043471107357245], [0.8907338139235685, 0.08816945280126998, 0.0030302593020319095, 0.006064207050256032, 0.008972007620841698, 0.0030302593020319095], [0.050169369272630354, 0.14832133631222477, 0.0030036806029799354, 0.01170142067414479, 0.7838005125350402, 0.0030036806029799354], [0.7678586899701528, 0.18462948382327118, 0.003026791553370401, 0.015289344682572092, 0.026168898417262863, 0.003026791553370401], [0.7160618434718719, 0.22826649322370762, 0.0030899508912319157, 0.017592619807433277, 0.031899141714523446, 0.0030899508912319157], [0.0942539533967575, 0.3136988261706713, 0.0030152567114817624, 0.0223829795123013, 0.5636337274973066, 0.0030152567114817624], [0.6053118385302724, 0.3260209720808908, 0.0030303070339202983, 0.021774290420058493, 0.040832284900937835, 0.0030303070339202983], [0.6331677097509262, 0.29689031152505746, 0.0030110728548554985, 0.021178449639074417, 0.04274138337523093, 0.0030110728548554985], [0.07989401625937474, 0.2269602242761628, 0.0030814369692349353, 0.018404121493734778, 0.6685787640322578, 0.0030814369692349353], [0.7575423281839517, 0.19037727061028617, 0.0030338239223343558, 0.016124335733093294, 0.029888417628000315, 0.0030338239223343558], [0.7914195124973878, 0.15729814992611732, 0.003013501967756866, 0.015734775345974082, 0.029520558295006997, 0.003013501967756866], [0.08186692044573048, 0.16819473714662586, 0.003029452687463805, 0.017666066156285635, 0.7262133708764305, 0.003029452687463805], [0.309785813558002, 0.20941928963540515, 0.01661322214244684, 0.07678121905766824, 0.19330859551967416, 0.19409186008680354], [0.2434801926215929, 0.2169979633084347, 0.01684422922871546, 0.09101973506046043, 0.24117815247953642, 0.1904797273012601], [0.21900487621753292, 0.23376075959849255, 0.016303795564064805, 0.08869595329183477, 0.25146721643652326, 0.1907673988915518], [0.6618069237431221, 0.23780340770187886, 0.00300187028946729, 0.02332374551763403, 0.07106218245843032, 0.00300187028946729], [0.15023365883847487, 0.2629115280150249, 0.003005632095525765, 0.026251437678813296, 0.5545921112766355, 0.003005632095525765], [0.641759832460819, 0.26825239415990654, 0.0030049597661678173, 0.022883165117393394, 0.06109468872954552, 0.0030049597661678173], [0.6223197340191232, 0.27655217076410216, 0.0030258326316739306, 0.026227950319724497, 0.06884847963370229, 0.0030258326316739306], [0.3645474292831707, 0.4443687790676479, 0.003002021998223961, 0.0324529582385006, 0.15262678941423294, 0.003002021998223961], [0.6428374791721612, 0.2773499227614631, 0.003010973183252408, 0.022889811004427094, 0.05090084069544403, 0.003010973183252408], [0.6453247125029794, 0.2775805759576312, 0.0030033188523616366, 0.022616379998154735, 0.04847169383651159, 0.0030033188523616366], [0.14752487806165498, 0.2477747055914979, 0.003003144944661374, 0.023176403557049897, 0.5755177229004743, 0.003003144944661374], [0.6343512714647059, 0.27499539873967727, 0.003006739372794794, 0.033334817628630935, 0.051305033421396286, 0.003006739372794794], [0.6433976436433938, 0.286147970096291, 0.00300050523523244, 0.020537201004482548, 0.04391617478536783, 0.00300050523523244], [0.6498303405022916, 0.2859142200895808, 0.0030026762327184163, 0.019197468829183533, 0.03905261811350723, 0.0030026762327184163], [0.0812106663540484, 0.21823505305520202, 0.003036079624139374, 0.01888667429958568, 0.6755954470428852, 0.003036079624139374], [0.7686924392584868, 0.17626893104737965, 0.0030051492222767395, 0.016421700626575626, 0.03260663062300434, 0.0030051492222767395], [0.7814410001968647, 0.1582600547931473, 0.0030164790472140975, 0.01849962545735622, 0.035766361458203534, 0.0030164790472140975], [0.6917963786167497, 0.23625849154859782, 0.003001506321081536, 0.021617798506067838, 0.04432431868642156, 0.003001506321081536], [0.10181328898625508, 0.2883939314220827, 0.003001204330498304, 0.022319419681251226, 0.5814709512494144, 0.003001204330498304], [0.12021156199473078, 0.33232182209277444, 0.003014575831241531, 0.02476489958018064, 0.5166725646698311, 0.003014575831241531], [0.3619628125865486, 0.43873783227214136, 0.003001022856781314, 0.035044857123189034, 0.15825245230455842, 0.003001022856781314], [0.5935712309978556, 0.3097976465123265, 0.0030154926698595977, 0.02551592459674171, 0.06508421255335713, 0.0030154926698595977], [0.12042263107128688, 0.30154808729538074, 0.003003355797594673, 0.02475905561739031, 0.5472635144207527, 0.003003355797594673], [0.6745659784824152, 0.13262026344722808, 0.13133098009249766, 0.019954096700955375, 0.03852533457505414, 0.0030033467018495356], [0.9295828260404491, 0.015031259981658694, 0.0034674312778608294, 0.0034674312778608294, 0.0449836201443097, 0.0034674312778608294]], [[0.9547761688316242, 0.015782707492268414, 0.003133740127240571, 0.003133740127240571, 0.02003990329438576, 0.003133740127240571], [0.011120721368924568, 0.03475007480847099, 0.02204034241983148, 0.0034182230788758474, 0.9256689107596903, 0.0030017275642069056], [0.9274468683598206, 0.05760299354677841, 0.003000677191985561, 0.0034031956127013423, 0.005545588096728496, 0.003000677191985561], [0.9151976195224067, 0.06726550218653818, 0.0030051681907405483, 0.004230256531086243, 0.007296285378487687, 0.0030051681907405483], [0.9053740499650864, 0.07467650512967088, 0.0030126498678737924, 0.0051134974156254644, 0.008810647753869803, 0.0030126498678737924], [0.8831282949601876, 0.09336268544579591, 0.00304183254012535, 0.00714792331000096, 0.010277431203764894, 0.00304183254012535], [0.8043744172594914, 0.1540884006919782, 0.0030054663213921556, 0.012719128782957915, 0.02280712062278819, 0.0030054663213921556], [0.7732095298561935, 0.17973772983312905, 0.0030219112467289116, 0.014678047464854292, 0.026330870352365386, 0.0030219112467289116], [0.7424358121358626, 0.20485869663879544, 0.003051624298572532, 0.015762711236139072, 0.030839531392057695, 0.003051624298572532], [0.10368793363268707, 0.2895904925532874, 0.003004324867488229, 0.023776869246538955, 0.5769360548325101, 0.003004324867488229], [0.7383748810745026, 0.20622493045885287, 0.003055100888357567, 0.016863029253440822, 0.0324269574364886, 0.003055100888357567], [0.06647819124428068, 0.19395251438995723, 0.0030293961385525017, 0.016840903113775525, 0.7166695989748817, 0.0030293961385525017], [0.775426311911248, 0.17682041355056907, 0.0030196091926285463, 0.015189225965501063, 0.02652483018742482, 0.0030196091926285463], [0.7852296719164232, 0.1656272196025616, 0.003019173772423674, 0.01558044174606162, 0.027524319190105975, 0.003019173772423674], [0.7989875104309229, 0.14902597515295263, 0.003008620206760667, 0.015223415690442508, 0.030745858312160673, 0.003008620206760667], [0.20542517765211976, 0.18450459849449222, 0.02877032592569146, 0.08819928225873125, 0.24300050538629392, 0.25010011028267143], [0.21609223892411425, 0.1970943616874061, 0.024779165311856463, 0.08827163162254582, 0.2578614373116276, 0.2159011651424497], [0.6863072080151015, 0.22911116057702943, 0.003002574724290584, 0.02352692140220868, 0.055049560557079276, 0.003002574724290584], [0.13922259865739148, 0.2534298523841666, 0.0030024745656394613, 0.02646851939375007, 0.5748740804334129, 0.0030024745656394613], [0.6585776766479783, 0.2515840986611323, 0.003006694716709049, 0.022479195283359236, 0.0613456399741121, 0.003006694716709049], [0.6128009070750912, 0.28727519958201203, 0.0030314462023549402, 0.024499070058782647, 0.06936193087940429, 0.0030314462023549402], [0.5926294769758192, 0.30668979958781006, 0.003009760811081806, 0.02411156485890248, 0.0705496369553047, 0.003009760811081806], [0.629264913015589, 0.26740617321537513, 0.003006192791123039, 0.02313357166258903, 0.07418295652420082, 0.003006192791123039], [0.13508865873659553, 0.2817246053159495, 0.0030105832985027454, 0.024945583440940014, 0.5522199859095095, 0.0030105832985027454], [0.6247829992478623, 0.2741552435192298, 0.003003134059315574, 0.025053127818740896, 0.07000236129553587, 0.003003134059315574], [0.1452528746838788, 0.2658695619650143, 0.0030066574069047133, 0.02396681587514292, 0.5588974326621545, 0.0030066574069047133], [0.625865