{"prediction": [[[0.9519673287590422, 0.007065731404575544, 0.00704843116747834, 0.005365011558532072, 0.02318848555183981, 0.005365011558532072], [0.9354554130099614, 0.013177551809408512, 0.012257209692448305, 0.008387222437711922, 0.024965321807999475, 0.005757281242470437], [0.9313568972445458, 0.013574803137040696, 0.010383262331587925, 0.008953293973010944, 0.02919100028372843, 0.006540743030086214], [0.9334926420876715, 0.012750770345418746, 0.011565793339022487, 0.008252814711813323, 0.028056988000261556, 0.005880991515812484], [0.9425036597855526, 0.010731863272014574, 0.00891816146996742, 0.00608095307342221, 0.026227056733549213, 0.005538305665493926], [0.9403323674371393, 0.011355812651483745, 0.008876362430634922, 0.005996657418530588, 0.027813694135328866, 0.005625105926882574], [0.9428321123557402, 0.010523826786566721, 0.009414221077342196, 0.005535217675081505, 0.026159404430187914, 0.005535217675081505], [0.9390558403452657, 0.01145204216799768, 0.011217529634593144, 0.006368892474942364, 0.026334295487890142, 0.005571399889311109], [0.9423342235579951, 0.012126755907494166, 0.009989219298031905, 0.006180741830796888, 0.0239133856025352, 0.0054556738031468], [0.9354062144776958, 0.01442705799637587, 0.010909639023243566, 0.008387290108987694, 0.025300349938251844, 0.0055694484554452165], [0.9312292404837242, 0.01458946595689991, 0.013168875497847983, 0.01129760036013967, 0.021787931337724276, 0.007926886363663814], [0.9207879278222282, 0.01752331183164944, 0.0138752331016225, 0.01266786780298966, 0.025744427781598342, 0.009401231659911984], [0.9190153375311362, 0.017014827979355343, 0.014710553096587574, 0.013974762044619173, 0.025002156177100034, 0.010282363171201687], [0.9215286761747573, 0.017288916551695628, 0.013227284815352125, 0.013652052765757598, 0.023796896748003254, 0.010506172944434166], [0.9209837294247526, 0.01723695391333081, 0.014017485043239294, 0.012949683982579278, 0.025399813775064915, 0.00941233386103308], [0.9230835239030657, 0.017536719622878484, 0.014740507015504018, 0.012889627035536947, 0.023002839261069725, 0.008746783161945116], [0.9332430029663907, 0.013137227389616587, 0.012703432169384092, 0.009545697006199814, 0.02382103256890644, 0.00754960789950236], [0.9385285786980041, 0.014548860025205938, 0.010516632238322554, 0.009540138386756524, 0.020160203468431847, 0.006705587183279048], [0.9429662022486124, 0.012857431924108965, 0.01144600764243643, 0.008290693654348749, 0.019056566637527195, 0.005383097892966269], [0.9404939276230069, 0.013860137278421811, 0.01018778832299845, 0.007360347612386791, 0.022663056036323515, 0.005434743126862539], [0.9506970713615129, 0.011665215572307437, 0.008464234472635251, 0.005244875885967142, 0.018683726821610118, 0.005244875885967142], [0.9444314744308536, 0.011924911961611436, 0.009862076637170973, 0.005410352804969433, 0.022960831360425198, 0.005410352804969433], [0.9473800331970319, 0.012132510302044666, 0.008721131885255879, 0.005878070499638341, 0.020573134497562158, 0.005315119618467177], [0.9345778866742054, 0.014034299962883844, 0.009456720452465628, 0.007101748189315006, 0.029093010587826436, 0.005736334133303713], [0.9447284326845826, 0.01282492920116465, 0.010562603651439614, 0.007851312697566988, 0.018545078828528704, 0.005487642936717467], [0.9308066929619283, 0.015274855740977951, 0.010994920701368732, 0.009311883041180488, 0.027092951072249776, 0.006518696482294705], [0.9343318279283639, 0.012136983961003312, 0.01004046661194357, 0.007168295146446838, 0.03052627486268535, 0.0057961514895569725], [0.9346956185303362, 0.011096737950892485, 0.010036771316752026, 0.0072859693600336745, 0.03106759280703747, 0.0058173100349483], [0.9386126030183428, 0.010411226283048702, 0.009322490002327303, 0.0066615791723737975, 0.029291555066876206, 0.00570054645703114], [0.9389447626117494, 0.01003784967800653, 0.00940526125152098, 0.006718502273819778, 0.0292006213482691, 0.005693002836634199], [0.940524122910137, 0.010963718978263443, 0.012740373061527716, 0.007448819238235352, 0.02288863993762866, 0.005434325874207766], [0.9381797422515874, 0.012771335196843776, 0.01117483385868299, 0.008381544879520912, 0.023715280760616145, 0.005777263052748898], [0.9323707511474368, 0.012359117085791788, 0.013044701029899302, 0.008823651636541313, 0.02696280978268372, 0.0064389693176471995], [0.9353496398594594, 0.013133325965395714, 0.011152691283098195, 0.008689436981311797, 0.02534878925933791, 0.0063261166513969205], [0.923457008487861, 0.016553527006955244, 0.012195278125965202, 0.011305566725462136, 0.02839330367529093, 0.00809531597846553], [0.9288790333625188, 0.015350472288904952, 0.012042398662425352, 0.010825556380353934, 0.024434098160544256, 0.008468441145252683], [0.9253357964379897, 0.01552688513810052, 0.014060261664173858, 0.011950612052737564, 0.023993641254882823, 0.009132803452115512], [0.9265820102408588, 0.015597111469361925, 0.013397341789255252, 0.010439578970199986, 0.026144127633947967, 0.00783982989637615], [0.9292349067646228, 0.015416467969651338, 0.01403029891313637, 0.00973032172460653, 0.02490563731208865, 0.006682367315894304], [0.9416309820218893, 0.012117155238017353, 0.008871238217114661, 0.007124721955005839, 0.024768444103673258, 0.005487458464299419]], [[0.9400416481877448, 0.013014298088501073, 0.010766689519590252, 0.007149630524077033, 0.023564604185044167, 0.005463129495042574], [0.9490882528207837, 0.022953788821863462, 0.012833915789824079, 0.005000198662298672, 0.005123645242931393, 0.005000198662298672], [0.9088464885445515, 0.034319177127089505, 0.03311924936245403, 0.005845726989059969, 0.01285759896216496, 0.0050117590146801115], [0.910056544263647, 0.03312152752939907, 0.031912071431557575, 0.005847448083763292, 0.014049293277319092, 0.00501311541431392], [0.9155510923718296, 0.033004965639357974, 0.027692663267648587, 0.00585797779576921, 0.012870131973255514, 0.0050231689521391155], [0.9522897008688609, 0.02069656569060472, 0.012004301103543178, 0.005000670224959233, 0.005008091887072651, 0.005000670224959233], [0.9548441116624827, 0.01938381928628702, 0.010763698768370494, 0.005002790094286583, 0.005002790094286583, 0.005002790094286583], [0.027162447627175554, 0.01601818442656368, 0.01101485181266679, 0.005024137526495223, 0.9357562410806035, 0.005024137526495223], [0.9501078594118815, 0.021613046889425256, 0.013280596000443746, 0.004999499232749859, 0.004999499232749859, 0.004999499232749859], [0.9496940369899669, 0.021256458116079423, 0.014051138151426194, 0.004999455580842498, 0.004999455580842498, 0.004999455580842498], [0.899879847339597, 0.03809151070709058, 0.03848813934826262, 0.005838320138531469, 0.012697491041098756, 0.005004691425419643], [0.03933631828304975, 0.03794285727593715, 0.04150208650339159, 0.005908193373253758, 0.8703089218797128, 0.0050016226846550235], [0.8649658415158155, 0.04581213131467841, 0.053937849018023926, 0.007234524394216425, 0.023014106093499194, 0.005035547663766621], [0.8884872534063932, 0.025177372558438924, 0.022391287614214134, 0.01940666119248023, 0.030002109753790276, 0.014535315474683083], [0.8897589433355173, 0.025320628585776366, 0.023182142333655523, 0.0195021542510876, 0.028479664224959383, 0.013756467269003977], [0.044682064637569525, 0.03290870813919661, 0.03544309761717306, 0.006042345173557867, 0.8759064844368879, 0.005017299995615133], [0.03972834083554834, 0.02925235267483916, 0.03285926126195369, 0.006049145551992528, 0.8870854605136302, 0.005025439162035976], [0.95197957192451, 0.020195989135256977, 0.01282208193678785, 0.005000785667815038, 0.005000785667815038, 0.005000785667815038], [0.9548864459666249, 0.019415062030273284, 0.010685977092679334, 0.005004171636807469, 0.005004171636807469, 0.005004171636807469], [0.9574758764115959, 0.018018653643638506, 0.009480281943472975, 0.0050083960004308325, 0.0050083960004308325, 0.0050083960004308325], [0.9569081971289636, 0.01872637983771538, 0.009342284584346272, 0.005007712816324906, 0.005007712816324906, 0.005007712816324906], [0.00756960103150007, 0.012743552505255827, 0.009446353915086362, 0.005018772828521651, 0.9602029468911145, 0.005018772828521651], [0.9601385345444657, 0.01547710208656485, 0.009344582647695167, 0.005013260240424775, 0.005013260240424775, 0.005013260240424775], [0.008479324269225687, 0.013425349445497699, 0.009446484309798456, 0.005015701305866863, 0.9586174393637444, 0.005015701305866863], [0.00994439275542788, 0.016197511771373126, 0.010183982891603367, 0.005007569140477277, 0.9536589743006411, 0.005007569140477277], [0.9103914869185824, 0.020501162845269903, 0.018065910127129565, 0.010072366052732701, 0.03462588812047825, 0.00634318593580725], [0.9024575102591756, 0.020460131135818477, 0.016660924094415563, 0.011094139439433654, 0.0418600480815141, 0.007467246989642517], [0.9019921341737115, 0.03786860175630755, 0.03305933382397851, 0.005958819963260199, 0.016113160597969287, 0.005007949684772954], [0.8916172239175428, 0.03900761208178099, 0.039731448182996384, 0.0059532447903520615, 0.018689240222116904, 0.00500123080521078], [0.9007575235944809, 0.03760118291212745, 0.03622186441719419, 0.00595567628694994, 0.014457706880733046, 0.005006045908514519], [0.9118741964578866, 0.03569806598090814, 0.029489449864387115, 0.005973902150705446, 0.011941436154793414, 0.005022949391319293], [0.9467807203196259, 0.02350283295478814, 0.014419331987060845, 0.004999953274092386, 0.005297208190340288, 0.004999953274092386], [0.01562680356820176, 0.02105125504768148, 0.014981865981171774, 0.005012866316487131, 0.9383143427699706, 0.005012866316487131], [0.9422857064168948, 0.0242019698483808, 0.017239677659773214, 0.005004085263528765, 0.006264475547893567, 0.005004085263528765], [0.038883353879402165, 0.03612485583005429, 0.038313118924935136, 0.006030465318857, 0.8756422033462725, 0.005006002700478915], [0.8922392250888261, 0.038373731226273064, 0.04249007420514777, 0.005953280794328485, 0.0159417925596113, 0.0050018961258131486], [0.8824850319320836, 0.041669641826601274, 0.045998210751751464, 0.006000438867574311, 0.018843488708486497, 0.005003187913502792], [0.03845354626520508, 0.04087617308103835, 0.04143180133900897, 0.006024907013518854, 0.8682128773874779, 0.0050006949137508345], [0.9059856201455738, 0.037528257273528244, 0.0333762627218532, 0.0059634018233639865, 0.012132772624754885, 0.00501368541092582], [0.9250019043951628, 0.017042619307765117, 0.014019034101246759, 0.009995242510940817, 0.02711597445926624, 0.006825225225618212]], [[0.9357789022503525, 0.011084825426317196, 0.010825026486612389, 0.006174466937460315, 0.03035752613242913, 0.005779252766828563], [0.9009854159957071, 0.038498597142360015, 0.03655615747376425, 0.005838198846150273, 0.013116973104574868, 0.005004657437443575], [0.8801650834386239, 0.0852005482782997, 0.005006095514412428, 0.00700400183855065, 0.017618175415700904, 0.005006095514412428], [0.05314786610249146, 0.09070843104272, 0.005003993830276384, 0.007138720650302882, 0.838996994543933, 0.005003993830276384], [0.8849015751551104, 0.07798701930033693, 0.005002750556294635, 0.007001776546699397, 0.020104127885263928, 0.005002750556294635], [0.9046381528118738, 0.062434992881923605, 0.00502675512293725, 0.007031346337207599, 0.015841997723120484, 0.00502675512293725], [0.9451178726117637, 0.03310964910363351, 0.005002010572488404, 0.005002010572488404, 0.006766446567137541, 0.005002010572488404], [0.9455271303283764, 0.03298661893080321, 0.005001191746253298, 0.005001191746253298, 0.006482675502060451, 0.005001191746253298], [0.9052534304763588, 0.0609879847533643, 0.005027651700601471, 0.007033065082246941, 0.016670216286827123, 0.005027651700601471], [0.8906018863258692, 0.07567202307859935, 0.005008796516887196, 0.007007244402313592, 0.016701253159443423, 0.005008796516887196], [0.8765763440614055, 0.08737238706275283, 0.005005181829082168, 0.007005102205263414, 0.019035803012413876, 0.005005181829082168], [0.8431622933360079, 0.11261783737070644, 0.00505584838601365, 0.007887950755230966, 0.0262202217660274, 0.00505584838601365], [0.7859343782135351, 0.16070251957681558, 0.00501962503713789, 0.009726948731913298, 0.03359690340346024, 0.00501962503713789], [0.7542544076128045, 0.06698877541300687, 0.10639564714876697, 0.012425051021354133, 0.05490113271755992, 0.005034986086507533], [0.09619261271733279, 0.07724357866426508, 0.09577646389491637, 0.013682726170103233, 0.7117460016407446, 0.00535861691263792], [0.8926958703837741, 0.024556194197988768, 0.022150600335379207, 0.019113320824906722, 0.027117022889468115, 0.014366991368483096], [0.9009377918969441, 0.021326932495006962, 0.02011312769524612, 0.015724822150843334, 0.030178902636326898, 0.011718423125632494], [0.9141802645026881, 0.031615022332609766, 0.029610070696538975, 0.0059763361148483995, 0.01359272684979061, 0.005025579503524229], [0.9504539479401097, 0.02954577230866204, 0.00500006993780706, 0.00500006993780706, 0.00500006993780706, 0.00500006993780706], [0.954428356120639, 0.025552145647501828, 0.005004874557964774, 0.005004874557964774, 0.005004874557964774, 0.005004874557964774], [0.9562938387806744, 0.0236729780035669, 0.005008295803939678, 0.005008295803939678, 0.005008295803939678, 0.005008295803939678], [0.9565436147695596, 0.023421119851776466, 0.005008816344665967, 0.005008816344665967, 0.005008816344665967, 0.005008816344665967], [0.9561468582771594, 0.023821065672265874, 0.005008019012643661, 0.005008019012643661, 0.005008019012643661, 0.005008019012643661], [0.9517385510348387, 0.028256320142043333, 0.005001282205779471, 0.005001282205779471, 0.005001282205779471, 0.005001282205779471], [0.012320871749810182, 0.03257267618890859, 0.0050013369087004, 0.0050013369087004, 0.9401024413351801, 0.0050013369087004], [0.9107853362380754, 0.03426034321267428, 0.03226065150352297, 0.005970030625206036, 0.011703475132224675, 0.005020163288296564], [0.8972908046966956, 0.025579271848472102, 0.018615064124226092, 0.016859808022152725, 0.029461368610012546, 0.01219368269844084], [0.8792845980352286, 0.04390352122173392, 0.045683214249595205, 0.006221141526759796, 0.019903186533532017, 0.005004338433150475], [0.8079624868485696, 0.14102963988544004, 0.005026939366752665, 0.009476153336280576, 0.031477841196204365, 0.005026939366752665], [0.873577618633337, 0.09121152402086852, 0.005008418947181768, 0.007147417992274242, 0.018046601459156642, 0.005008418947181768], [0.0410077990454522, 0.07950853272998985, 0.005014287137538487, 0.007290090892886821, 0.862165003056594, 0.005014287137538487], [0.8865411628790185, 0.07650827529224484, 0.005006271450649034, 0.007143899116807001, 0.019794119810631523, 0.005006271450649034], [0.019907369528438648, 0.043680416282599, 0.005034483731863912, 0.005034483731863912, 0.9213087629933706, 0.005034483731863912], [0.8802747801205675, 0.07938496563510979, 0.005002111922744284, 0.007143256656798487, 0.02319277374203558, 0.005002111922744284], [0.8694596954292041, 0.09123767868375578, 0.005004169183754788, 0.007148466408754061, 0.022145821110776554, 0.005004169183754788], [0.8531027389305249, 0.10300648387066003, 0.005020796503774912, 0.007625388928321868, 0.026223795262943324, 0.005020796503774912], [0.08139352178075841, 0.1600701045718618, 0.005021103405535227, 0.010093461800894335, 0.738400705035415, 0.005021103405535227], [0.8539903002570196, 0.10604180185177225, 0.005026265011055929, 0.007180196378522663, 0.02273517149057357, 0.005026265011055929], [0.03281885775931987, 0.04047924627955203, 0.04004947724711652, 0.00602824959433007, 0.8756195969500308, 0.005004572169650739], [0.9310221337974613, 0.0167045063003949, 0.013049839361949922, 0.009774660338811015, 0.022665415394733424, 0.006783444806649391]], [[0.930314714862044, 0.012112224407535132, 0.011315586575852753, 0.007605411931773014, 0.032710101739563645, 0.005941960483231414], [0.045922416754101233, 0.041529719880982634, 0.04381306325133264, 0.005921045144697418, 0.8578041487697265, 0.005009606199159503], [0.8476552573508951, 0.11011301530359162, 0.005046477312179828, 0.007269239657389174, 0.024869533063764406, 0.005046477312179828], [0.7896649200823976, 0.15493568967327595, 0.00501285604215325, 0.009533451411725676, 0.03584022674829414, 0.00501285604215325], [0.859588152193427, 0.09927170794780213, 0.005018622942497977, 0.007028741420547317, 0.024074152553227562, 0.005018622942497977], [0.8791156809562923, 0.08163851910944231, 0.005001001575090184, 0.007000330113756377, 0.022243466670328615, 0.005001001575090184], [0.8900378779872407, 0.07404784044286702, 0.005006216142582183, 0.007005582855561891, 0.018896266429165934, 0.005006216142582183], [0.05595231650586975, 0.07105240499221722, 0.005010348774230234, 0.0071480268819338255, 0.8558265540715188, 0.005010348774230234], [0.8933492429289736, 0.06597184650476329, 0.005012065043691347, 0.007016423848987031, 0.02363835662989334, 0.005012065043691347], [0.052520402028548116, 0.081951535648374, 0.005001447635602917, 0.007133908856191992, 0.84839125819568, 0.005001447635602917], [0.8530738968414264, 0.10325669195199287, 0.0050292968317384446, 0.00721397571041954, 0.026396841832684204, 0.0050292968317384446], [0.7838555619767104, 0.15958739734489572, 0.005013729754856168, 0.010341055210236016, 0.0361885259584456, 0.005013729754856168], [0.09252076456228076, 0.19123430006488448, 0.00504806075125616, 0.013225044083376486, 0.692923769786946, 0.00504806075125616], [0.7447667375623551, 0.17863308556183835, 0.005045919989668126, 0.012829049269714402, 0.053679287626755876, 0.005045919989668126], [0.053612859175411455, 0.02866254742863396, 0.04265394082721747, 0.01982327226734344, 0.040097889070179166, 0.8151494912312146], [0.8926173714269338, 0.02591481259144354, 0.01911453960485824, 0.02006835685772496, 0.027123326812629505, 0.015161592706409979], [0.8987948031642083, 0.023178899689418442, 0.017010254217198213, 0.0163444143903004, 0.031647510073665425, 0.013024118465209265], [0.8999736116026745, 0.021908078606942896, 0.019179223611088217, 0.015575077067584625, 0.03251019494902756, 0.01085381416268224], [0.9232014877234974, 0.028121540743269228, 0.026037784409309657, 0.005999420873579839, 0.011593593284554705, 0.00504617296578922], [0.00961808645542388, 0.024030771865510912, 0.005015868391879317, 0.005015868391879317, 0.9513035365034272, 0.005015868391879317], [0.95678509766256, 0.023177651096840137, 0.00500931281014995, 0.00500931281014995, 0.00500931281014995, 0.00500931281014995], [0.95575220284846, 0.024218633537476095, 0.005007290903515981, 0.005007290903515981, 0.005007290903515981, 0.005007290903515981], [0.9548075062553493, 0.025170148164194103, 0.005005586395114164, 0.005005586395114164, 0.005005586395114164, 0.005005586395114164], [0.9475326047836473, 0.03207152410095164, 0.004999367772486136, 0.004999367772486136, 0.005397767797942701, 0.004999367772486136], [0.03870331477186568, 0.06805373795120373, 0.005033442567549417, 0.007314540018360044, 0.8758615221234717, 0.005033442567549417], [0.875442217023693, 0.08861713947262483, 0.005005806593021025, 0.007144835670812389, 0.01878419464682779, 0.005005806593021025], [0.8784034942587999, 0.0450243942505114, 0.04350874885028896, 0.00675582170545041, 0.021302238705366155, 0.005005302229583162], [0.9057406412001674, 0.03167549716146051, 0.009893451131940944, 0.0172467928762035, 0.02533925017554537, 0.010104367454682205], [0.7953227811894792, 0.06533934485248212, 0.09073975098082104, 0.010356443247238716, 0.03323688307254676, 0.00500479665743211], [0.8006172781698482, 0.1467620314227685, 0.005020248114449156, 0.009467615119051897, 0.03311257905943305, 0.005020248114449156], [0.8588716732156255, 0.10044033159682579, 0.005015083664378418, 0.00716185681714091, 0.023495971041650788, 0.005015083664378418], [0.8778986418411227, 0.08229204947333751, 0.005001391308930389, 0.007140303433920532, 0.022666222633758455, 0.005001391308930389], [0.8736643256352723, 0.08159871444682026, 0.005002555920155651, 0.0076522704009994716, 0.027079577676596623, 0.005002555920155651], [0.8650426581744536, 0.08906993599130579, 0.005005083191990838, 0.00783644095032476, 0.028040798499934273, 0.005005083191990838], [0.06954193422023519, 0.11147071646810999, 0.005057368771825857, 0.009866296081204708, 0.7990063156867984, 0.005057368771825857], [0.7743725507571699, 0.1587222291448, 0.005003317677456831, 0.011932603678873468, 0.04496598106424293, 0.005003317677456831], [0.7737188647969432, 0.16622611402080245, 0.005012779156338677, 0.01128268431709083, 0.038746778552486115, 0.005012779156338677], [0.7826754893656355, 0.16220926244606101, 0.0050169931340179824, 0.010162160679630642, 0.03491910124063687, 0.0050169931340179824], [0.8698758664020187, 0.04576058852481464, 0.05533458863089138, 0.006374667674189915, 0.01763099808164429, 0.005023290686441035], [0.9248110180971599, 0.01780639866555197, 0.012932049583635878, 0.011178203116828904, 0.0256226455461059, 0.007649684990717349]], [[0.9358658378251565, 0.012302107824924035, 0.011441053807637568, 0.00950056873077291, 0.023594478668228433, 0.007295953143280627], [0.858605277865159, 0.04750911881638984, 0.0594447779565135, 0.007556961014578894, 0.021827883296169116, 0.0050559810511898225], [0.7690912416904149, 0.17094216793954295, 0.005023616872336569, 0.010544327574086488, 0.03937502905128264, 0.005023616872336569], [0.0935796457306128, 0.17466503037173498, 0.005017427496595529, 0.01189010604410215, 0.709830362860359, 0.005017427496595529], [0.7780565134730876, 0.1641818840205926, 0.0050166188261086975, 0.01041887585630076, 0.03730948899780161, 0.0050166188261086975], [0.8545149801519354, 0.10270926313916809, 0.0050268865104628425, 0.0072217134326126, 0.025500270255358254, 0.0050268865104628425], [0.055603195618497414, 0.08281013762948694, 0.005002838611957902, 0.007136348472482429, 0.8444446410556173, 0.005002838611957902], [0.8874940967199351, 0.07373609312477286, 0.005003890421292265, 0.007006277105030806, 0.02175575220767662, 0.005003890421292265], [0.8792673310829298, 0.07439325934173804, 0.005009820343548607, 0.007056385419082678, 0.02926338346915245, 0.005009820343548607], [0.07312387404301063, 0.1056930680494826, 0.00504266386871708, 0.008097914629964929, 0.8029998155401077, 0.00504266386871708], [0.0952957330509972, 0.13841731940791874, 0.005008186847595763, 0.01122755956782547, 0.7450430142780671, 0.005008186847595763], [0.7734099636710222, 0.1621391796038863, 0.005009810697554903, 0.011449691567184929, 0.04298154376279666, 0.005009810697554903], [0.7517752300147558, 0.17341844035183182, 0.005032949930946764, 0.012414514687786593, 0.05232591508373238, 0.005032949930946764], [0.4661582862773261, 0.2901888863014498, 0.005015821094741587, 0.022699283764397813, 0.21092190146734313, 0.005015821094741587], [0.7619775035551145, 0.15606296601999461, 0.005026887123242251, 0.012511937379769392, 0.059393818798637074, 0.005026887123242251], [0.05303426062785164, 0.02932767578208705, 0.03980382229390787, 0.02003850285776967, 0.045264224653560246, 0.8125315137848234], [0.8939314963713612, 0.02344395765933006, 0.019785895370825146, 0.019310330586109495, 0.028130370817023485, 0.015397949195350796], [0.8879794775978267, 0.023325167289399585, 0.02064864909778832, 0.018692602143179197, 0.034027818509208094, 0.01532628536259815], [0.9229375380511766, 0.03012357775741213, 0.024695989846243584, 0.005999786648933216, 0.011196776288301541, 0.005046331407933008], [0.9211785605462347, 0.04862068489396686, 0.0050776349041064565, 0.007234433159928551, 0.012811051591656988, 0.0050776349041064565], [0.9540619418131544, 0.02592069590936033, 0.005004340569371307, 0.005004340569371307, 0.005004340569371307, 0.005004340569371307], [0.01017172199729374, 0.023126990651818065, 0.005017629605710884, 0.005017629605710884, 0.9516483985337555, 0.005017629605710884], [0.9497755520589563, 0.030225699515214702, 0.004999687106457296, 0.004999687106457296, 0.004999687106457296, 0.004999687106457296], [0.8978359265684009, 0.06750956865069858, 0.005020503206872901, 0.007161458098302573, 0.017452040268851995, 0.005020503206872901], [0.876657167524562, 0.08634460069502428, 0.005003648818327773, 0.007141008910418878, 0.01984992523333922, 0.005003648818327773], [0.8579456234603833, 0.10352622109789232, 0.005021345017647389, 0.0071709981574833975, 0.02131446724894615, 0.005021345017647389], [0.7757861419790594, 0.16680672301236635, 0.005017231071855904, 0.009922257470190994, 0.03745041539467146, 0.005017231071855904], [0.7660555486019831, 0.07405522158387093, 0.10442334286666624, 0.012332070927981371, 0.038112724422955324, 0.005021091596543017], [0.9036295054143066, 0.03255008763150316, 0.010305512820429404, 0.01834742597927064, 0.024726294255696463, 0.010441173898793841], [0.7948189065328914, 0.06358844092771299, 0.08840860091198202, 0.011108545010752964, 0.037070916467460586, 0.005004590149200067], [0.7948963398301391, 0.14419569705203164, 0.005007982315061397, 0.010218958448295748, 0.04067304003941082, 0.005007982315061397], [0.860642960662395, 0.09439929278368271, 0.005009331684542368, 0.007381126271691999, 0.027557956913145606, 0.005009331684542368], [0.8627866783254609, 0.08839208709675792, 0.005008825425962369, 0.008438417917763839, 0.030365165808092696, 0.005008825425962369], [0.07799282642848845, 0.1057657241407428, 0.005074926139655362, 0.010297926922504492, 0.7957936702289535, 0.005074926139655362], [0.10899537567789562, 0.16126118008732032, 0.005003880674358294, 0.014291249090384438, 0.7054444337956831, 0.005003880674358294], [0.7611847564395315, 0.17039850512730656, 0.005012447445845804, 0.012954445323698452, 0.04543739821777193, 0.005012447445845804], [0.7460771387111564, 0.1771766938483784, 0.005028577396559749, 0.013725507987161326, 0.05296350466018434, 0.005028577396559749], [0.7662089688720894, 0.17307076374818478, 0.0050194607820909015, 0.012099985516919926, 0.03858136029862399, 0.0050194607820909015], [0.08119862325291287, 0.07787925186102435, 0.08193143453545247, 0.011620477197074078, 0.742362540948034, 0.005007672205502157], [0.9184093430532357, 0.018388177573153343, 0.014068213413320768, 0.013477210915321369, 0.025488764800118826, 0.010168290244849979]], [[0.9295504632149796, 0.014023271589702421, 0.01229913141612249, 0.010994767308123238, 0.024796390715541593, 0.008335975755530738], [0.7863286292524596, 0.06919726621205717, 0.09129320869539652, 0.011913257144885402, 0.03626284423684684, 0.005004794458354407], [0.7564333372053935, 0.17924171808092515, 0.005036614332494639, 0.01153527919944899, 0.042716436849243, 0.005036614332494639], [0.7571498215088167, 0.17689387885950186, 0.0050320609723432845, 0.011543144273718423, 0.04434903341327643, 0.0050320609723432845], [0.09548752237387115, 0.17893396752757884, 0.005024056399310796, 0.011760204108380176, 0.7037701931915483, 0.005024056399310796], [0.119327089740863, 0.1498406570112096, 0.0050062533107235515, 0.011324638456493634, 0.7094951081699865, 0.0050062533107235515], [0.8581752420923399, 0.09371724092188684, 0.005018222350077074, 0.007971035515103272, 0.030100036770515898, 0.005018222350077074], [0.08746093433707396, 0.08319711353850566, 0.005001305667032316, 0.0077896773582481664, 0.8115496634321075, 0.005001305667032316], [0.8217579585538287, 0.1118336386562645, 0.005035691191337449, 0.010808665106255924, 0.0455283553009758, 0.005035691191337449], [0.06853221070451175, 0.08281158595119799, 0.005025638126898862, 0.007816752765424494, 0.830788174325068, 0.005025638126898862], [0.07346547756897265, 0.0956758921409007, 0.005051630068814111, 0.009241427868448455, 0.81151394228405, 0.005051630068814111], [0.794063302790374, 0.13852501408832804, 0.005003383278610903, 0.011200382531170002, 0.04620453403290626, 0.005003383278610903], [0.7454734177316943, 0.15994030723654593, 0.005007319055894137, 0.01214771406416403, 0.07242392285580743, 0.005007319055894137], [0.7614468835408278, 0.1649611689286798, 0.005018067384590022, 0.012293160977464404, 0.05126265178384806, 0.005018067384590022], [0.7655502009522793, 0.16585496324114832, 0.005015455050728437, 0.01144255969757058, 0.04712136600754489, 0.005015455050728437], [0.8041864952297384, 0.13257146526061764, 0.005016110652844223, 0.009559072780959082, 0.04365074542299647, 0.005016110652844223], [0.0493114399786714, 0.02356480219081804, 0.034161542790587834, 0.013782752787390318, 0.04711059783362083, 0.8320688644189116], [0.904790437509099, 0.035407544060223076, 0.03212220346272112, 0.005964002591621743, 0.016704335883571494, 0.005011476492763479], [0.905594298017131, 0.06144050448371856, 0.005035602093511538, 0.007182749059378081, 0.01571124425274925, 0.005035602093511538], [0.9531965617426268, 0.026791135124396015, 0.005003075783244278, 0.005003075783244278, 0.005003075783244278, 0.005003075783244278], [0.9528187541178738, 0.027170832036582767, 0.005002603461385877, 0.005002603461385877, 0.005002603461385877, 0.005002603461385877], [0.9533824825051693, 0.026604248340433848, 0.0050033172885991855, 0.0050033172885991855, 0.0050033172885991855, 0.0050033172885991855], [0.9118511563039904, 0.05566181353119298, 0.0050504741733162556, 0.007202752529337738, 0.01518332928884653, 0.0050504741733162556], [0.8904796797899928, 0.0737367325395711, 0.005010384644778508, 0.007148928748629683, 0.018613889632249456, 0.005010384644778508], [0.057136710639080865, 0.10558519556351198, 0.005021065060219166, 0.007475354216438016, 0.8197606094605308, 0.005021065060219166], [0.7841496611384478, 0.15909729873528627, 0.005013440220322964, 0.009456442064566957, 0.03726971762105322, 0.005013440220322964], [0.7679802718388491, 0.17370105218772547, 0.005023189862685168, 0.010913457164105246, 0.03735883908394988, 0.005023189862685168], [0.7416926844692875, 0.19110131947010917, 0.005051721976004974, 0.012044616667148301, 0.045057935441445, 0.005051721976004974], [0.4857765336689183, 0.07975227182577968, 0.16799310588590927, 0.02036171761861249, 0.24111378190952734, 0.005002589091252947], [0.8922280141054505, 0.02503883086921164, 0.02119988859173301, 0.02028507222083199, 0.0263330411046619, 0.014915153108111041], [0.08612270700972499, 0.06224678429319773, 0.08183971708760293, 0.010230485148496267, 0.7545346706352251, 0.005025635825753073], [0.1009478119376887, 0.13605872792148663, 0.0050141008131840996, 0.012007230085342789, 0.7409580284291136, 0.0050141008131840996], [0.8398638160457473, 0.10014084320597094, 0.005064387457133251, 0.009756448141867788, 0.0401101176921474, 0.005064387457133251], [0.10863462927756648, 0.14444922614859135, 0.0050063484583584405, 0.013175804549015806, 0.7237276431081094, 0.0050063484583584405], [0.7747025805843242, 0.14995006899552532, 0.005004073939360855, 0.012990855068104441, 0.05234834747332427, 0.005004073939360855], [0.757527587304788, 0.16201511068128535, 0.00501387517321911, 0.014971174380980126, 0.05545837728650825, 0.00501387517321911], [0.44873159574598814, 0.30404640827568624, 0.005021417580248332, 0.024496990173170922, 0.21268217064465803, 0.005021417580248332], [0.7549969433445537, 0.17649271807841088, 0.005021259302044506, 0.012765527740233292, 0.045702292232713056, 0.005021259302044506], [0.7853353320008749, 0.06796932979297528, 0.09681967767555222, 0.01115060996658028, 0.03371764731720797, 0.005007403246809275], [0.9147811708535722, 0.017044252147714403, 0.014590721901906472, 0.013628769827423896, 0.029166857822408177, 0.010788227446974812]], [[0.9300401822769879, 0.013656938717425137, 0.012775988226356918, 0.011056526369846982, 0.024268131305253095, 0.008202233104130067], [0.7808980828797141, 0.06604426475858956, 0.0998850592227318, 0.011860986718713095, 0.036294823532429916, 0.0050167828878216175], [0.7533472513703848, 0.1805074626788445, 0.005039405916263145, 0.011805970920759136, 0.04426050319748519, 0.005039405916263145], [0.4655793917563926, 0.2993722022333328, 0.005027586601061857, 0.02363372525930717, 0.20135950754884363, 0.005027586601061857], [0.7640767149385178, 0.1687391151255209, 0.005018083480719634, 0.011800656494215377, 0.045347346480306666, 0.005018083480719634], [0.775290885148517, 0.15410221555499368, 0.005004189043015976, 0.012522886338635625, 0.04807563487182181, 0.005004189043015976], [0.7835058793677413, 0.1438388633659778, 0.005004529342344585, 0.01193863305302111, 0.05070756552857058, 0.005004529342344585], [0.11908323805640997, 0.13342627745106242, 0.005027463602922201, 0.012158002442349203, 0.725277554844334, 0.005027463602922201], [0.8046311857958868, 0.1258335478371167, 0.005012380675208279, 0.012124029062057637, 0.047386475954522285, 0.005012380675208279], [0.09845158575100493, 0.12305630152093236, 0.0050256406501132415, 0.011445062249066097, 0.7569957691787701, 0.0050256406501132415], [0.8669905142504455, 0.08280895968775265, 0.005014898810355282, 0.008172792378836379, 0.03199793606225492, 0.005014898810355282], [0.0824746915816971, 0.12296821620119834, 0.005089227755651069, 0.010335392121730897, 0.7740432445840716, 0.005089227755651069], [0.7687796371756543, 0.1579568679333528, 0.0050124497815491826, 0.012573800621833034, 0.050664794706061556, 0.0050124497815491826], [0.7671400946452342, 0.15674662704268028, 0.005012583847108648, 0.01279945366872106, 0.053288656949147105, 0.005012583847108648], [0.8084674243717833, 0.13477397091247714, 0.005013953295299784, 0.00927044793423773, 0.037460250190902315, 0.005013953295299784], [0.8552063259367572, 0.09858503131288342, 0.005017072579714162, 0.007331612701882088, 0.028842884889049028, 0.005017072579714162], [0.04471636105259466, 0.06905004965848083, 0.005021415337699023, 0.007300827202837118, 0.8688899314106894, 0.005021415337699023], [0.03863142710658424, 0.06436343858230194, 0.005040772553890434, 0.007325038155221216, 0.8795985510481118, 0.005040772553890434], [0.9489565202154935, 0.030685702827837082, 0.004999845859015675, 0.004999845859015675, 0.005358239379622361, 0.004999845859015675], [0.948202275744216, 0.030865659029305416, 0.005000370941956788, 0.005000370941956788, 0.0059309524006082165, 0.005000370941956788], [0.9525366344435492, 0.02745456946302233, 0.005002199023357094, 0.005002199023357094, 0.005002199023357094, 0.005002199023357094], [0.9518582687464091, 0.028135891534169514, 0.0050014599298553505, 0.0050014599298553505, 0.0050014599298553505, 0.0050014599298553505], [0.9454095290125739, 0.03442129054725039, 0.004999417246939296, 0.004999417246939296, 0.0051709286993579014, 0.004999417246939296], [0.04864019584597935, 0.08196998318658948, 0.005003711957680609, 0.007279647276598766, 0.8521027497754711, 0.005003711957680609], [0.05121712441339769, 0.09500487782030517, 0.005004764410228712, 0.007282436381241461, 0.8364860325645982, 0.005004764410228712], [0.8461983466620132, 0.11270833926214376, 0.005044024454462673, 0.007205946381597878, 0.023799318785319847, 0.005044024454462673], [0.08578581868935893, 0.17002446314910372, 0.005015975802995945, 0.01112022827118635, 0.723037538284359, 0.005015975802995945], [0.7517508224354567, 0.18187948604808893, 0.0050311058343172855, 0.012100106144328274, 0.044207373703491495, 0.0050311058343172855], [0.7623886892583157, 0.0748944249955222, 0.0997516567094674, 0.013877574950086765, 0.04406376615334257, 0.005023887933265442], [0.8925049657009608, 0.022845458355849745, 0.02183196461299827, 0.019590474864854504, 0.027572726504534458, 0.015654409960802158], [0.796432791114845, 0.06284326414019274, 0.08352785207041755, 0.011499465316487139, 0.040688827431832574, 0.005007799926225154], [0.8503679471159419, 0.09825975141679019, 0.005026239735772433, 0.008458015913797289, 0.03286180608192569, 0.005026239735772433], [0.7970461729772563, 0.13149830505686927, 0.0050121537714735345, 0.011988477286769019, 0.04944273713615829, 0.0050121537714735345], [0.8421552374896023, 0.09766361571932833, 0.005058936894825126, 0.010241949530368904, 0.03982132347105021, 0.005058936894825126], [0.7807378405750863, 0.14201959576418546, 0.005007630939873183, 0.013161573531925224, 0.054065728249056616, 0.005007630939873183], [0.7734315046187324, 0.14996046548872183, 0.005004030862914243, 0.013934669724551752, 0.05266529844216558, 0.005004030862914243], [0.1229927208604843, 0.17833951496254188, 0.005040961299677785, 0.014863723845896924, 0.6737221177317214, 0.005040961299677785], [0.09378598842000573, 0.1773551611737333, 0.0050138132482832375, 0.013338510838221502, 0.705492713071473, 0.0050138132482832375], [0.8030068516641115, 0.06702542491282276, 0.08512718557219677, 0.010106018285120108, 0.029728586567494927, 0.0050059329982540274], [0.9169737552501552, 0.016540838430989874, 0.014501521814744952, 0.012547910713238235, 0.029977072897317825, 0.009458900893553944]], [[0.9305993049058953, 0.012578760931275173, 0.01116233783346897, 0.009451375796698941, 0.028948691431095453, 0.007259529101566133], [0.796772945279063, 0.06493595156820066, 0.08645185840278836, 0.011261846998104267, 0.035575292810261026, 0.0050021049415828025], [0.7555269424572506, 0.17960986551867536, 0.005036985516644156, 0.012026993999280696, 0.04276222699150497, 0.005036985516644156], [0.10856903850298398, 0.17833482181768595, 0.005030711418541829, 0.013422562553347546, 0.6896121542888989, 0.005030711418541829], [0.7478072731988606, 0.16772902932494094, 0.005023324924829878, 0.01212500065655986, 0.06229204696997888, 0.005023324924829878], [0.7721980660855289, 0.15053964639448136, 0.005011674702898641, 0.012540251403942918, 0.05469868671024961, 0.005011674702898641], [0.785772972807128, 0.1371239913377415, 0.0050118854297981665, 0.01231960792619388, 0.05475965706934041, 0.0050118854297981665], [0.7797252181380888, 0.1477280484676814, 0.005002334277158128, 0.013321756165921034, 0.04922030867399247, 0.005002334277158128], [0.7775875980050073, 0.14761433839545643, 0.00500501382410584, 0.0132677651167868, 0.05152027083453767, 0.00500501382410584], [0.7691512765088322, 0.16054599286798993, 0.005008019353388567, 0.012571169653340042, 0.04771552226306076, 0.005008019353388567], [0.795976985863382, 0.12970763506795863, 0.005012206086892256, 0.01228481182862905, 0.052006155066245806, 0.005012206086892256], [0.8000120403494703, 0.1253487670967188, 0.005017311692953264, 0.012119257783190528, 0.05248531138471385, 0.005017311692953264], [0.7918207336922972, 0.1281179884774946, 0.005021598229361089, 0.013132643539567189, 0.05688543783191881, 0.005021598229361089], [0.787971830342365, 0.14368923180712964, 0.005030044588157706, 0.011582020948064417, 0.04669682772612552, 0.005030044588157706], [0.06814721171164477, 0.09719613993840644, 0.005035407705406083, 0.008267946248505223, 0.8163178866906314, 0.005035407705406083], [0.88919678693714, 0.07413265035097238, 0.005008659672759432, 0.007147766000770433, 0.01950547736559826, 0.005008659672759432], [0.8989495627972023, 0.06704551120992387, 0.005022629882676667, 0.007164947043311044, 0.016794719184209418, 0.005022629882676667], [0.9474540670703625, 0.032135323863515, 0.004999371538117628, 0.004999371538117628, 0.00541249445176971, 0.004999371538117628], [0.9477152082506287, 0.03152472643845709, 0.004999872057971396, 0.004999872057971396, 0.005760449137000059, 0.004999872057971396], [0.010364999007612334, 0.026993854319334324, 0.005008793653678905, 0.005008793653678905, 0.9476147657120166, 0.005008793653678905], [0.01019273631082107, 0.02624189899293269, 0.005010392971438584, 0.005010392971438584, 0.9485341857819305, 0.005010392971438584], [0.9510861193377753, 0.028911230171890796, 0.00500066262258345, 0.00500066262258345, 0.00500066262258345, 0.00500066262258345], [0.9461259963742134, 0.03312116119585452, 0.004999648570924841, 0.004999648570924841, 0.005753896717157641, 0.004999648570924841], [0.8945470220230183, 0.06992423472695948, 0.005015317110004158, 0.0071557905274857525, 0.018342318502528127, 0.005015317110004158], [0.8756430275954583, 0.08580793709785778, 0.005002098736981325, 0.0071419627018444775, 0.021402875130876763, 0.005002098736981325], [0.05538278203111271, 0.09920605024516914, 0.005009436686472196, 0.007652001702910793, 0.827740292647863, 0.005009436686472196], [0.8459576795868429, 0.11058452305516302, 0.005039428246681738, 0.007199237512404994, 0.026179703352225577, 0.005039428246681738], [0