{"prediction": [[[0.8952620722665299, 0.01619739704636187, 0.01442571140478023, 0.010613525478173578, 0.052887768325980807, 0.010613525478173578], [0.8865091035223643, 0.01991900970740999, 0.015616953206412494, 0.0107349226732819, 0.05648508821724941, 0.0107349226732819], [0.8861636631714089, 0.017737290996384516, 0.012280884612312826, 0.010864491516114558, 0.06208917818766456, 0.010864491516114558], [0.8915243037107855, 0.01629558786496069, 0.010785619709899656, 0.010785619709899656, 0.05982324929455488, 0.010785619709899656], [0.8825835326728002, 0.015419670024322237, 0.011051032767212077, 0.011051032767212077, 0.06884369900124132, 0.011051032767212077], [0.8806726045591275, 0.01591212422832107, 0.011094544112936332, 0.011094544112936332, 0.07013163887374246, 0.011094544112936332], [0.8827021348940738, 0.016846434849414824, 0.011012826309545112, 0.011012826309545112, 0.06741295132787592, 0.011012826309545112], [0.8790246057719316, 0.015738559932333456, 0.011147362841535346, 0.011147362841535346, 0.07179474577112874, 0.011147362841535346], [0.8903383451105017, 0.016223087501293594, 0.01081728314447505, 0.01081728314447505, 0.06098671795477959, 0.01081728314447505], [0.8786969605907657, 0.01647418755213749, 0.011138490950618394, 0.011138490950618394, 0.07141337900524167, 0.011138490950618394], [0.8735374964166233, 0.017698784420336632, 0.011263812926721248, 0.011263812926721248, 0.07497228038287626, 0.011263812926721248], [0.8791116215378587, 0.017570965693068312, 0.011099522135144197, 0.011099522135144197, 0.07001884636364049, 0.011099522135144197], [0.8883223724269359, 0.01680960527435218, 0.0108582270306626, 0.0108582270306626, 0.06229334120672409, 0.0108582270306626], [0.9087946374456096, 0.013197096481378871, 0.009999183413806234, 0.009999183413806234, 0.048010715831592755, 0.009999183413806234], [0.9043601775392458, 0.014011026441389275, 0.00999927641798226, 0.00999927641798226, 0.051630966765418077, 0.00999927641798226], [0.887187713313829, 0.016667210278576535, 0.010891854272224989, 0.010891854272224989, 0.06346951359091971, 0.010891854272224989], [0.8670768387783797, 0.015380190864940236, 0.011533183805170103, 0.011533183805170103, 0.0829434189411698, 0.011533183805170103], [0.8891796998434562, 0.015561628462577363, 0.01086292877486504, 0.01086292877486504, 0.06266988536937124, 0.01086292877486504], [0.8946262292888143, 0.01602337386448787, 0.010711470111096109, 0.010711470111096109, 0.05721598651340962, 0.010711470111096109], [0.8823548774647447, 0.01620846967616308, 0.011038003393987438, 0.011038003393987438, 0.06832264267712997, 0.011038003393987438], [0.8892567243848752, 0.01827912934416985, 0.010802580136879819, 0.010802580136879819, 0.0600564058603154, 0.010802580136879819], [0.8900060419318305, 0.01615918751079595, 0.010827743130122176, 0.010827743130122176, 0.06135154116700719, 0.010827743130122176], [0.8763432217763625, 0.0171518498146166, 0.011191682485737174, 0.011191682485737174, 0.07292988095180931, 0.011191682485737174], [0.8933583904172945, 0.014931651953726626, 0.010766650608903236, 0.010766650608903236, 0.05941000580226926, 0.010766650608903236], [0.8866559728519359, 0.01644366996181761, 0.010911153436325498, 0.010911153436325498, 0.06416689687727009, 0.010911153436325498], [0.9129831967996361, 0.01260191130184131, 0.009999097779319434, 0.009999097779319434, 0.04441759856056412, 0.009999097779319434], [0.9025091785720172, 0.013306053530450739, 0.00999933971229664, 0.00999933971229664, 0.05418674876064228, 0.00999933971229664], [0.909492633805436, 0.012880388062599214, 0.009999172839614434, 0.009999172839614434, 0.04762945961312134, 0.009999172839614434], [0.8727174692428691, 0.015143067763075502, 0.011357313430287102, 0.011357313430287102, 0.07806752270319406, 0.011357313430287102], [0.8950173204050146, 0.015157515113198615, 0.010719868885317698, 0.010719868885317698, 0.0576655578258337, 0.010719868885317698], [0.8860170432560684, 0.016695610426784246, 0.010923424397036512, 0.010923424397036512, 0.06451707312603784, 0.010923424397036512], [0.8865702741611313, 0.01703301287076991, 0.01090081214131582, 0.01090081214131582, 0.0636942765441513, 0.01090081214131582], [0.9040723665116035, 0.01644786545919435, 0.010485241230523345, 0.010485241230523345, 0.04802404433763229, 0.010485241230523345], [0.8839089168024898, 0.018209436807677462, 0.010948618692628222, 0.010948618692628222, 0.06503579031194806, 0.010948618692628222], [0.8793982726914585, 0.018109497587870838, 0.011078574029598123, 0.011078574029598123, 0.06925650763187612, 0.011078574029598123], [0.884484026775852, 0.017122275463401004, 0.010956481377761867, 0.010956481377761867, 0.06552425362746137, 0.010956481377761867], [0.8717706019640967, 0.017132897344690635, 0.011334119537273517, 0.011334119537273517, 0.07709414207939223, 0.011334119537273517], [0.8790171479437612, 0.016885733654804044, 0.011119443941176775, 0.011119443941176775, 0.07073878657790442, 0.011119443941176775], [0.8888221161826658, 0.019165799696432426, 0.013315799319838532, 0.01074010071383891, 0.05721608337338528, 0.01074010071383891], [0.9064570408747518, 0.014180472217373294, 0.012261825357258564, 0.010440900271720021, 0.04621886100717616, 0.010440900271720021]], [[0.8882734860443391, 0.02015921613991861, 0.01379433906431296, 0.010724937945099943, 0.05632308286122941, 0.010724937945099943], [0.8508852123574044, 0.05118347464571909, 0.036320554490078774, 0.01438489020192215, 0.03637901596997335, 0.010846852334902301], [0.8718399473074377, 0.044553671681477856, 0.03301390893927322, 0.014256864482873199, 0.02556767391428882, 0.010767933674649115], [0.8557117735515599, 0.04799143350747196, 0.036395357946541404, 0.014414516388059627, 0.034612493377322966, 0.010874425229044056], [0.8572323793746689, 0.04738283143230237, 0.03281070205764871, 0.014169110773409793, 0.03770546918062617, 0.010699507181343952], [0.8645591055687228, 0.04051551802034928, 0.033397665767136035, 0.021707461906624027, 0.028916578124220292, 0.010903670612947582], [0.8681069320404238, 0.03960943758345919, 0.03296302872778903, 0.014234892159591983, 0.03432201053307613, 0.010763698955659986], [0.8889691651155701, 0.03292785215438383, 0.025461313151889934, 0.011544176851247258, 0.030739820406364447, 0.010357672320544372], [0.4028025953104344, 0.050690619274285566, 0.036038899798195106, 0.036038899798195106, 0.22594312375883766, 0.24848586206005213], [0.8920063694283443, 0.032328410715183845, 0.025478237939033737, 0.011551850561349804, 0.028272522103504758, 0.01036260925258359], [0.8559388591155315, 0.05078827612614091, 0.03335299019417583, 0.014403293891343826, 0.034649743295732525, 0.01086683737707548], [0.08591162937602816, 0.032682725284828025, 0.0384079959239903, 0.015012991024158293, 0.8168257592580991, 0.011158899132896173], [0.8573630426618326, 0.051257737342148064, 0.03334140454999991, 0.014398290698616142, 0.032768329480256674, 0.010871195267146595], [0.07653962292653485, 0.03091978477125712, 0.021377475451958484, 0.009999670858029516, 0.8511637751341906, 0.009999670858029516], [0.9087016309080809, 0.03143536818567887, 0.021280587221046025, 0.009999688010354488, 0.018583037664485293, 0.009999688010354488], [0.8983878028900221, 0.03276570499450139, 0.025513550957109877, 0.011567861507972633, 0.021392699919329263, 0.010372379731064838], [0.8887647553523196, 0.04005258753420247, 0.025437565538418146, 0.01153340966700668, 0.023886312646947513, 0.010325369261105565], [0.06208169462826812, 0.030563363438640287, 0.025533517464439184, 0.01139029736326686, 0.8600644534023698, 0.010366673703015639], [0.8829206467404823, 0.040999964555622374, 0.025421594413310745, 0.011526168347925716, 0.028817735697886912, 0.010313890244771902], [0.897799594119767, 0.03423899093132238, 0.025504582559524827, 0.011563795230354654, 0.020526954393976376, 0.010366082765054907], [0.05155310779048763, 0.03133117890847605, 0.025574899359085943, 0.011408757494587909, 0.8697561029149004, 0.01037595353246213], [0.02666338504632679, 0.020421177798162795, 0.015497342893760438, 0.010082167990631705, 0.9172537582804866, 0.010082167990631705], [0.9254168554320571, 0.028416160262481133, 0.015168832624856758, 0.01003868090784745, 0.010920789864910112, 0.01003868090784745], [0.9248118703434589, 0.027325174995376872, 0.01518325051013343, 0.010043958252469757, 0.012591787646091238, 0.010043958252469757], [0.03610735542815661, 0.02639655151418362, 0.015582899588610803, 0.010119565976116235, 0.9016740615168165, 0.010119565976116235], [0.9311921615594718, 0.02256170596625021, 0.012709347156166693, 0.009999419106599683, 0.013537947104911898, 0.009999419106599683], [0.9112096924273794, 0.02828915681384315, 0.021320444892735955, 0.00999969479541048, 0.01918131627522069, 0.00999969479541048], [0.9079704022221193, 0.030212964863536747, 0.021293726067026612, 0.009999689730739602, 0.020523527385838132, 0.009999689730739602], [0.06843835355608271, 0.02760024924993675, 0.025576605759153347, 0.011409518705972729, 0.8565916155425417, 0.01038365718631284], [0.8901757366918361, 0.038493212084668375, 0.025478121252769804, 0.011551797655717682, 0.023967742666181575, 0.010333389648826444], [0.10137305740060881, 0.04341252088585344, 0.03492352595694368, 0.022013422140324024, 0.7873035035781317, 0.010973970038138218], [0.07788364831188367, 0.03928049855696633, 0.03549478359207027, 0.015027739508445423, 0.8211551642648742, 0.011158165765760033], [0.16502754257115096, 0.057221764910707136, 0.03489173228455409, 0.014772420358912554, 0.7171487634142504, 0.010937776460424944], [0.10886346471171618, 0.04531856841813137, 0.0349097934942615, 0.022004766127227817, 0.7779601891645777, 0.010943218084085483], [0.849843159074256, 0.05578979420043026, 0.033239760027123255, 0.014354396105450293, 0.03594668047895116, 0.010826210113789047], [0.8792208589956377, 0.0411567544330725, 0.025439422126558375, 0.0115342514453432, 0.032336413782397495, 0.010312299216990756], [0.8840672365126935, 0.04035730650440694, 0.02544832057030998, 0.011538286005845118, 0.02827133652680318, 0.010317513879941292], [0.8874719412337994, 0.040914156660062456, 0.02547849912308566, 0.011551968982378142, 0.024263452114208717, 0.010319981886465738], [0.030986679911187334, 0.02166206410623581, 0.015541454544715578, 0.010099352365847424, 0.9116110967061664, 0.010099352365847424], [0.8925330248292196, 0.02045742470571708, 0.01232126898648182, 0.010646875618077038, 0.05339453024242742, 0.010646875618077038]], [[0.8787296820566569, 0.018191475183562015, 0.011887976338218089, 0.011077425796281883, 0.06903601482899928, 0.011077425796281883], [0.08556431907319523, 0.03740806435564767, 0.03546135545642281, 0.01501358674390017, 0.8154095958846308, 0.011143078486203327], [0.822858328619075, 0.07756097434899696, 0.010734023683310107, 0.01515798011018104, 0.06295466955512687, 0.010734023683310107], [0.08373526561001245, 0.07046254942669274, 0.01104517272370794, 0.01582082943032494, 0.807891010085554, 0.01104517272370794], [0.12835535705479106, 0.07952435198851858, 0.010790309647658453, 0.015456938767363931, 0.7550827328940095, 0.010790309647658453], [0.8593007740339524, 0.06117071362867299, 0.010729169265541766, 0.015148832178144207, 0.04292134162814686, 0.010729169265541766], [0.8695798484301028, 0.056056294529285955, 0.0107936871309953, 0.015239319649408278, 0.03753716312921245, 0.0107936871309953], [0.38243207208449437, 0.055609722095365244, 0.035653444851773304, 0.035653444851773304, 0.24526357038741384, 0.2453877457291799], [0.37229498282196066, 0.049063261844023966, 0.03568756482434889, 0.03568756482434889, 0.2616665880924352, 0.2456000375928825], [0.8544590367403684, 0.06867265686247305, 0.010681089766552888, 0.015080570801390865, 0.04042555606266197, 0.010681089766552888], [0.13059115556358453, 0.07647783247159111, 0.010809361889921218, 0.015482692009540616, 0.7558295961754413, 0.010809361889921218], [0.8447227373209673, 0.07488536816471689, 0.010809103319389115, 0.015260863815475601, 0.04351282406006196, 0.010809103319389115], [0.8534174126074525, 0.07604418363264306, 0.010847691632557083, 0.015316734582885103, 0.03352628591190523, 0.010847691632557083], [0.09740821563474296, 0.0647324104675484, 0.009999604301482124, 0.012703859162660706, 0.8051563061320837, 0.009999604301482124], [0.8820199920184658, 0.061175642724513875, 0.00999948188428784, 0.010796728586055307, 0.026008672902389285, 0.00999948188428784], [0.10452368912925483, 0.06361571608675098, 0.010307115080984548, 0.01306493464066284, 0.7981814299813623, 0.010307115080984548], [0.8698059303776274, 0.07035543572082942, 0.010285195492477382, 0.012970018935520534, 0.026298223981067893, 0.010285195492477382], [0.863975685207625, 0.06778674822126748, 0.010277949119415484, 0.012961050925895737, 0.03472061740638081, 0.010277949119415484], [0.8325578474121634, 0.09216433245615804, 0.010519628832567025, 0.014854671186445512, 0.03938389128009877, 0.010519628832567025], [0.8546349316453573, 0.07929353064116035, 0.010220123947543135, 0.01289091229460522, 0.0327403775237909, 0.010220123947543135], [0.8690544331350132, 0.07307436096228931, 0.010277299038451697, 0.012961988051074817, 0.02435461977471921, 0.010277299038451697], [0.8740196962338347, 0.06672021806754261, 0.010308296919676753, 0.012998517966249507, 0.025644973893019764, 0.010308296919676753], [0.9151516233712156, 0.042260660372418414, 0.01001057858593074, 0.01001057858593074, 0.012555980498573746, 0.01001057858593074], [0.035181824434459955, 0.04640332926121313, 0.01007711197708052, 0.01007711197708052, 0.8881835103730854, 0.01007711197708052], [0.9142037363731248, 0.04151823575805785, 0.0100165027156861, 0.0100165027156861, 0.014228519721759038, 0.0100165027156861], [0.895574162883161, 0.054250920931640204, 0.009999505696148553, 0.010870967756641876, 0.019304937036259923, 0.009999505696148553], [0.891497826369001, 0.05440483902665138, 0.009999499774987868, 0.01085316818698904, 0.023245166867382892, 0.009999499774987868], [0.8792331877399904, 0.06257309211965667, 0.009999477825216048, 0.010786119689310156, 0.027408644800610726, 0.009999477825216048], [0.831045952602492, 0.08581015050406571, 0.01053324759194748, 0.014876795506377096, 0.04720060620317015, 0.01053324759194748], [0.8295172642333605, 0.0940619174061781, 0.010502449383740887, 0.014833216531072425, 0.04058270306190727, 0.010502449383740887], [0.8468590611360715, 0.0799430628708253, 0.010613508804805329, 0.014988328875301542, 0.03698252950819109, 0.010613508804805329], [0.8161604401008434, 0.10010155774359288, 0.010607136446064827, 0.014980128765085046, 0.047543600498349034, 0.010607136446064827], [0.5761735433114693, 0.15302297075335444, 0.011334124209955318, 0.018990781105245, 0.22914445641002085, 0.011334124209955318], [0.8149246337140611, 0.09442306144076011, 0.01062686042711036, 0.015009641593401178, 0.054388942397556955, 0.01062686042711036], [0.8397734086721446, 0.08965194502126865, 0.010740838471679696, 0.015168819479640468, 0.0339241498835869, 0.010740838471679696], [0.8271452599126871, 0.09675708756214033, 0.01048636076255526, 0.014811634573411567, 0.0403132964266505, 0.01048636076255526], [0.860223909376338, 0.0715351676281322, 0.010256947881340189, 0.012937495996592588, 0.03478953123625689, 0.010256947881340189], [0.8667743574715511, 0.07048175104490922, 0.010275306224436103, 0.012961513420847738, 0.02923176561381971, 0.010275306224436103], [0.888306317499283, 0.04047684090066573, 0.026056730204725525, 0.011552845787556536, 0.023286890948694343, 0.010320374659074906], [0.8839074895882408, 0.01806259016570839, 0.010951657887617665, 0.010951657887617665, 0.06517494658319775, 0.010951657887617665]], [[0.8842303344813559, 0.017604098031182756, 0.011653584153559288, 0.01093747793857288, 0.06463702745675622, 0.01093747793857288], [0.1653463994789479, 0.0357214814182736, 0.03818432696319168, 0.014925562872283412, 0.7347459795295338, 0.011076249737769628], [0.6293986549638176, 0.114772956105005, 0.011741005299028601, 0.01965709068410855, 0.21268928764901157, 0.011741005299028601], [0.8433913903759803, 0.07352529856895347, 0.010809512953992205, 0.015269978188077444, 0.046194306959004304, 0.010809512953992205], [0.16587215804734515, 0.07983876499262425, 0.010738902517578265, 0.01538869840158589, 0.7174225735232881, 0.010738902517578265], [0.6160906920760513, 0.09635603458200534, 0.011861397321834109, 0.019852151020332085, 0.24397832767794295, 0.011861397321834109], [0.3882592481884847, 0.05251784592548992, 0.03579541819831609, 0.03579541819831609, 0.24125606718014636, 0.2463760023092468], [0.38283165757473864, 0.053844066386468874, 0.03569430793540634, 0.03569430793540634, 0.24618847222828327, 0.24574718793969658], [0.39756924159879115, 0.06894426229381756, 0.035616938356068384, 0.035616938356068384, 0.21703197089076254, 0.24522064850449204], [0.10606739040144705, 0.057631598047914144, 0.010836622327563838, 0.01551937468558416, 0.7991083922099269, 0.010836622327563838], [0.8330105581514783, 0.0759863259841097, 0.010764223317525788, 0.015199886000852317, 0.05427478322850807, 0.010764223317525788], [0.6352788481933541, 0.10977687738605368, 0.011488394959198862, 0.01922761192413337, 0.2127398725780612, 0.011488394959198862], [0.8286899858022064, 0.08196216129298402, 0.010722325548401164, 0.015141918941420593, 0.052761282866586635, 0.010722325548401164], [0.7188192075759405, 0.2197315512002854, 0.009999715375383208, 0.012918419941993303, 0.02853139053101439, 0.009999715375383208], [0.07779415931300088, 0.15372156179844926, 0.009999652584000665, 0.01287784139937171, 0.7356071323211768, 0.009999652584000665], [0.8533119790598054, 0.0781916039439012, 0.010221319666347557, 0.012891500433179767, 0.035162277230418364, 0.010221319666347557], [0.8576527473371411, 0.07636570296149693, 0.010235339845936373, 0.012910115165168545, 0.03260075484432063, 0.010235339845936373], [0.8384126573905272, 0.08178614118629286, 0.010723452385444475, 0.015141612961289621, 0.043212683691001536, 0.010723452385444475], [0.8514013993662334, 0.07389673682336242, 0.010650983805455864, 0.015039768903065595, 0.038360127296427, 0.010650983805455864], [0.08072235197261374, 0.06994477695015244, 0.010848912662865137, 0.015536099186149836, 0.8120989465653538, 0.010848912662865137], [0.8540150035351799, 0.07799496132100985, 0.010223138434074335, 0.012893945197019377, 0.03464981307864239, 0.010223138434074335], [0.873138357500634, 0.06821761673996304, 0.010301810982854386, 0.01298977312591613, 0.02505063066777808, 0.010301810982854386], [0.8717262412631519, 0.07039577162251676, 0.010292260092335184, 0.01297896169898867, 0.024314505230672207, 0.010292260092335184], [0.03977412898798874, 0.04895379357594026, 0.010108963732557315, 0.010108963732557315, 0.880945186238399, 0.010108963732557315], [0.8655365755883118, 0.07372601973249239, 0.010263436350253096, 0.012943696630020637, 0.027266835348669118, 0.010263436350253096], [0.8839554289894149, 0.06062706159105803, 0.009999484402569191, 0.010804729943222353, 0.024613810671166286, 0.009999484402569191], [0.8814796885616262, 0.06042468379085214, 0.009999482394094003, 0.010798771904430784, 0.0272978909549029, 0.009999482394094003], [0.8557631842890523, 0.07511630317178462, 0.009999564600467775, 0.012386804743902927, 0.0367345785943245, 0.009999564600467775], [0.11955254604603739, 0.07533020829706319, 0.010651362716662074, 0.015257393825798882, 0.7685571263977764, 0.010651362716662074], [0.8297662270950191, 0.09191216059079473, 0.010509086160451384, 0.014842275455908771, 0.04246116453737444, 0.010509086160451384], [0.8156014145104757, 0.10344506847896869, 0.010593941778883505, 0.014961683371895216, 0.04480395008089348, 0.010593941778883505], [0.11354525720834718, 0.09675857389633168, 0.010700335156645965, 0.015328696326888958, 0.7529668022551402, 0.010700335156645965], [0.1523269854715452, 0.09874753243732166, 0.010557774636725246, 0.02164564198003012, 0.7061642908376525, 0.010557774636725246], [0.8351476018534125, 0.08866476094711459, 0.010696574297733066, 0.02179123161284192, 0.033003256991164805, 0.010696574297733066], [0.1266793523065855, 0.10873876434566697, 0.010578083460636031, 0.01515717010032137, 0.7282685463261541, 0.010578083460636031], [0.8576025935808846, 0.07715779944130129, 0.010232873436830733, 0.012909853961953262, 0.03186400614219937, 0.010232873436830733], [0.8634475111490748, 0.07026971166049831, 0.010267712136330922, 0.012952658700039789, 0.032794694217725164, 0.010267712136330922], [0.8662324338519131, 0.07018176855234479, 0.010274657205891605, 0.012960449850204576, 0.030076033333754356, 0.010274657205891605], [0.9170934788942978, 0.02974297758936231, 0.015272848122770473, 0.010056087885855252, 0.017778519621858776, 0.010056087885855252], [0.8781468329708327, 0.017093750218198367, 0.011139886015743113, 0.011139886015743113, 0.07133975876373956, 0.011139886015743113]], [[0.8745871884506959, 0.018035743840783575, 0.011223480415952074, 0.011223480415952074, 0.0737066264606643, 0.011223480415952074], [0.8675728345845558, 0.04251021433252153, 0.03654577044046173, 0.014474087813672964, 0.027954459691444906, 0.010942633137342967], [0.8213242615289403, 0.07792637388090802, 0.010729552836485736, 0.015154037195789356, 0.06413622172139084, 0.010729552836485736], [0.8581906522709024, 0.0721384199282537, 0.010689101320722675, 0.015096259415663135, 0.03319646574373533, 0.010689101320722675], [0.8509181635068567, 0.07271416665623845, 0.01065250035403248, 0.015042788381026486, 0.04001988074781338, 0.01065250035403248], [0.37872031896000197, 0.06786146163114697, 0.035353470377824166, 0.035353470377824166, 0.23928886681413206, 0.2434224118390706], [0.8538571080663294, 0.06788567890392828, 0.010681381810929168, 0.015082937451001324, 0.04181151195688254, 0.010681381810929168], [0.41451600747921696, 0.07394855192946954, 0.03586487005710761, 0.03586487005710761, 0.19288616324941552, 0.2469195372276829], [0.40103721847427004, 0.0736754603872962, 0.03560119427484572, 0.03560119427484572, 0.20901459426126445, 0.24507033832747788], [0.14011178918639544, 0.08118591223536793, 0.010567737352570784, 0.015137144688692962, 0.7424296791844022, 0.010567737352570784], [0.8455112379387264, 0.08191437653450909, 0.010789770246712169, 0.015235589425212534, 0.0357592556081278, 0.010789770246712169], [0.825257718042973, 0.08001826227587486, 0.010723935922493232, 0.015142943303082732, 0.05813320453308302, 0.010723935922493232], [0.8583075138207975, 0.07403764374977911, 0.010685642029310539, 0.015086659028420582, 0.03119689934238179, 0.010685642029310539], [0.10632639038308668, 0.23559910302645026, 0.009999657236197909, 0.012894255461109809, 0.6251809366569574, 0.009999657236197909], [0.8637698241939921, 0.0748443250026178, 0.009999452974600658, 0.010706620140533762, 0.030680324713655092, 0.009999452974600658], [0.1442881843061341, 0.09724712661538806, 0.010455922340761812, 0.01497685177409864, 0.7225759926228555, 0.010455922340761812], [0.8133508204966307, 0.10404488863559166, 0.010418044269280639, 0.014711855457974186, 0.047056346871242306, 0.010418044269280639], [0.8485581233583863, 0.08085085584324718, 0.01061967397778973, 0.014994433663122272, 0.03435723917966486, 0.01061967397778973], [0.8133724582665302, 0.08383061845082812, 0.010591569224441396, 0.014956240055839488, 0.06665754477791956, 0.010591569224441396], [0.8412691239060556, 0.08676021727437452, 0.010571171936993114, 0.0149276799998031, 0.03590063494578067, 0.010571171936993114], [0.8247161451944998, 0.09864564844782941, 0.010472131504353084, 0.014787549115923952, 0.0409063942330407, 0.010472131504353084], [0.8482669039792138, 0.08478176064733146, 0.010191678020029214, 0.012853118626720082, 0.03371486070667624, 0.010191678020029214], [0.09945551615290313, 0.08032434411225234, 0.01021484499558495, 0.012948817184420496, 0.7868416325592541, 0.01021484499558495], [0.09933387185819698, 0.08107323213784642, 0.01021114392267416, 0.012943525764576944, 0.7862270823940313, 0.01021114392267416], [0.86244559833433, 0.07638110321269789, 0.01024779118603411, 0.01292344674226614, 0.027754269338637748, 0.01024779118603411], [0.8732179196484687, 0.07083319852429575, 0.009999463641332928, 0.010739899574091487, 0.025210054970478388, 0.009999463641332928], [0.7663084260083812, 0.16303791201157974, 0.009999582953700856, 0.012449898932760325, 0.0382045971398769, 0.009999582953700856], [0.7856340045531137, 0.15131565658018012, 0.009999627662959507, 0.012607889029958875, 0.030443194510828272, 0.009999627662959507], [0.18288246481485332, 0.08525556697512228, 0.010544387748857348, 0.015107754540321353, 0.6956654381719883, 0.010544387748857348], [0.8359598776140765, 0.09050740397438252, 0.010538356551966681, 0.014882422628244334, 0.0375735826793633, 0.010538356551966681], [0.8116029469979108, 0.10530519542282998, 0.010409101354774828, 0.014701536791080608, 0.047572118078628954, 0.010409101354774828], [0.8045699839071382, 0.11420429049551306, 0.01036374328997591, 0.014638693697323148, 0.04585954532007383, 0.01036374328997591], [0.8333136995673609, 0.09485157585798946, 0.010517430117934812, 0.014853439854527684, 0.03594642448425236, 0.010517430117934812], [0.11165256175030325, 0.11659058079819147, 0.01056698604112864, 0.015139311729864964, 0.7354835736393831, 0.01056698604112864], [0.11934671921313093, 0.09085793425960932, 0.010191815911652838, 0.012924284396929435, 0.7564874303070247, 0.010191815911652838], [0.849747452061601, 0.08651356206179658, 0.010190495432987636, 0.012855947608971305, 0.030502047401655807, 0.010190495432987636], [0.862579944393212, 0.07344900330461808, 0.010255594152355092, 0.012937860403256975, 0.030522003594202908, 0.010255594152355092], [0.9024680849658917, 0.049181252296592, 0.010022611345694843, 0.010022611345694843, 0.018282828700431842, 0.010022611345694843], [0.9197053696419204, 0.030104470767025698, 0.015216286029511344, 0.010042603331419288, 0.014888666898704007, 0.010042603331419288], [0.8976977026288779, 0.01636594568202068, 0.01063031464076808, 0.01063031464076808, 0.05404540776679739, 0.01063031464076808]], [[0.8761991570734243, 0.017804377538148695, 0.011180577571255328, 0.011180577571255328, 0.07245473267466097, 0.011180577571255328], [0.8561966419290887, 0.048356544340775146, 0.03281631892589244, 0.014171536385278917, 0.03776603087658164, 0.010692927542383138], [0.8410883481018715, 0.08742869645039211, 0.010752843902199471, 0.015186177028445548, 0.03479109061489199, 0.010752843902199471], [0.8441121801406878, 0.08242169686813836, 0.010781255361016139, 0.015227529950731556, 0.036676082318410075, 0.010781255361016139], [0.818713471932212, 0.08416411099436849, 0.01051337895212065, 0.01484829147654866, 0.06124736769262954, 0.01051337895212065], [0.38779966588882026, 0.08688724558035789, 0.03516464608305202, 0.03516464608305202, 0.21282967731604124, 0.2421541190486765], [0.11559946244155861, 0.08893167588174367, 0.010563519479761451, 0.015133913654035986, 0.7592079090631388, 0.010563519479761451], [0.09482720882698514, 0.07097650401975682, 0.010263591667633727, 0.013011390281489335, 0.8006577135365013, 0.010263591667633727], [0.8628643583283439, 0.07372007386000175, 0.01025550964501571, 0.012933072252102001, 0.029971476269520764, 0.01025550964501571], [0.863295336992996, 0.07370711056554075, 0.010256729932463727, 0.012935390797834274, 0.029548701778701624, 0.010256729932463727], [0.8005791387136374, 0.10937189129999983, 0.010368598063843973, 0.014646793794929471, 0.054664980063745185, 0.010368598063843973], [0.8465977648346953, 0.0833746425499078, 0.010792076130129606, 0.01523812362040751, 0.03320531673473022, 0.010792076130129606], [0.8203185503332716, 0.10598438602148649, 0.010439154427760377, 0.014741748070659652, 0.03807700671906151, 0.010439154427760377], [0.8646519985622173, 0.07534550850884622, 0.009999452752114854, 0.010705700932661953, 0.029297886492044855, 0.009999452752114854], [0.8423064721474455, 0.09382382037355942, 0.00999952758473615, 0.012254040570044363, 0.03161661173947848, 0.00999952758473615], [0.13378555134672554, 0.09718169967052204, 0.01046880462975006, 0.014994869377221595, 0.7331002703460308, 0.01046880462975006], [0.8290062069805886, 0.09259537393689873, 0.010504253328653327, 0.014832130393972747, 0.042557782031233234, 0.010504253328653327], [0.8251599510401064, 0.08433973635450333, 0.010523588032504961, 0.014859674515743132, 0.054593462024637184, 0.010523588032504961], [0.5815169876256, 0.13728303939530787, 0.011203167029848577, 0.018751970426527088, 0.24004166849286798, 0.011203167029848577], [0.8116651251916985, 0.0831225879647663, 0.010587408383731295, 0.014949376875892383, 0.06908809320018015, 0.010587408383731295], [0.833417959997937, 0.09163258736313035, 0.01052453974513886, 0.014859980944142244, 0.039040392204512754, 0.01052453974513886], [0.13890103925789174, 0.10539377613173055, 0.010411196515713816, 0.014912664097040739, 0.7199701274819094, 0.010411196515713816], [0.8443764167886565, 0.08718650096375265, 0.010178184702824727, 0.012838111972483085, 0.03524260086945835, 0.010178184702824727], [0.8622337758893139, 0.07821687704237135, 0.010243561663815475, 0.012918988277517645, 0.026143235463166114, 0.010243561663815475], [0.8512388913335242, 0.08324068781283325, 0.010201813198877495, 0.012866611376632418, 0.0322501830792551, 0.010201813198877495], [0.841085343543488, 0.0921168570226476, 0.009999526868520901, 0.012250886983382255, 0.034547858713440474, 0.009999526868520901], [0.7940880901982242, 0.14648598840218263, 0.009999649375074693, 0.012684101326893925, 0.02674252132254989, 0.009999649375074693], [0.6746728575342945, 0.2522298467547802, 0.009999598629627024, 0.012506295810783238, 0.04059180264088786, 0.009999598629627024], [0.5634133785398989, 0.162074872924372, 0.011248945791646488, 0.018834739454608805, 0.23317911749782738, 0.011248945791646488], [0.7933330516790593, 0.11669716074033958, 0.010480267447454656, 0.014802056029169905, 0.05420719665652191, 0.010480267447454656], [0.8411291684229444, 0.08786761941067672, 0.010568269348148985, 0.014924540927989914, 0.034942132542090894, 0.010568269348148985], [0.8100836788010568, 0.11451245361357204, 0.01038264273975349, 0.014664955689336217, 0.03997362641652799, 0.01038264273975349], [0.7971638801573628, 0.11736912083355522, 0.010334705376791598, 0.014601965467588624, 0.05019562278791008, 0.010334705376791598], [0.12964492343782683, 0.0940351542802552, 0.010206384766215713, 0.012943438685587224, 0.7429637140638994, 0.010206384766215713], [0.845061370598759, 0.0911421587283223, 0.010169583573323359, 0.012830205760369355, 0.030627097765902788, 0.010169583573323359], [0.8533846901062909, 0.0839104841756413, 0.010205416726050335, 0.01287303912453217, 0.029420953141434954, 0.010205416726050335], [0.9015625809291864, 0.05160626630283566, 0.010012219813613322, 0.010012219813613322, 0.016794493327138046, 0.010012219813613322], [0.9085941651178862, 0.046626620241123934, 0.010008905674102505, 0.010008905674102505, 0.014752497618682416, 0.010008905674102505], [0.9200797698834173, 0.03021599445917261, 0.015211238299287886, 0.01004075230048419, 0.014411492757153917, 0.01004075230048419], [0.8835390618968305, 0.017726655789683413, 0.010969122992948355, 0.010969122992948355, 0.06582691333464097, 0.010969122992948355]], [[0.8884977456121583, 0.017921085451948152, 0.010830548723503164, 0.010830548723503164, 0.06108952276538402, 0.010830548723503164], [0.10573899151669014, 0.04214157261982337, 0.034513141850098704, 0.014612133188415317, 0.7921527858085584, 0.01084137501641398], [0.8478347461946746, 0.07993697721200473, 0.010618198791404387, 0.014996408304535046, 0.03599547070597691, 0.010618198791404387], [0.16818599510900384, 0.08718292382211953, 0.010517091627514961, 0.015071373518583486, 0.7085255242952633, 0.010517091627514961], [0.6031503530898645, 0.14594391203359214, 0.011163916959843229, 0.018696484617173735, 0.20988141633968319, 0.011163916959843229], [0.8321211326459894, 0.08071661622026148, 0.010556744657281642, 0.014908670173147962, 0.05114009164603779, 0.010556744657281642], [0.8422616387513681, 0.08430428234910292, 0.01058138175889927, 0.014942529257910363, 0.03732878612382017, 0.01058138175889927], [0.8212817652005845, 0.10374184187207852, 0.010447329584327003, 0.014755972395510417, 0.039325761363172625, 0.010447329584327003], [0.11058717018946397, 0.08511988953296769, 0.010201179055938037, 0.012935951382381667, 0.7709546307833106, 0.010201179055938037], [0.8185462513658767, 0.09918611726183807, 0.010448783137177661, 0.014758224893025914, 0.04661184020490396, 0.010448783137177661], [0.8382147454358324, 0.08686599206019366, 0.010556925660273102, 0.014907208425441786, 0.03889820275798592, 0.010556925660273102], [0.8115124754322341, 0.10887318615752711, 0.01039924764468232, 0.01468826529333489, 0.044127577827539184, 0.01039924764468232], [0.1285229011250164, 0.09379279119251027, 0.010203861045810614, 0.012937601266372587, 0.7443389843244794, 0.010203861045810614], [0.8477130041712213, 0.08722801229188983, 0.00999954066368221, 0.012299663744280435, 0.032760238465244, 0.00999954066368221], [0.09675567098616461, 0.0761509560121907, 0.00999957300639951, 0.012590666078270349, 0.7945035609105754, 0.00999957300639951], [0.8095009115661295, 0.10244963166403573, 0.010577743424265668, 0.014936879648697445, 0.05195709027260612, 0.010577743424265668], [0.8371403208279455, 0.09329698670610148, 0.01053881144457626, 0.014881076151252105, 0.033603993425548324, 0.01053881144457626], [0.8402296844303655, 0.08551600928816332, 0.010569183638470864, 0.014924057722742738, 0.03819188128178685, 0.010569183638470864], [0.8263928165962582, 0.08460170422877974, 0.010525203509443703, 0.014862312400423043, 0.05309275975565155, 0.010525203509443703], [0.8301007311255169, 0.0925278654646618, 0.010508677046486788, 0.014839871337791376, 0.041514177979056356, 0.010508677046486788], [0.8036085172232117, 0.11251190974497138, 0.010365349146916928, 0.014639291046037565, 0.04850958369194562, 0.010365349146916928], [0.8495135375455605, 0.08167458864144446, 0.010203512250766456, 0.012868099141000105, 0.0355367501704621, 0.010203512250766456], [0.0718818354013635, 0.07286155812926814, 0.010283156654573362, 0.013033769889815078, 0.8216565232704065, 0.010283156654573362], [0.1185557604613239, 0.08875178622939427, 0.010198823238303801, 0.012930141520529221, 0.7593646653121449, 0.010198823238303801], [0.8161008334603402, 0.10797252425274942, 0.01058366660712978, 0.014946628719832893, 0.03981268035281787, 0.01058366660712978], [0.7934952508005885, 0.14886677660445194, 0.009999646317782664, 0.012671975483668807, 0.024966704475725503, 0.009999646317782664], [0.13070008955582096, 0.1665689384962188, 0.009999569308808985, 0.012580487411110616, 0.6701513459192316, 0.009999569308808985], [0.10769965343570741, 0.23810021647453783, 0.009999648331771837, 0.012863460690282932, 0.6213373727359283, 0.009999648331771837], [0.15187914811452088, 0.12327567000024796, 0.01044983312523447, 0.014972741840050225, 0.688972773794712, 0.01044983312523447], [0.8402245988392112, 0.08877465161004204, 0.010562066012149804, 0.014915629267485277, 0.03496098825896183, 0.010562066012149804], [0.1552072409898198, 0.10514294995483889, 0.010403274852342536, 0.014904545054490145, 0.7039387142961661, 0.010403274852342536], [0.13528169920999067, 0.0963751397205661, 0.010216615572914284, 0.012955594847524088, 0.7349543350760905, 0.010216615572914284], [0.8433665354539095, 0.0880381256675771, 0.010174149572826032, 0.01283530639360494, 0.03541173333925635, 0.010174149572826032], [0.8564941319912424, 0.07668674183480577, 0.010231989859285346, 0.012906424319670316, 0.033448722135711, 0.010231989859285346], [0.10938061247784212, 0.07699364983348975, 0.01023838114014301, 0.012983104777364559, 0.7801658706310176, 0.01023838114014301], [0.9033701863884561, 0.04952012248710433, 0.010015398714868083, 0.010015398714868083, 0.017063494979835177, 0.010015398714868083], [0.9110107717495657, 0.04575198814403327, 0.010005613354894107, 0.010005613354894107, 0.01322040004171872, 0.010005613354894107], [0.9117752849081533, 0.044387399938559245, 0.010009534025590742, 0.010009534025590742, 0.01380871307651519, 0.010009534025590742], [0.9210438091887442, 0.03024813777596494, 0.01533048602617115, 0.010037258103897589, 0.013303050801324668, 0.010037258103897589], [0.8923618335061735, 0.01725866922884585, 0.01074395492065522, 0.01074395492065522, 0.05814763250301505, 0.01074395492065522]], [[0.8960038187783308, 0.01726569067076393, 0.010653877311630663, 0.010653877311630663, 0.05476885861601329, 0.010653877311630663], [0.8895556520314568, 0.039975659015697634, 0.025460507779039864, 0.0115438116946445, 0.023137086796591988, 0.01032728268256919], [0.8336777164005319, 0.09116848432758021, 0.010526836893751359, 0.014869262147329398, 0.039230863337055874, 0.010526836893751359], [0.08592360191885566, 0.07570648962560328, 0.010776297360084118, 0.015439178293613513, 0.8013781354417593, 0.010776297360084118], [0.8333899173107371, 0.0858013203560355, 0.010541111674588276, 0.014887718676297842, 0.04483882030775311, 0.010541111674588276], [0.8111285879920638, 0.08858422166725169, 0.010568284046325533, 0.014926000120179705, 0.06422462212785385, 0.010568284046325533], [0.8367118859212591, 0.09038018026830442, 0.010542094739441642, 0.014889416150503888, 0.03693432818104934, 0.010542094739441642], [0.12174469399341097, 0.10083646981158748, 0.010468479145210076, 0.01499843702746034, 0.741483440877121, 0.010468479145210076], [0.8139475756011645, 0.10463865656894482, 0.010418253219154947, 0.014715943241834591, 0.0458613181497461, 0.010418253219154947], [0.11242018771503959, 0.07889481459552136, 0.010645296411121346, 0.015247162073765554, 0.7721472427934306, 0.010645296411121346], [0.8084379557914428, 0.10330594970159067, 0.010407534772253526, 0.014697969138117654, 0.05274305582434177, 0.010407534772253526], [0.1623510401840035, 0.11307709508417864, 0.010360556511371478, 0.01484413472631043, 0.6890066169827644, 0.010360556511371478], [0.1393247570060645, 0.11834415276521099, 0.010337220743124584, 0.014811846259173282, 0.7068448024833021, 0.010337220743124584], [0.7794558289524582, 0.0778080863849501, 0.009999607334606584, 0.09293241409220795, 0.029804455901170535, 0.009999607334606584], [0.6754094864677063, 0.15657660107590024, 0.009999606621697892, 0.01253328733474313, 0.13548141187825455, 0.009999606621697892], [0.5889891595457252, 0.15314111638313155, 0.011091427975091238, 0.018571656966905197, 0.21711521115405552, 0.011091427975091238], [0.7978067911847463, 0.09853437160530913, 0.010488659243374918, 0.014811827232480281, 0.06786969149071452, 0.010488659243374918], [0.8296807023729031, 0.09456992123236196, 0.010501862471619081, 0.014830040633124245, 0.0399156108183725, 0.010501862471619081], [0.10187037676826083, 0.08285565589691742, 0.010652364991374794, 0.015255036867393088, 0.7787142004846791, 0.010652364991374794], [0.8067228552626742, 0.11032740208490889, 0.01038032418702224, 0.014661114039097676, 0.04752798023927481, 0.01038032418702224], [0.15087891015512514, 0.11562510818644202, 0.010345188921707178, 0.01481914153002701, 0.6979864622849915, 0.010345188921707178], [0.8406709856621238, 0.08977323242277006, 0.010165176743279169, 0.012821129776949264, 0.03640429865159849, 0.010165176743279169], [0.8533471186359199, 0.08337887222264921, 0.010206423828595393, 0.012871533747470503, 0.02998962773676965, 0.010206423828595393], [0.8120195861264957, 0.11183087792209195, 0.010557036383850218, 0.014908093510359896, 0.04012736967335208, 0.010557036383850218], [0.1170400356261927, 0.10221813206664387, 0.010649374278394675, 0.015253238091742942, 0.7441898456586312, 0.010649374278394675], [0.7494360580106141, 0.08689566703952481, 0.009999543666746278, 0.012310481831889375, 0.131358705784479, 0.009999543666746278], [0.5723062447274926, 0.14065863537522377, 0.009999734959385687, 0.015399890475520562, 0.25163575950299194, 0.009999734959385687], [0.20586769383120138, 0.10521664620320764, 0.009999499868892094, 0.01233234475630228, 0.6565843154715045, 0.009999499868892094], [0.1097598872084668, 0.0912056631020521, 0.010755411903776506, 0.015404368877691053, 0.7621