{"prediction": [[[0.8160476542337594, 0.07376400154319566, 0.012807778287747628, 0.017353760241955684, 0.07584725475560705, 0.004179550937734735], [0.8163183192149297, 0.07953832755581478, 0.014950638417169433, 0.017392590864762227, 0.0676384587943488, 0.004161665152974953], [0.8293668432379127, 0.092316317714062, 0.00841654559398356, 0.014495437761157942, 0.0512755875600121, 0.004129268132871881], [0.813530756761302, 0.09571480459255438, 0.008549552242460292, 0.01519509817562241, 0.06271631295777408, 0.004293475270286799], [0.861569777692855, 0.07442475525721506, 0.0038457522938530942, 0.007380394082451324, 0.0489335683797725, 0.0038457522938530942], [0.8320586835430593, 0.08461391372391304, 0.004265241544307, 0.008863041292898938, 0.06604414318183997, 0.004154976713981793], [0.8487394986920853, 0.07958684091664697, 0.003982908092425179, 0.007448059085585306, 0.05625978512083207, 0.003982908092425179], [0.8303063182232212, 0.09038744784453734, 0.004395859998256732, 0.009032515492441271, 0.06169300423450322, 0.004184854207040242], [0.8739173514261594, 0.07534600459340696, 0.003754410212587315, 0.00584630684848652, 0.037381516706772325, 0.003754410212587315], [0.8613480655597968, 0.08202547884987543, 0.0038809747359791233, 0.006748775794575288, 0.04211573032379412, 0.0038809747359791233], [0.8732655188640259, 0.07457150493966763, 0.0037589193216224105, 0.005420798821763055, 0.03922433873129858, 0.0037589193216224105], [0.868591506352498, 0.0747332913684024, 0.003797080249162455, 0.00561885034095439, 0.04346219143982009, 0.003797080249162455], [0.8828995880452362, 0.0696564628165662, 0.0036664900802926043, 0.0047662468435432995, 0.035344722134069154, 0.0036664900802926043], [0.8776864675271457, 0.07603322270066665, 0.0037370864639501835, 0.004647805186419125, 0.03415833165786811, 0.0037370864639501835], [0.8676537428075706, 0.07822829227545217, 0.0038213913736644778, 0.005320100640666753, 0.04115508152898157, 0.0038213913736644778], [0.8707384919956354, 0.0776505478304714, 0.0037951258473741026, 0.005109866157816446, 0.038910842321328534, 0.0037951258473741026], [0.8707581148225256, 0.07391187884470693, 0.003782103360492247, 0.004721444697183793, 0.04304435491459895, 0.003782103360492247], [0.8799106729008381, 0.0715600422603694, 0.00370099542615184, 0.004292428578126268, 0.0368348654083624, 0.00370099542615184], [0.8885370223252855, 0.06871964785352559, 0.003626485369045106, 0.003912103294090443, 0.03157825578900834, 0.003626485369045106], [0.8966363066111677, 0.06597305371748491, 0.003558131733221443, 0.003968837831906034, 0.026305538372998604, 0.003558131733221443], [0.899906345562133, 0.06598795023712721, 0.0035410722898216195, 0.0035410722898216195, 0.023482487331274993, 0.0035410722898216195], [0.8802220102702781, 0.0773890262192988, 0.003725339248183103, 0.004915537945998846, 0.03002274706805808, 0.003725339248183103], [0.8823991619020415, 0.0762554374970848, 0.003927130326317169, 0.004822747355453165, 0.028892276413109753, 0.0037032465059936236], [0.8835128447833096, 0.07600797105032175, 0.0036951408403145094, 0.004938958612656064, 0.028149943873083595, 0.0036951408403145094], [0.8704796738696889, 0.08151259699548324, 0.003808268928113099, 0.006567048088797005, 0.033824143189804555, 0.003808268928113099], [0.8739805900351432, 0.0805668798110007, 0.003777377044413226, 0.00669882512646613, 0.031198950938563504, 0.003777377044413226], [0.8776315236913917, 0.08212328318328377, 0.0037679076680625077, 0.005932052931052648, 0.02677732485814684, 0.0037679076680625077], [0.8688528175430819, 0.08447963227353801, 0.0038386225576489286, 0.0064455421521852, 0.032544762915897134, 0.0038386225576489286], [0.8593521712410681, 0.07860835052085553, 0.0043079472148155615, 0.007647424653658775, 0.04620975305516997, 0.0038743533144320473], [0.8743586676144474, 0.07859346287738332, 0.003761544580432861, 0.006960890541074742, 0.03256388980622889, 0.003761544580432861], [0.8705032434371501, 0.07578533065635537, 0.0037747269840138838, 0.0072140124548222264, 0.03894795948364446, 0.0037747269840138838], [0.8495438928951631, 0.0848362015247603, 0.003987954917905361, 0.007960474384149421, 0.04968352136011639, 0.003987954917905361], [0.8294390717390265, 0.09240302692021883, 0.004189240919919237, 0.010661792794141896, 0.05911762670677423, 0.004189240919919237], [0.842844870303602, 0.09008277800078487, 0.004054853172743908, 0.010284491802740171, 0.048678153547385104, 0.004054853172743908], [0.8281340379883909, 0.09793535687412758, 0.004225132318264537, 0.010392890644180787, 0.05508744985677173, 0.004225132318264537], [0.8542263894866542, 0.08395134804785595, 0.003937112069915716, 0.008739490505141936, 0.045208547820516407, 0.003937112069915716], [0.8130849612532914, 0.11451733147763415, 0.006340755303401406, 0.014893542854533977, 0.04675432482873658, 0.004409084282402585], [0.8186727990654767, 0.1054469343540152, 0.007433876091737353, 0.015449237458251996, 0.04870289673624207, 0.0042942562942766965], [0.786758956542286, 0.1015282432824507, 0.015618195024270465, 0.0187926183670713, 0.07278150731742229, 0.004520479466499384], [0.8337991354868903, 0.06955127276159334, 0.012541232442905286, 0.015870383756815567, 0.06425001216491577, 0.003987963386879625]], [[0.7936726984940272, 0.08976870134114134, 0.017341985226498467, 0.019553253674329904, 0.0752636364297449, 0.004399724834258259], [0.7622397663921224, 0.17990838480554597, 0.030038295028541, 0.005960337244669639, 0.018761098199014812, 0.0030921183301060866], [0.748036278263654, 0.2049091635953142, 0.017150260978908413, 0.005739621091162629, 0.021026353009996144, 0.003138323060964619], [0.775174504747604, 0.1912627752847644, 0.012532690148699463, 0.005463558775842494, 0.012426882227137438, 0.0031395888159521665], [0.09194655412260051, 0.26587517497299173, 0.011566192776805595, 0.006635804727457074, 0.6201711978001643, 0.0038050755999807363], [0.09341198325956353, 0.3312393182476585, 0.013925306688938632, 0.007191825244642795, 0.5508534366208527, 0.003378129938343902], [0.7730098880552881, 0.19563639086506088, 0.010887634488881429, 0.005466823417395861, 0.011851231391863115, 0.0031480317815104596], [0.17630490691076067, 0.37127069091737436, 0.013787386266041845, 0.007847330468913968, 0.42714444877847635, 0.003645236658432872], [0.7209656063917501, 0.24193592378055193, 0.014207581472970781, 0.006713309913972776, 0.012914154025998768, 0.0032634244147556764], [0.7646835599574866, 0.20203574344952874, 0.010905107769351307, 0.005475596979637412, 0.013747213023996634, 0.0031527788199993104], [0.7695233557320665, 0.1989728868300674, 0.010893738402962145, 0.0054698882723437665, 0.011988794125969447, 0.00315133663659079], [0.7702502936058784, 0.19945907773930427, 0.010904620788594608, 0.00547535246024183, 0.010757362650500764, 0.0031532927554802303], [0.23541983889551515, 0.47145853306182034, 0.01624673292972794, 0.007718906077281368, 0.2655582576993301, 0.00359773133632515], [0.7589825538644815, 0.21027457788148438, 0.010942574772750952, 0.0054944096511845685, 0.01114084712832404, 0.0031650367017745065], [0.7589995844040848, 0.21237775686169105, 0.010957509587719638, 0.005501908616757731, 0.008992942416146007, 0.0031702981136008603], [0.7619901919603245, 0.20676039403040938, 0.011048382620797284, 0.005547536822375027, 0.011494276600373143, 0.0031592179657204825], [0.1847257617989398, 0.39724846255214746, 0.013217863825449297, 0.006538788651568253, 0.39454888545080946, 0.0037202377210857934], [0.7798135608279718, 0.19111910415318237, 0.011001390917514698, 0.005523941676075915, 0.00939509405927687, 0.0031469083659783066], [0.8370887385863355, 0.14375915855217009, 0.007338258500721108, 0.0038582192206936894, 0.004833268545955919, 0.003122356594123691], [0.12235019526160619, 0.3214917471139521, 0.009905785263957974, 0.005541278890671364, 0.5365145078103878, 0.004196485659424608], [0.8568600367989891, 0.10577503592037187, 0.004092737721304125, 0.004092737721304125, 0.02508671411672672, 0.004092737721304125], [0.848304668821212, 0.11775594278612493, 0.004256781929978459, 0.004256781929978459, 0.021169042602727638, 0.004256781929978459], [0.21930718374244337, 0.40785048280901487, 0.01369887488165066, 0.0067767415974529415, 0.3485089669470993, 0.003857750022338935], [0.7514281738931936, 0.2178409374708488, 0.01109427628360029, 0.005570580628247037, 0.010893556286668292, 0.003172475437441824], [0.6747222410914436, 0.28545411477698146, 0.014441176691971919, 0.0068236878048979375, 0.015280847164893016, 0.003277932469812164], [0.6505778394575206, 0.3085414180586907, 0.014205148550271777, 0.006712160319011367, 0.016703334763841372, 0.0032600988506642425], [0.6504439494989188, 0.3037958465002075, 0.014253650562979154, 0.006735078297231342, 0.02150067695333685, 0.0032707981873263104], [0.6673645187189463, 0.28898582302015374, 0.014178606335561398, 0.006699618697237599, 0.019518615344541176, 0.0032528178835598176], [0.6828114911693284, 0.27885298422129096, 0.014229222022840217, 0.006723535420562952, 0.014114004565213561, 0.003268762600763904], [0.694745213526139, 0.2592210737691697, 0.01416927589066451, 0.006695209912509022, 0.021917772211028388, 0.0032514546904892846], [0.6795371066043822, 0.274540742770354, 0.014199390677803509, 0.006709439632003648, 0.021757323438532993, 0.003255996876923827], [0.2497502141010486, 0.41621571911089866, 0.024793976041672706, 0.012112249879347475, 0.2936282825594391, 0.0034995583075934375], [0.6607982620576544, 0.28965129366973086, 0.01421802585157756, 0.006878941071850774, 0.025195193772040207, 0.0032582835771461224], [0.6808717282353565, 0.2712572354407551, 0.014188200461809622, 0.006704152075630019, 0.023726217884364454, 0.003252465902084387], [0.1866241552698667, 0.4197898242260466, 0.039098643789032904, 0.01358545779129212, 0.3375929939065584, 0.0033089250172033085], [0.16265603009163496, 0.43637575153374364, 0.0258387226074507, 0.0113198982298468, 0.36041192013011947, 0.0033976774072045084], [0.7394038186390459, 0.2114347894198102, 0.02116919291394392, 0.005667026252877524, 0.019184980967528225, 0.003140191806794293], [0.10074509119695353, 0.34042371176800723, 0.04999606194769424, 0.010648951691736755, 0.4948120460539611, 0.003374137341647124], [0.7598967364561944, 0.1854948700732635, 0.028104840517429973, 0.005448126942416181, 0.017954137287472572, 0.003101288723223419], [0.8099508256538696, 0.09198490282844467, 0.014846980663871426, 0.017992868633175885, 0.060970552453635626, 0.00425386976700288]], [[0.7749402563374148, 0.1147893706817903, 0.010027235857669415, 0.019790204110219554, 0.07572140385357157, 0.004731529159334401], [0.748319264715095, 0.2094465850495682, 0.014959904090489494, 0.005939398122634414, 0.018185676913103112, 0.0031491711091096468], [0.15299998892766037, 0.5073390523737322, 0.003415892724022156, 0.009162215664522648, 0.3236669575860404, 0.003415892724022156], [0.661849297049543, 0.3132437820103322, 0.0030653260802186695, 0.00595674008553669, 0.012819528694150808, 0.0030653260802186695], [0.6840253340805375, 0.293991237606356, 0.0030553336082203295, 0.005934221069445417, 0.00993854002722066, 0.0030553336082203295], [0.13557887974166632, 0.4966883931003702, 0.0033630358527707463, 0.006525211374073887, 0.354481444078348, 0.0033630358527707463], [0.682987536831127, 0.29649680693488245, 0.0030592352895397216, 0.0059399804933691095, 0.008457205161541982, 0.0030592352895397216], [0.607183359616207, 0.3693737154067735, 0.0030644330282144873, 0.006776494624159361, 0.010537564296431197, 0.0030644330282144873], [0.6036418430078149, 0.3746015622601245, 0.0030672810036649714, 0.006781379921587755, 0.008840652803142944, 0.0030672810036649714], [0.23436916551104692, 0.609489227006561, 0.0033522887249028024, 0.007529930832949581, 0.14190709919963682, 0.0033522887249028024], [0.24073198553991065, 0.5864442959116547, 0.003858634199554041, 0.007478666682692447, 0.15762778346663428, 0.003858634199554041], [0.20705219723073529, 0.6511218325727188, 0.003390311961904244, 0.007613546385371081, 0.12743179988736658, 0.003390311961904244], [0.5406256447812954, 0.43762749153468794, 0.0030671500768965068, 0.006777269431830448, 0.008835294098393261, 0.0030671500768965068], [0.559799926008585, 0.4184356280699074, 0.003069506157150882, 0.0067828562132163945, 0.008842577393989632, 0.003069506157150882], [0.2211622251172719, 0.6048662422312957, 0.0038567139564440653, 0.00747324904158217, 0.158784855696962, 0.0038567139564440653], [0.6135214077935349, 0.36450598010356716, 0.0030749170840927813, 0.006868522023960982, 0.008954255910751338, 0.0030749170840927813], [0.6985667503913568, 0.28174077605580544, 0.0030497495334615406, 0.005982549400897543, 0.0076104250850171865, 0.0030497495334615406], [0.7122263992908251, 0.26811816627725227, 0.0030445489701498027, 0.005970825468291343, 0.007595511023331731, 0.0030445489701498027], [0.7239895258604319, 0.25637555845769283, 0.0030413772057682332, 0.005964586660023924, 0.007587574610314923, 0.0030413772057682332], [0.7986205259434058, 0.1867376880999217, 0.003100187293171484, 0.003979791206974587, 0.00446162016335495, 0.003100187293171484], [0.7641017378945466, 0.20913562451136203, 0.011067393419720642, 0.00555708239213576, 0.006970043151613916, 0.003168118630621134], [0.27802645940862153, 0.4572552409307527, 0.015056877528277179, 0.0074485364057384085, 0.23796653806143583, 0.004246347665174316], [0.8502296850095178, 0.12662949073914612, 0.004357509969270499, 0.004357509969270499, 0.010068294343524504, 0.004357509969270499], [0.6995492154007943, 0.26740249220542817, 0.014452260688573875, 0.0068289251712189475, 0.008480630152134579, 0.0032864763818501942], [0.5620951395127998, 0.4158588153532219, 0.003069895347628222, 0.006865024664300768, 0.009041229774421192, 0.003069895347628222], [0.5515059725073521, 0.4257389091941001, 0.0030644835317466777, 0.0067753409474691, 0.009850810287585126, 0.0030644835317466777], [0.3830981351344854, 0.5791633842334838, 0.0031864253739321367, 0.008036531088194913, 0.02332909879597173, 0.0031864253739321367], [0.6330629453476496, 0.3288277742350379, 0.01530245441071934, 0.006867987193764402, 0.012597925600573264, 0.0033409132122554914], [0.284096635344112, 0.4974621928477456, 0.016600140906950098, 0.007886812018428979, 0.19027505857422516, 0.0036791603085381923], [0.2886428832443938, 0.6080088539770566, 0.0034851713133246852, 0.007826446809214084, 0.08855147334268605, 0.0034851713133246852], [0.39700840882770977, 0.5598094279262452, 0.0031469477021992603, 0.007939069710762161, 0.028949198130884254, 0.0031469477021992603], [0.5155356198329576, 0.4585001416960162, 0.003076154242084894, 0.006802892562295235, 0.013009037424561306, 0.003076154242084894], [0.5587005747922215, 0.41215155753211896, 0.003055171543792827, 0.006758349844560178, 0.016279174743513678, 0.003055171543792827], [0.38102224966972087, 0.5731678716107202, 0.003173638394717535, 0.008008483830512683, 0.03145411809961134, 0.003173638394717535], [0.5487549577736633, 0.4218384173986932, 0.0030523678174145365, 0.00675270755538017, 0.016549181637434178, 0.0030523678174145365], [0.5611009382352716, 0.41326084341040664, 0.003061250869904667, 0.006771000864362506, 0.012744715750149868, 0.003061250869904667], [0.13908701271764454, 0.6147097554937799, 0.0032201466100067935, 0.007849226483673186, 0.2319137120848888, 0.0032201466100067935], [0.16084670062901535, 0.5231585423726723, 0.0034699321009785903, 0.008323491198707827, 0.30073140159764744, 0.0034699321009785903], [0.752833153937545, 0.20826736589338746, 0.013698895791630368, 0.0054868913112910405, 0.016561845044640137, 0.003151848021506083], [0.8221172916702899, 0.09578708868684586, 0.00833521838111351, 0.014809088966265723, 0.054739730974096464, 0.004211581321388643]], [[0.7739373763548204, 0.12295356041364215, 0.008056730425398641, 0.01920606857127733, 0.07105096547227473, 0.0047952987625867255], [0.7083477420647206, 0.23613436673675903, 0.020593569291889463, 0.007120705048196958, 0.024630557054547596, 0.0031730598038863735], [0.572634154604224, 0.39937572073671207, 0.0030553188008116037, 0.006761943041635378, 0.015117544015805288, 0.0030553188008116037], [0.6303106303310717, 0.3424063006048078, 0.0030899620627960695, 0.006004726744515342, 0.01509841819401304, 0.0030899620627960695], [0.6697645555121474, 0.30795734147965065, 0.0030646798458703983, 0.005951939063148028, 0.010196804253313166, 0.0030646798458703983], [0.6879933249194177, 0.2890049793877365, 0.0030507532286012536, 0.005924617027764797, 0.010975572207878584, 0.0030507532286012536], [0.6166012160403372, 0.35941198578561384, 0.003065062250955771, 0.0067779140453269335, 0.01107875962681045, 0.003065062250955771], [0.557505085338781, 0.41711920768280475, 0.0030595130407727695, 0.006765951506885512, 0.012490729389983296, 0.0030595130407727695], [0.3102186342743717, 0.5592329050640145, 0.003351591212307291, 0.0075287675597989654, 0.11631651067720042, 0.003351591212307291], [0.5958628334056708, 0.381342208036187, 0.0030645935042404957, 0.006775960439639371, 0.009889811110021964, 0.0030645935042404957], [0.6013965745808265, 0.3768542390968068, 0.0030670698614478835, 0.006778347309225378, 0.008836699290245525, 0.0030670698614478835], [0.22907436725999097, 0.6380698945496952, 0.003405708183023287, 0.007648996303697502, 0.11839532552056972, 0.003405708183023287], [0.5297045969063967, 0.4482737677174584, 0.0030680060416479094, 0.006782609345419532, 0.009103013947429532, 0.0030680060416479094], [0.5433490927882628, 0.4349008309725972, 0.0030669197333638033, 0.0067788639522917, 0.008837372820120759, 0.0030669197333638033], [0.5780314630852703, 0.4002309359354388, 0.003066952210622697, 0.006773420361216339, 0.008830276196829332, 0.003066952210622697], [0.6087135426492338, 0.3693145314628651, 0.00307367357856853, 0.006869303732924645, 0.008955274997839354, 0.00307367357856853], [0.6217405866078243, 0.35626991778468264, 0.0030774141964250404, 0.006873683050766139, 0.00896098416387689, 0.0030774141964250404], [0.6934719546448184, 0.2868197537421582, 0.0030521018561372876, 0.005987440644777033, 0.007616647255971901, 0.0030521018561372876], [0.6963428127957895, 0.2839617473803794, 0.00305075177770314, 0.005982972701286044, 0.007610963567138983, 0.00305075177770314], [0.7133331429650427, 0.26701335353412464, 0.0030441983636323323, 0.005970284243924239, 0.007594822529643836, 0.0030441983636323323], [0.787311449537356, 0.1979460595717218, 0.003121085595115796, 0.004007564152149642, 0.004492755548540891, 0.003121085595115796], [0.25235900464134847, 0.5673710235469221, 0.003796863641871568, 0.007441158271856149, 0.1652350862561301, 0.003796863641871568], [0.7784810056163559, 0.19489341070600896, 0.011009707442637894, 0.005528117511665488, 0.006933713572076848, 0.00315404515125491], [0.8484460437952689, 0.12492131313699417, 0.004340090948497613, 0.004340090948497613, 0.013612370222244024, 0.004340090948497613], [0.7007223153051767, 0.2662415389057773, 0.014446431082213128, 0.006826170588633354, 0.008477209321543203, 0.0032863347966563708], [0.6649313514075995, 0.30152268430268486, 0.014233087373423846, 0.0067253618606536465, 0.009315639040212681, 0.0032718760154254174], [0.31284519673909317, 0.5122921725340863, 0.018469560013296367, 0.008372567995329493, 0.14411044879539023, 0.003910053922804511], [0.8782375238265739, 0.09734102755807299, 0.003911520110487775, 0.003911520110487775, 0.01268688828388973, 0.003911520110487775], [0.8566633323751585, 0.11887236182306782, 0.0042374460476859895, 0.0042374460476859895, 0.011751967658715886, 0.0042374460476859895], [0.6937833421958582, 0.2689487905372046, 0.014216123382053513, 0.006717346102893352, 0.01306710324915156, 0.003267294532838684], [0.229026078800995, 0.6471250411078782, 0.003427532903908452, 0.007698876953429569, 0.1092949373298805, 0.003427532903908452], [0.23713249203255346, 0.6382406765378277, 0.0034245475281832524, 0.0076947327475028965, 0.1100830036257497, 0.0034245475281832524], [0.1783067478055516, 0.6395287940754952, 0.00331782781655269, 0.00958045195876372, 0.1659483505270842, 0.00331782781655269], [0.2627889713945472, 0.5808610652816921, 0.0033023592481299805, 0.007421488372462552, 0.14232375645503817, 0.0033023592481299805], [0.5833208196792706, 0.38612367001973047, 0.0030861914417933097, 0.006827084552292456, 0.017556042865119907, 0.0030861914417933097], [0.6045152547932714, 0.37248988873190136, 0.003064947492051814, 0.006778132586900681, 0.010086828903823172, 0.003064947492051814], [0.6466223700434713, 0.3283281532797618, 0.00307835487663148, 0.005981750093242104, 0.012911016830261848, 0.00307835487663148], [0.6623787556865607, 0.31400425753279715, 0.003067594621809321, 0.005959431251090687, 0.011522366285933, 0.003067594621809321], [0.7762306859352012, 0.19063175367356752, 0.010887039534334998, 0.005466524682950832, 0.013642853118616889, 0.0031411430553285984], [0.790113222933368, 0.11087579267570159, 0.00866609258813568, 0.017122867919303054, 0.06864119090888188, 0.004580832974609809]], [[0.8211737066022274, 0.09782051975193501, 0.004281973287933641, 0.011981499095442525, 0.06046032797452776, 0.004281973287933641], [0.6355401681711736, 0.31948204777753425, 0.014211994326590871, 0.006966044605952644, 0.020542404109705727, 0.003257341009043], [0.15807974816694384, 0.661585240685324, 0.003267692401417391, 0.007344602993506243, 0.16645502335139115, 0.003267692401417391], [0.15354948586414, 0.6360990275150962, 0.003214789385202829, 0.007225386128001943, 0.19669652172235613, 0.003214789385202829], [0.6719060348390434, 0.3061958441688413, 0.003063901782275931, 0.005948209979436596, 0.009822107448126805, 0.003063901782275931], [0.6387972796351774, 0.3358018402275172, 0.00306912437030384, 0.006785143412918182, 0.012477487983779555, 0.00306912437030384], [0.6448978312118938, 0.3332787683448141, 0.0030776488566101206, 0.006801378484816595, 0.008866724245255347, 0.0030776488566101206], [0.5901809554651665, 0.38559365772987386, 0.003066496812929754, 0.006779521028511292, 0.011312872150588833, 0.003066496812929754], [0.44128466667895483, 0.5237143871228259, 0.003277997926292691, 0.008264318185397645, 0.020180632160236276, 0.003277997926292691], [0.5858580421913603, 0.39063057570268306, 0.003062977388774102, 0.006770865993631425, 0.010614561334777083, 0.003062977388774102], [0.6105556573421627, 0.36768908877589734, 0.003068173842745535, 0.00678002272457715, 0.008838883471871882, 0.003068173842745535], [0.2940808334671793, 0.629070814059595, 0.0034776660244264152, 0.007806279891195236, 0.06208674053317774, 0.0034776660244264152], [0.39221616769573003, 0.5805388550080482, 0.0032147609100106754, 0.008103925519537926, 0.012711529956662523, 0.0032147609100106754], [0.5232521742422254, 0.4549951030095763, 0.0030697984935462346, 0.006777513491056464, 0.008835612270049408, 0.0030697984935462346], [0.2471853776792739, 0.6719271610928972, 0.0034670234070376927, 0.0077819801808921745, 0.06617143423286158, 0.0034670234070376927], [0.5679491277331985, 0.4101163788691451, 0.003069719019241926, 0.006856487909506394, 0.008938567449666153, 0.003069719019241926], [0.6179429560871398, 0.3600778722108359, 0.0030762020628648107, 0.006870253890589526, 0.008956513685705133, 0.0030762020628648107], [0.42085669270187254, 0.41282483167854234, 0.015180013438421654, 0.015180013438421654, 0.0212741932056842, 0.11468425553705751], [0.724625692562867, 0.2557464409608997, 0.0030412440508870366, 0.005961601367163824, 0.007583777007295511, 0.0030412440508870366], [0.7157987312841775, 0.26455822310673016, 0.0030434599027624127, 0.005966331533150601, 0.007589794270416925, 0.0030434599027624127], [0.7409615267589218, 0.23942392050753367, 0.003038981057482724, 0.005957733693923453, 0.0075788569246557, 0.003038981057482724], [0.8166769605915141, 0.16882395816564144, 0.0030705898440667274, 0.003940419635644385, 0.004417481919066668, 0.0030705898440667274], [0.3077668117971617, 0.5406935269696741, 0.003912873864703554, 0.007667198303784278, 0.136046715199973, 0.003912873864703554], [0.7926363688585141, 0.1808362287108329, 0.010968997224507112, 0.005507676380879312, 0.006908075016879419, 0.0031426538083872335], [0.9006168746671145, 0.07934004269089329, 0.0036498684070462558, 0.0036498684070462558, 0.009093477420853265, 0.0036498684070462558], [0.8945435257360265, 0.0870443861699713, 0.0037506527317451572, 0.0037506527317451572, 0.007160129898766903, 0.0037506527317451572], [0.8980868135815157, 0.08228795394750422, 0.0036882209446589074, 0.0036882209446589074, 0.008560569637003345, 0.0036882209446589074], [0.8870348813939308, 0.09243210941626132, 0.003830397979051407, 0.003830397979051407, 0.00904181525265374, 0.003830397979051407], [0.8990735756324677, 0.07829498691975015, 0.003643241399746627, 0.003643241399746627, 0.011701713248542422, 0.003643241399746627], [0.7015029810482333, 0.2659069790327287, 0.014235037760092401, 0.006726283449608319, 0.008353163580563953, 0.0032755551287733443], [0.5950659782064031, 0.38319154342212386, 0.0030666580696865255, 0.006775792959772696, 0.00883336927232732, 0.0030666580696865255], [0.5646968672505555, 0.41354738435417526, 0.003068592600206987, 0.006779873830757658, 0.008838689364097669, 0.003068592600206987], [0.6166362039403435, 0.35907238400373864, 0.003064516345098446, 0.006774956566127232, 0.011387422799593915, 0.003064516345098446], [0.2925439185578811, 0.5692811295419677, 0.0034073747813161592, 0.007650916892990548, 0.12370928544452824, 0.0034073747813161592], [0.6508127357811762, 0.3251577553410243, 0.0030763843277762455, 0.006801164807806226, 0.01107557541444069, 0.0030763843277762455], [0.7069519949219739, 0.2707945168073077, 0.0030424348806962513, 0.005906529653107951, 0.010262088856217889, 0.0030424348806962513], [0.6843942237330043, 0.29374261054805784, 0.0030553538981708474, 0.0059337098408965405, 0.009818748081699668, 0.0030553538981708474], [0.7059175382403938, 0.2725016046461949, 0.003044243229093674, 0.005912578484126935, 0.009579792171097095, 0.003044243229093674], [0.8236635285922467, 0.1525046408463175, 0.007321085881678591, 0.0038491904124481123, 0.009514442145773476, 0.0031471121215356293], [0.8465920014917115, 0.07721584623251002, 0.0039848003125444184, 0.009252189680068499, 0.058970361970621166, 0.0039848003125444184]], [[0.8115379479110816, 0.1106361529531023, 0.004429031130638961, 0.012508430876670043, 0.05645940599786805, 0.004429031130638961], [0.637417826668724, 0.3114633889487428, 0.017671250519162914, 0.008505629517047308, 0.021634807576079305, 0.003307096770243491], [0.4876620115669865, 0.4825373629644931, 0.0031113632796964767, 0.008912172665244543, 0.014665726243882793, 0.0031113632796964767], [0.17513841114921208, 0.6377604716524314, 0.0032442663063314225, 0.007293771850795017, 0.17331881273489855, 0.0032442663063314225], [0.2087192498034323, 0.5815406044637974, 0.003196969190329372, 0.007179869052500576, 0.196166338299611, 0.003196969190329372], [0.6447276388650175, 0.32950873560906746, 0.003070912631421597, 0.006789299675276041, 0.01283250058779588, 0.003070912631421597], [0.6549292584251574, 0.32297731909626465, 0.0030816072636887133, 0.006812251404781659, 0.009117956546419016, 0.0030816072636887133], [0.608362135551286, 0.36653197353371925, 0.0030615562987306236, 0.006768730364951797, 0.012214047952581578, 0.0030615562987306236], [0.5936437915435798, 0.38228336437631577, 0.003099902924206925, 0.008873234720254412, 0.008999803511436257, 0.003099902924206925], [0.6190480786448127, 0.35821623374725653, 0.003067885948871436, 0.006781609332814457, 0.009818306377373453, 0.003067885948871436], [0.6411579847969303, 0.3370363475942433, 0.003076209046557704, 0.006794930841836128, 0.008858318673874885, 0.003076209046557704], [0.31458431387573516, 0.5754722329013884, 0.0034296259018675728, 0.00769896755543808, 0.09538523386370339, 0.0034296259018675728], [0.5797176112148954, 0.3985354633158568, 0.0030687930240700647, 0.00677586987588206, 0.008833469545225419, 0.0030687930240700647], [0.5749418131103609, 0.40331226362388345, 0.0030680251977821065, 0.00677610144119569, 0.00883377142899579, 0.0030680251977821065], [0.31047572451900607, 0.6160941092690722, 0.0035724623797089676, 0.008018246507318104, 0.05826699494518577, 0.0035724623797089676], [0.45958011366798235, 0.5100705186989221, 0.003302145289383318, 0.008420101328964221, 0.015324975725364844, 0.003302145289383318], [0.4388570862904398, 0.3945769749485513, 0.01518727792099784, 0.01518727792099784, 0.021452344967683955, 0.1147390379513293], [0.2653485299430202, 0.6189732376838497, 0.003411907969499313, 0.007746380116651947, 0.10110803631747942, 0.003411907969499313], [0.26481878010368975, 0.6210329075760319, 0.0034153943879750635, 0.007754083941768815, 0.09956343960255946, 0.0034153943879750635], [0.2594297668316817, 0.5527024921268611, 0.003776448877120837, 0.0073997040546116225, 0.1729151392326041, 0.003776448877120837], [0.7527536585538337, 0.22763415266648954, 0.003038859806180152, 0.005956799999315713, 0.007577669168000749, 0.003038859806180152], [0.7572405292785344, 0.2231450840991417, 0.0030391515205984007, 0.005957510536246813, 0.007578573044880304, 0.0030391515205984007], [0.2875893903220063, 0.5342330481939374, 0.003819492333842353, 0.007483917022674779, 0.1630546597936969, 0.003819492333842353], [0.5212269971488881, 0.31207893215405985, 0.015421788835048878, 0.015421788835048878, 0.01934184291166334, 0.11650865011529099], [0.7999791985882554, 0.1735396705305114, 0.010949587478211087, 0.005497930494446354, 0.006895851111564541, 0.003137761797011184], [0.29174692934539054, 0.3956380485036787, 0.014460783958472926, 0.007153652485238223, 0.2868735465466078, 0.004127039160611725], [0.7476927397110364, 0.2197356585121244, 0.014226472841591946, 0.0067222363883691575, 0.00834813766026123, 0.0032747548866168845], [0.33251264578682954, 0.39876659849359525, 0.015135505579526712, 0.007487432729459857, 0.24177772247892512, 0.004320094931663597], [0.8939423049569107, 0.08385594321451921, 0.0037158734281837833, 0.0037158734281837833, 0.011054131544018644, 0.0037158734281837833], [0.7284265256249556, 0.23774990295878348, 0.01520396025665986, 0.006823781436270538, 0.008474243317608425, 0.0033215864057222285], [0.2852682119934877, 0.616828557758109, 0.003435942596665661, 0.00771302414380867, 0.08331832091126333, 0.003435942596665661], [0.46271024042669134, 0.5030119614015124, 0.0033380987022086617, 0.010237628129228127, 0.01736397263815081, 0.0033380987022086617], [0.62080497433199, 0.35303259209163035, 0.0030622460034133354, 0.006769927810175227, 0.013268013759377799, 0.0030622460034133354], [0.6449763110596097, 0.33104444633883556, 0.0030739180137344434, 0.00679553034717557, 0.011035876226910256, 0.0030739180137344434], [0.667883089585849, 0.30554375648130916, 0.003081485263875713, 0.0068128162973038016, 0.013597367107786583, 0.003081485263875713], [0.6647595493508717, 0.31205532808182135, 0.003084851006145986, 0.006819715569310619, 0.0101957049857045, 0.003084851006145986], [0.7079661259266771, 0.26793596591169166, 0.003038531565904451, 0.005901607207252698, 0.01211923782256957, 0.003038531565904451], [0.7220821174178357, 0.25644790882074625, 0.0030383701414185824, 0.0059003613688564, 0.009492872109724541, 0.0030383701414185824], [0.7800762465879897, 0.18585241389800636, 0.010853271676916335, 0.005449569400893912, 0.014632697675270681, 0.003135800760923077], [0.8356159633022577, 0.08470609906850947, 0.004184419908896684, 0.009985174448930444, 0.06139996813050351, 0.004108375140902072]], [[0.8334523839645335, 0.10149780786605334, 0.004665071617977834, 0.0101197310396215, 0.046072346010042974, 0.0041926595017709], [0.5927100348611948, 0.35168983033371465, 0.01641670217627172, 0.008389747023396966, 0.027535480155979723, 0.0032582054494422388], [0.3388662653393539, 0.6152961782421935, 0.0031553275075064786, 0.009688786743782145, 0.02983811465965742, 0.0031553275075064786], [0.5292842045278893, 0.44283556558422105, 0.0030660860403903907, 0.006781464004281883, 0.014966593802827034, 0.0030660860403903907], [0.6026011960885908, 0.3755939762709307, 0.0030746468136148767, 0.006795922521088492, 0.008859611492160191, 0.0030746468136148767], [0.7198966515631285, 0.24549400415511755, 0.014214549176668943, 0.006716602265623443, 0.01040982951768822, 0.003268363321773287], [0.6415777164985486, 0.33349494684052794, 0.003070967212655499, 0.006788547171885608, 0.011996855063726917, 0.003070967212655499], [0.46000635482585495, 0.4963318548459304, 0.00332009080900377, 0.008371026796217026, 0.02865058191399018, 0.00332009080900377], [0.593626352549474, 0.3846303659729971, 0.0030666024960374627, 0.006776189828698013, 0.0088338866567561, 0.0030666024960374627], [0.6064123062731429, 0.3718445370345324, 0.003067606647493302, 0.006775263874875301, 0.008832679522462934, 0.003067606647493302], [0.6516188885048191, 0.3265479831110708, 0.00308050315674627, 0.006803123243373643, 0.008868998827244044, 0.00308050315674627], [0.645523620263596, 0.3326649149362178, 0.003077907222570839, 0.006795973023986064, 0.00885967733105849, 0.003077907222570839], [0.6583885106324132, 0.3197586904181176, 0.0030837059395480418, 0.006808881457082803, 0.008876505613290191, 0.0030837059395480418], [0.6429086731394812, 0.33529130424263326, 0.0030768775593357604, 0.006791900013049766, 0.008854367486164447, 0.0030768775593357604], [0.43395510193300335, 0.3972138022994831, 0.015153346503225602, 0.015153346503225602, 0.024041700654701806, 0.1144827021063605], [0.4713056892727105, 0.3671189553885899, 0.015308299613569904, 0.015308299613569904, 0.015308299613569904, 0.11565045649798986], [0.4590748220227007, 0.37788013283214156, 0.015263329626029425, 0.015263329626029425, 0.01720660120009261, 0.11531178469300638], [0.3163479991058798, 0.6057215627961101, 0.003524864777189302, 0.008002347889659395, 0.06287836065397226, 0.003524864777189302], [0.7364739972258725, 0.24391080078589758, 0.003039363068340154, 0.005957683182578489, 0.007578792668971202, 0.003039363068340154], [0.7491774638214704, 0.2312134729373928, 0.0030387622581306783, 0.005955510250946908, 0.007576028473928445, 0.0030387622581306783], [0.7553208543035027, 0.22506849160764197, 0.00303900463479026, 0.005955997065984692, 0.007576647753290311, 0.00303900463479026], [0.7563924903277219, 0.22399557862764966, 0.0030390826382237354, 0.0059564904187981585, 0.00757727534938284, 0.0030390826382237354], [0.7599519235331875, 0.22043250548540608, 0.003039419289960846, 0.005957796095514631, 0.007578936305970091, 0.003039419289960846], [0.36568933222464844, 0.4980422417556485, 0.004024578954059988, 0.007885567836560189, 0.12033370027502295, 0.004024578954059988], [0.756594307397408, 0.22378900147063419, 0.00303909701824279, 0.005958572773861824, 0.007579924321610308, 0.00303909701824279], [0.7573110823748588, 0.2232404214994455, 0.003036965882668192, 0.005886422584272883, 0.007488141776086482, 0.003036965882668192], [0.32161442900310977, 0.3826757731943756, 0.014769104712668157, 0.007306176686957378, 0.26941865767507783, 0.004215858727811244], [0.915282591994542, 0.06821530263229277, 0.0035017782891923494, 0.0035017782891923494, 0.005996770505588056, 0.0035017782891923494], [0.30736461474580445, 0.4090279401776736, 0.014856185612209648, 0.007349255021798053, 0.2571615356464179, 0.004240468796096193], [0.6702601983664389, 0.30784709989245834, 0.0030901298625384496, 0.006820625758766414, 0.008891816257259518, 0.0030901298625384496], [0.6347949672295363, 0.3417413585607567, 0.0031138456133813705, 0.006875972519018285, 0.010360010463925939, 0.0031138456133813705], [0.6255572750964075, 0.3509981970427612, 0.0031101089258156263, 0.006871315804819922, 0.010352994204380234, 0.0031101089258156263], [0.6578939663114651, 0.32024206444142667, 0.003083455052120102, 0.006813948195800881, 0.008883110947067195, 0.003083455052120102], [0.6619523445338775, 0.3155092045214468, 0.003084395586522411, 0.00681819441260874, 0.009551465359022022, 0.003084395586522411], [0.6264075864535615, 0.3487925667674566, 0.003079740660484435, 0.006808385470603955, 0.011831979987409067, 0.003079740660484435], [0.6497112988387329, 0.3283157287871027, 0.00309826654380873, 0.006848406382005069, 0.008928032904541885, 0.00309826654380873], [0.6385945034251088, 0.33755864903093463, 0.0030716486949859917, 0.006792340379204484, 0.0109112097747801, 0.0030716486949859917], [0.7083917192481476, 0.2686563571402489, 0.0030404759156438224, 0.005904044682532331, 0.010966927097783663, 0.0030404759156438224], [0.7752064813533839, 0.19192089071997212, 0.010869479068265143, 0.005457707343681306, 0.013402773046714608, 0.003142668467982933], [0.8684199456371702, 0.07247439119143256, 0.0037775836132459004, 0.007435471042975447, 0.044115024901929895, 0.0037775836132459004]], [[0.8185373232385099, 0.10896997053672444, 0.004745096635694415, 0.010738909907743696, 0.05264545876521701, 0.004363240916110485], [0.6471857234005168, 0.3030098365226935, 0.016513798583166612, 0.006951953212107961, 0.0230326913510891, 0.0033059969304260364], [0.48113977804492136, 0.4908059186647127, 0.0030713822032850053, 0.0067932963509781, 0.015118242532817855, 0.0030713822032850053], [0.5311205060225404, 0.44511667801159993, 0.0030641413039942636, 0.00677608751437493, 0.01085844584349625, 0.0030641413039942636], [0.24428477232465134, 0.493465466799985, 0.016523472369497198, 0.007850386403368943, 0.2342075151156428, 0.0036683869868548388], [0.8306835178028663, 0.1301460776743569, 0.004479659337340609, 0.004479659337340609, 0.025731426510754978, 0.004479659337340609], [0.7315481472132362, 0.23324223363664787, 0.014209091986081434, 0.0067140236556226295, 0.011019230330005101, 0.0032672731784066824], [0.6379297290916611, 0.33768332269867857, 0.003070478380023578, 0.006787376522859387, 0.011458614926753726, 0.003070478380023578], [0.5868979830441262, 0.3913648327048739, 0.003066545045886858, 0.006773592956211463, 0.008830501203014667, 0.003066545045886858], [0.5593459208586858, 0.4189129586759746, 0.0030666215981493983, 0.006775235169192967, 0.008832642099847783, 0.0030666215981493983], [0.6159067902106412, 0.36234453328087257, 0.003069102768365878, 0.006776361071552436, 0.008834109900201899, 0.003069102768365878], [0.6595209721861969, 0.3186243959897691, 0.0030842750342060916, 0.006809183013524372, 0.008876898742097496, 0.0030842750342060916], [0.6777356512754155, 0.30033371546617393, 0.0030947017069822614, 0.0068331222888323015, 0.008908107555613833, 0.0030947017069822614], [0.4558870823856914, 0.3660461483910463, 0.01506952057587441, 0.01506952057587441, 0.034074420127363454, 0.11385330794414997], [0.6569898555196914, 0.3211640577524469, 0.0030830179826371756, 0.0068065650152272636, 0.008873485747360205, 0.0030830179826371756], [0.45033546430288385, 0.3813588952915608, 0.015179008320316323, 0.015179008320316323, 0.023271782413005666, 0.11467584135191729], [0.6564975077946323, 0.3214084386945036, 0.0030933089141253313, 0.006905271171826002, 0.00900216451078749, 0.0030933089141253313], [0.7130187537770856, 0.26732751892751566, 0.0030442970672156424, 0.005970295857564849, 0.00759483730340263, 0.0030442970672156424], [0.7223930019351094, 0.2579762954480929, 0.003041739574197418, 0.005962413431195702, 0.007584810037207126, 0.003041739574197418], [0.7428896662618899, 0.23749707318484914, 0.003038873961410708, 0.005957259249032469, 0.007578253381407187, 0.003038873961410708], [0.7372992169330693, 0.24308658160666485, 0.003039279440562176, 0.005957316442145679, 0.007578326136995868, 0.003039279440562176], [0.7514854957833802, 0.22890297832590006, 0.0030388114318738338, 0.005956550829232929, 0.00757735219773918, 0.0030388114318738338], [0.5152116166176601, 0.31961897143028184, 0.01541212075282347, 0.01541212075282347, 0.01791159545482514, 0.11643357499158585], [0.5539439464910788, 0.27608446713269447, 0.01556628909967536, 0.01556628909967536, 0.0212403054319237, 0.11759870274495234], [0.3694201855613864, 0.5047630337649033, 0.004059982159936519, 0.00795492435381104, 0.10974189200002629, 0.004059982159936519], [0.8110518704312447, 0.16279954256987456, 0.010797591083616118, 0.005421611448075146, 0.00680012695112198, 0.0031292575160675657], [0.9200382303031509, 0.0640798