{"prediction": [[[0.98500332438622, 0.002999335122756038, 0.002999335122756038, 0.002999335122756038, 0.002999335122756038, 0.002999335122756038], [0.98500332438622, 0.002999335122756038, 0.002999335122756038, 0.002999335122756038, 0.002999335122756038, 0.002999335122756038], [0.98500332438622, 0.002999335122756038, 0.002999335122756038, 0.002999335122756038, 0.002999335122756038, 0.002999335122756038], [0.98500332438622, 0.002999335122756038, 0.002999335122756038, 0.002999335122756038, 0.002999335122756038, 0.002999335122756038], [0.98500332438622, 0.002999335122756038, 0.002999335122756038, 0.002999335122756038, 0.002999335122756038, 0.002999335122756038], [0.98500332438622, 0.002999335122756038, 0.002999335122756038, 0.002999335122756038, 0.002999335122756038, 0.002999335122756038], [0.98500332438622, 0.002999335122756038, 0.002999335122756038, 0.002999335122756038, 0.002999335122756038, 0.002999335122756038], [0.98500332438622, 0.002999335122756038, 0.002999335122756038, 0.002999335122756038, 0.002999335122756038, 0.002999335122756038], [0.98500332438622, 0.002999335122756038, 0.002999335122756038, 0.002999335122756038, 0.002999335122756038, 0.002999335122756038], [0.98500332438622, 0.002999335122756038, 0.002999335122756038, 0.002999335122756038, 0.002999335122756038, 0.002999335122756038], [0.98500332438622, 0.002999335122756038, 0.002999335122756038, 0.002999335122756038, 0.002999335122756038, 0.002999335122756038], [0.98500332438622, 0.002999335122756038, 0.002999335122756038, 0.002999335122756038, 0.002999335122756038, 0.002999335122756038], [0.98500332438622, 0.002999335122756038, 0.002999335122756038, 0.002999335122756038, 0.002999335122756038, 0.002999335122756038], [0.98500332438622, 0.002999335122756038, 0.002999335122756038, 0.002999335122756038, 0.002999335122756038, 0.002999335122756038], [0.98500332438622, 0.002999335122756038, 0.002999335122756038, 0.002999335122756038, 0.002999335122756038, 0.002999335122756038], [0.98500332438622, 0.002999335122756038, 0.002999335122756038, 0.002999335122756038, 0.002999335122756038, 0.002999335122756038], [0.98500332438622, 0.002999335122756038, 0.002999335122756038, 0.002999335122756038, 0.002999335122756038, 0.002999335122756038], [0.98500332438622, 0.002999335122756038, 0.002999335122756038, 0.002999335122756038, 0.002999335122756038, 0.002999335122756038], [0.98500332438622, 0.002999335122756038, 0.002999335122756038, 0.002999335122756038, 0.002999335122756038, 0.002999335122756038], [0.98500332438622, 0.002999335122756038, 0.002999335122756038, 0.002999335122756038, 0.002999335122756038, 0.002999335122756038], [0.98500332438622, 0.002999335122756038, 0.002999335122756038, 0.002999335122756038, 0.002999335122756038, 0.002999335122756038], [0.98500332438622, 0.002999335122756038, 0.002999335122756038, 0.002999335122756038, 0.002999335122756038, 0.002999335122756038], [0.98500332438622, 0.002999335122756038, 0.002999335122756038, 0.002999335122756038, 0.002999335122756038, 0.002999335122756038], [0.98500332438622, 0.002999335122756038, 0.002999335122756038, 0.002999335122756038, 0.002999335122756038, 0.002999335122756038], [0.98500332438622, 0.002999335122756038, 0.002999335122756038, 0.002999335122756038, 0.002999335122756038, 0.002999335122756038], [0.98500332438622, 0.002999335122756038, 0.002999335122756038, 0.002999335122756038, 0.002999335122756038, 0.002999335122756038], [0.98500332438622, 0.002999335122756038, 0.002999335122756038, 0.002999335122756038, 0.002999335122756038, 0.002999335122756038], [0.98500332438622, 0.002999335122756038, 0.002999335122756038, 0.002999335122756038, 0.002999335122756038, 0.002999335122756038], [0.98500332438622, 0.002999335122756038, 0.002999335122756038, 0.002999335122756038, 0.002999335122756038, 0.002999335122756038], [0.98500332438622, 0.002999335122756038, 0.002999335122756038, 0.002999335122756038, 0.002999335122756038, 0.002999335122756038], [0.98500332438622, 0.002999335122756038, 0.002999335122756038, 0.002999335122756038, 0.002999335122756038, 0.002999335122756038], [0.98500332438622, 0.002999335122756038, 0.002999335122756038, 0.002999335122756038, 0.002999335122756038, 0.002999335122756038], [0.98500332438622, 0.002999335122756038, 0.002999335122756038, 0.002999335122756038, 0.002999335122756038, 0.002999335122756038], [0.98500332438622, 0.002999335122756038, 0.002999335122756038, 0.002999335122756038, 0.002999335122756038, 0.002999335122756038], [0.98500332438622, 0.002999335122756038, 0.002999335122756038, 0.002999335122756038, 0.002999335122756038, 0.002999335122756038], [0.98500332438622, 0.002999335122756038, 0.002999335122756038, 0.002999335122756038, 0.002999335122756038, 0.002999335122756038], [0.98500332438622, 0.002999335122756038, 0.002999335122756038, 0.002999335122756038, 0.002999335122756038, 0.002999335122756038], [0.98500332438622, 0.002999335122756038, 0.002999335122756038, 0.002999335122756038, 0.002999335122756038, 0.002999335122756038], [0.98500332438622, 0.002999335122756038, 0.002999335122756038, 0.002999335122756038, 0.002999335122756038, 0.002999335122756038], [0.98500332438622, 0.002999335122756038, 0.002999335122756038, 0.002999335122756038, 0.002999335122756038, 0.002999335122756038]], [[0.98500332438622, 0.002999335122756038, 0.002999335122756038, 0.002999335122756038, 0.002999335122756038, 0.002999335122756038], [0.8645148457577722, 0.07737985455262401, 0.040093154717385775, 0.005870169469065975, 0.00911587302033901, 0.003026102482813243], [0.8001368301167319, 0.09937952317287459, 0.07500631831985062, 0.008927049121748569, 0.013545986103502978, 0.0030042931652914146], [0.7782361004528888, 0.10507282557658759, 0.08715153511851889, 0.010279155756700523, 0.016257242317950366, 0.0030031407773538025], [0.726725742362292, 0.1288152491740272, 0.10946629566830632, 0.011862594882856563, 0.020124703930877837, 0.0030054139816399657], [0.6879785890823145, 0.13882129182491834, 0.13299571816608347, 0.013767592914882781, 0.02340466075715748, 0.003032147254643392], [0.73515872909374, 0.124259523437052, 0.10682292450274061, 0.011274967783070886, 0.01947948140068867, 0.0030043737827078376], [0.7859814823257505, 0.10916865400490777, 0.07841949077697802, 0.009192832071893491, 0.014232539718934257, 0.003005001101536168], [0.8380377464628268, 0.08419698010085437, 0.05696779179613888, 0.006866917665191801, 0.010918327524202093, 0.0030122364507861633], [0.01374432205909576, 0.06087857284478168, 0.031293530722844354, 0.003952752991400707, 0.887117108126059, 0.0030137132558184726], [0.011166831238404317, 0.049452561339515345, 0.022001134564963876, 0.0033375052762974807, 0.9110377396290058, 0.0030042279518131664], [0.9261557465049788, 0.04569086064337831, 0.017325560505691732, 0.0033537751572723876, 0.004471543111584001, 0.003002514077094724], [0.9349984538100764, 0.03953418074757081, 0.014992438089714401, 0.0033530284146076807, 0.004119134223526673, 0.003002764714503843], [0.010281740423327404, 0.041185420771770835, 0.017637862964917685, 0.0030501663818000326, 0.9248427674736281, 0.003002041984555938], [0.9234941931140541, 0.045376829657424726, 0.01983109604051769, 0.003397695970725183, 0.00489827758698498, 0.0030019076302932697], [0.9174508040518239, 0.04820800443780972, 0.021804149311279702, 0.003903805488065883, 0.005631142407880215, 0.003002094303140571], [0.8916260187864722, 0.06079183386765208, 0.03245149777803264, 0.004925153207832444, 0.007195344335616049, 0.0030101520243944525], [0.8240842370600951, 0.09062858519373872, 0.06157514464993292, 0.008326619333260914, 0.012378672361153403, 0.0030067414018189144], [0.03226097788055074, 0.11734837419176855, 0.085296930397781, 0.009551028018678435, 0.7525340652991267, 0.0030086242120945504], [0.03808536671954546, 0.1305836072119648, 0.14591461163077019, 0.011505568004937766, 0.6708995340581579, 0.003011312374623801], [0.045122933509618886, 0.15726424849123302, 0.1522190182738908, 0.01389579520987272, 0.6284650740347705, 0.003032930480614005], [0.6916664274161058, 0.1369369969497117, 0.13559286899723114, 0.01283015701696531, 0.01995391953569168, 0.003019630084294348], [0.7637210977207619, 0.11124046127457846, 0.09509432050918461, 0.010092766110238707, 0.016845657987275078, 0.003005696397961244], [0.8186186480268781, 0.09120404939163651, 0.06639878134115634, 0.008169607624735509, 0.012592690975774522, 0.0030162226398189602], [0.882207808084505, 0.07047460881873596, 0.03211882215361415, 0.004969327275875741, 0.00722754158917293, 0.003001892078096084], [0.013654742283534896, 0.05445749434012059, 0.02479598377465677, 0.00377095088834279, 0.9003114405779277, 0.0030093881354173106], [0.013213570405317267, 0.05539332152448081, 0.025774214822769436, 0.0038748817361443704, 0.898733756450258, 0.003010255061030115], [0.024488479804266383, 0.09245139195076753, 0.050805893577955584, 0.0067979009783141016, 0.8224393242689255, 0.0030170094197708927], [0.7778022395598159, 0.10782029887211733, 0.08541196283005446, 0.010098769068211366, 0.015862979612035512, 0.0030037500577654234], [0.041444093789787424, 0.14057414247922512, 0.12673056803682065, 0.012480764561497123, 0.6757434186543716, 0.003027012478298044], [0.05483039433414572, 0.19547518838325093, 0.17570823989189419, 0.017101546480542348, 0.5538679688888246, 0.0030166620213422615], [0.0766191067021741, 0.23403837236222808, 0.27504460836601324, 0.021301832071220304, 0.3899683001761256, 0.0030277803222388032], [0.12373469711173447, 0.21947660625219653, 0.2565075132625271, 0.027095844287032902, 0.37014656942162594, 0.0030387696648831006], [0.98500332438622, 0.002999335122756038, 0.002999335122756038, 0.002999335122756038, 0.002999335122756038, 0.002999335122756038], [0.06078010457432673, 0.17002256592939205, 0.13094209438584062, 0.01594597226349965, 0.619262462532791, 0.003046800314150042], [0.737611835533982, 0.11796601503766066, 0.11021589258441142, 0.01179121873815913, 0.019404123353245303, 0.0030109147525414818], [0.8091257214742297, 0.09055880288685195, 0.07303306783295924, 0.009002849042983348, 0.015266530756183085, 0.003013028006792745], [0.8334177935161016, 0.08467928091173586, 0.05780666122896619, 0.007680228340034837, 0.013406431516988697, 0.003009604486172947], [0.8731192426268121, 0.07923021346680462, 0.03121373888359415, 0.0050796798267393, 0.008354952143750578, 0.0030021730522993267], [0.98500332438622, 0.002999335122756038, 0.002999335122756038, 0.002999335122756038, 0.002999335122756038, 0.002999335122756038]], [[0.98500332438622, 0.002999335122756038, 0.002999335122756038, 0.002999335122756038, 0.002999335122756038, 0.002999335122756038], [0.02746811658814932, 0.09646829281877, 0.06674200732287486, 0.007741280533328883, 0.7985683439435018, 0.003011958793374954], [0.7809075719436684, 0.1888378834649303, 0.003006814829540512, 0.0099776611696539, 0.014263253762666241, 0.003006814829540512], [0.04121590644931457, 0.24097173662973398, 0.0030139382382387957, 0.012937275215901536, 0.6988472052285722, 0.0030139382382387957], [0.6580346510840501, 0.3007849159978907, 0.0030310511223705346, 0.013757581148051243, 0.021360749525266908, 0.0030310511223705346], [0.5626553398021492, 0.3895115036266151, 0.0030137737818456654, 0.01591756147275813, 0.02588804753478635, 0.0030137737818456654], [0.6456858296077614, 0.3144556669352571, 0.003039782846924859, 0.01336177510275688, 0.02041716266037484, 0.003039782846924859], [0.7285559055216573, 0.23706560135405783, 0.003013766223796502, 0.011219520406823072, 0.017131440269868948, 0.003013766223796502], [0.7979168841970734, 0.1774360239015514, 0.0030111084190096514, 0.0076965621483863775, 0.010928312914969603, 0.0030111084190096514], [0.8454943104218686, 0.13458511702636647, 0.0030253779382618624, 0.005871404161133667, 0.007998412514107624, 0.0030253779382618624], [0.9011326532343626, 0.0846476958974526, 0.0030041042985725487, 0.003538466269575409, 0.004672976001464333, 0.0030041042985725487], [0.009385964118067216, 0.07131775563467886, 0.0030020546046367665, 0.003479884533040359, 0.9098122865049401, 0.0030020546046367665], [0.008818405503661433, 0.06549090780128775, 0.0030023491119969656, 0.0034799067579620374, 0.9162060817130949, 0.0030023491119969656], [0.9230874660530273, 0.0634681762286638, 0.0030008076392743924, 0.0033269187815040714, 0.004115823658256022, 0.0030008076392743924], [0.011483529268855612, 0.0803738100596089, 0.0030018480161643673, 0.003625088705295084, 0.8985138759339117, 0.0030018480161643673], [0.8985707104522441, 0.08585835722557425, 0.0030049036866424098, 0.003978671065965376, 0.005582453882931427, 0.0030049036866424098], [0.840916426253253, 0.13570976322765682, 0.0030184337435920994, 0.006948149121635943, 0.010388793910269981, 0.0030184337435920994], [0.034585137200170785, 0.18859085997502242, 0.003031337373486312, 0.010411400680242449, 0.7603499273975918, 0.003031337373486312], [0.6994191738164821, 0.2653395450800671, 0.0030290951929337396, 0.0120213911433439, 0.017161699574239485, 0.0030290951929337396], [0.6053549129025718, 0.35314777059822844, 0.003020536630869241, 0.014556461137934752, 0.020899782099526636, 0.003020536630869241], [0.05326539731281111, 0.44668009891437677, 0.0030277243233664724, 0.01841044252802247, 0.4755886125980567, 0.0030277243233664724], [0.04425615882666582, 0.3515672785771752, 0.0030497700588935886, 0.0156255707591977, 0.5824514517191741, 0.0030497700588935886], [0.6839150301629627, 0.27931370526784577, 0.0030176770598278678, 0.012041028386638487, 0.01869488206289726, 0.0030176770598278678], [0.7783449141359404, 0.19021881919201966, 0.0030066079649222924, 0.00994385163427964, 0.015479199107915561, 0.0030066079649222924], [0.8296843178664858, 0.14404704099939816, 0.003023944905492736, 0.007860609446600353, 0.012360141876530317, 0.003023944905492736], [0.8999373092538765, 0.08330007503521315, 0.003004612647934835, 0.0044857000912119594, 0.0062676903238286985, 0.003004612647934835], [0.022359865302756514, 0.12241432132622806, 0.003033464587710085, 0.006694464004946713, 0.8424644201906484, 0.003033464587710085], [0.8141993733524958, 0.15794899483810235, 0.003025490714005704, 0.008657489555370067, 0.013143160826020387, 0.003025490714005704], [0.7439198614146854, 0.21953814250672593, 0.003007702146666409, 0.011822100172441358, 0.018704491612814445, 0.003007702146666409], [0.6369351765880638, 0.31603619596648463, 0.003021295126499973, 0.016066759351806126, 0.02491927784064558, 0.003021295126499973], [0.0630984714749541, 0.44434589617394615, 0.003025718885522522, 0.019905099816748487, 0.46659909476330624, 0.003025718885522522], [0.10419165537720464, 0.47825855932629757, 0.0030263995905335916, 0.0285029553481532, 0.38299403076727745, 0.0030263995905335916], [0.2276127032169376, 0.2319551596777691, 0.39859840567193744, 0.034097950924922446, 0.10473179365129663, 0.0030039868571368382], [0.98500332438622, 0.002999335122756038, 0.002999335122756038, 0.002999335122756038, 0.002999335122756038, 0.002999335122756038], [0.5448276607752026, 0.18135996521677683, 0.22242895425514161, 0.01856061874961452, 0.02981528695497618, 0.0030075140482882677], [0.04971620514662812, 0.2641080910455615, 0.0031107843347337244, 0.013530614599544818, 0.6664235205387982, 0.0031107843347337244], [0.765175080823039, 0.20291608456413407, 0.0030062431714795684, 0.009447058918082377, 0.016449289351785412, 0.0030062431714795684], [0.8059559791592213, 0.16591572666438084, 0.0030168967264772293, 0.008273546175103237, 0.013820954548340036, 0.0030168967264772293], [0.8451730023110227, 0.08075289396513029, 0.05223824412992007, 0.007214925393941131, 0.01160667033853014, 0.003014263861455706], [0.98500332438622, 0.002999335122756038, 0.002999335122756038, 0.002999335122756038, 0.002999335122756038, 0.002999335122756038]], [[0.98500332438622, 0.002999335122756038, 0.002999335122756038, 0.002999335122756038, 0.002999335122756038, 0.002999335122756038], [0.8010957318096339, 0.0984022340352665, 0.0741132107242579, 0.00924211883458172, 0.014142816568998127, 0.0030038880272617147], [0.7320184946823071, 0.22726756050398572, 0.0030221275849431225, 0.011659752066538461, 0.023009937577282577, 0.0030221275849431225], [0.6653370021634385, 0.28970908688001196, 0.003031654104979036, 0.014615776737039168, 0.0242748260095522, 0.003031654104979036], [0.5414935035968906, 0.40476273178670763, 0.0030123490236273823, 0.01777632565025585, 0.02994274091889112, 0.0030123490236273823], [0.49823540869190786, 0.4214851796767145, 0.003002537497856638, 0.025487857471371785, 0.04878647916429256, 0.003002537497856638], [0.060680125280816295, 0.4227978353923822, 0.003023574032641939, 0.018693021286581048, 0.49178186997493656, 0.003023574032641939], [0.6635748713789367, 0.29866637027358844, 0.0030352113781521002, 0.012526701215314951, 0.019161634375855798, 0.0030352113781521002], [0.03316085807199559, 0.21028783817136207, 0.0030120488754003566, 0.01042645502961187, 0.7401007509762297, 0.0030120488754003566], [0.8180867982648207, 0.1584344984336864, 0.0030238586099725013, 0.007039404350788807, 0.010391581730759299, 0.0030238586099725013], [0.8416616310186268, 0.1376777235931259, 0.0030368973897921, 0.006072845394911383, 0.008514005213751752, 0.0030368973897921], [0.9022412495514767, 0.0840469130566678, 0.003004111066241698, 0.003385274349379485, 0.004318340909992773, 0.003004111066241698], [0.9091114606749119, 0.07720361931094018, 0.003002295759105297, 0.0033834156849299707, 0.004296912811007429, 0.003002295759105297], [0.9052034288711224, 0.08042777041284989, 0.0030039403875407674, 0.0036315607035728734, 0.0047293592373733795, 0.0030039403875407674], [0.858834400122764, 0.12123810476109959, 0.003038611564347675, 0.005640890264112532, 0.008209381723328446, 0.003038611564347675], [0.8243602204597561, 0.1498530267060357, 0.0030359919748894847, 0.007716880446623339, 0.011997888437805885, 0.0030359919748894847], [0.032179500574217236, 0.16155313141731417, 0.003013324738462322, 0.009703054048874173, 0.7905376644826698, 0.003013324738462322], [0.7305454796071101, 0.23309800058449687, 0.0030046012088416696, 0.0112533522403685, 0.019093965150341154, 0.0030046012088416696], [0.05413895472481317, 0.2994159329907897, 0.003074150958203525, 0.01609373511932565, 0.6242030752486644, 0.003074150958203525], [0.0643801515435338, 0.4700661558634015, 0.0030391185125435817, 0.019332153400263594, 0.4401433021677139, 0.0030391185125435817], [0.45007554549243145, 0.4769288248408337, 0.0030106420340234186, 0.023873401104974986, 0.04310094449371293, 0.0030106420340234186], [0.45424837707612, 0.4921345839585466, 0.0030428972887849635, 0.021277704398020195, 0.026253539989743297, 0.0030428972887849635], [0.6328762391240393, 0.32433247122171466, 0.0030390572022300404, 0.014365216987305465, 0.02234795826248042, 0.0030390572022300404], [0.7307777529927085, 0.2248301841745074, 0.0030138025939486627, 0.012891659762535581, 0.025472797882351135, 0.0030138025939486627], [0.7982511531136994, 0.16663333827943094, 0.0030094985497419995, 0.010940490946936924, 0.018156020560448762, 0.0030094985497419995], [0.8187667430974038, 0.14876308863479018, 0.0030270600939479616, 0.010016990228779273, 0.016399057851130674, 0.0030270600939479616], [0.8776932675317258, 0.1002165909528469, 0.003014411100781086, 0.006355573493312984, 0.009705745820552076, 0.003014411100781086], [0.8124645155299325, 0.15522107087613837, 0.0030053766756898935, 0.01009370550290306, 0.01620995473964643, 0.0030053766756898935], [0.043697876365771625, 0.20193369709846337, 0.0030050823551109993, 0.012861129225188698, 0.7354971326003543, 0.0030050823551109993], [0.6768159549890612, 0.27500979675934206, 0.003028953602581783, 0.015688193360131237, 0.02642814768630196, 0.003028953602581783], [0.6068734047312366, 0.3405037719551813, 0.003012151066020834, 0.017163774515258596, 0.029434746666281868, 0.003012151066020834], [0.4770977993018378, 0.45310141177469365, 0.003010111197008654, 0.02285425445556724, 0.04092631207388398, 0.003010111197008654], [0.45387659807867725, 0.20668369088916888, 0.24216171502862185, 0.02770719807840667, 0.06655031191056959, 0.003020486014555759], [0.98500332438622, 0.002999335122756038, 0.002999335122756038, 0.002999335122756038, 0.002999335122756038, 0.002999335122756038], [0.06289836654358492, 0.14964785827458044, 0.13834543488873632, 0.017042754779767334, 0.6290314364548516, 0.003034149058479388], [0.7309138050081968, 0.23093156613602417, 0.003003286819555056, 0.011700135197190296, 0.020447920019478594, 0.003003286819555056], [0.7842722791077248, 0.18749845492288716, 0.00301097882002662, 0.008419526400584808, 0.013787781928749928, 0.00301097882002662], [0.028917874861637955, 0.17987706149072358, 0.003022484386138081, 0.008838281584068667, 0.7763218132912937, 0.003022484386138081], [0.8659581194339454, 0.07043159870838993, 0.045400998806260785, 0.006365568311646361, 0.008819635139631765, 0.0030240796001257566], [0.98500332438622, 0.002999335122756038, 0.002999335122756038, 0.002999335122756038, 0.002999335122756038, 0.002999335122756038]], [[0.98500332438622, 0.002999335122756038, 0.002999335122756038, 0.002999335122756038, 0.002999335122756038, 0.002999335122756038], [0.7703240673250268, 0.10992045832018019, 0.08770564324068866, 0.010839651581855935, 0.01820670913789982, 0.003003470394348699], [0.6978097471369502, 0.2562185614811931, 0.0030468785231602354, 0.014687981364427354, 0.025189952971108945, 0.0030468785231602354], [0.6141298278127322, 0.32855353880832205, 0.003019763826123167, 0.018145259393564855, 0.03313184633313474, 0.003019763826123167], [0.509698898218858, 0.3914157773464205, 0.0030008115663399905, 0.028282612422361218, 0.06460108887968018, 0.0030008115663399905], [0.2644602068775474, 0.5651843296053414, 0.003010601167642326, 0.03548053241072465, 0.1288537287711019, 0.003010601167642326], [0.5141298810849458, 0.40593364290302203, 0.003000969772979887, 0.02504494569744457, 0.048889590768627714, 0.003000969772979887], [0.5942745727736586, 0.35402590623303953, 0.0030163628333868702, 0.017021403473707553, 0.028645391852820612, 0.0030163628333868702], [0.7078034801649046, 0.2547456759526621, 0.0030772081147309176, 0.01215042621199147, 0.01914600144097997, 0.0030772081147309176], [0.8013228341063456, 0.16973541504056777, 0.0030083903132815193, 0.009114229335158985, 0.01381074089136465, 0.0030083903132815193], [0.835435094407652, 0.14299635736252075, 0.003032979650332211, 0.006312200745614648, 0.00919038818354824, 0.003032979650332211], [0.020886640746740542, 0.1263709580115783, 0.003042390297780245, 0.006063281990163199, 0.8405943386559573, 0.003042390297780245], [0.893957966619071, 0.09072264907663957, 0.0030060378181415884, 0.003971545826163563, 0.0053357628418426355, 0.0030060378181415884], [0.8445825444426021, 0.13340182815324453, 0.003029482680317185, 0.006470807435059299, 0.009485854608459668, 0.003029482680317185], [0.8168233107240019, 0.15655941829337, 0.003015547818569486, 0.00812050571220445, 0.012465669633284684, 0.003015547818569486], [0.803817355039571, 0.16430588372411187, 0.003005767394033222, 0.010012091117858033, 0.01585313533039266, 0.003005767394033222], [0.7640841278437839, 0.19899180403015984, 0.00300421100966447, 0.011350738783039866, 0.01956490732368744, 0.00300421100966447], [0.05692348454876213, 0.26728902345622957, 0.0031072430163462442, 0.01761293917571626, 0.6519600667865996, 0.0031072430163462442], [0.5860537661733132, 0.35915410547412013, 0.003009739154476682, 0.017428015860462717, 0.031344634183150616, 0.003009739154476682], [0.5043198156019973, 0.41155091131166677, 0.0030103083147260457, 0.025507047201158123, 0.05260160925572573, 0.0030103083147260457], [0.2166170626162175, 0.637333603613702, 0.0030010263731315924, 0.03190818905580235, 0.10813909196801508, 0.0030010263731315924], [0.1038797805601694, 0.4523637067139288, 0.003002540355619019, 0.024443895423502764, 0.4133075365911609, 0.003002540355619019], [0.5764208666876485, 0.36909382491558096, 0.0030082253708525923, 0.017387597112049655, 0.031081260543015823, 0.0030082253708525923], [0.6960222743314549, 0.256315967113159, 0.0030550809572019, 0.01514489716059407, 0.02640669948038823, 0.0030550809572019], [0.05133219261879547, 0.20999772981264886, 0.0030051135320438294, 0.013856881712996965, 0.7188029687914711, 0.0030051135320438294], [0.7997241104403101, 0.16252504123598469, 0.003007289813834006, 0.011710616094945153, 0.020025652601092077, 0.003007289813834006], [0.8151285210555433, 0.15011691939818939, 0.0030126548620538567, 0.01099412201862239, 0.01773512780353727, 0.0030126548620538567], [0.8032268507238933, 0.15868400542104213, 0.0030024604338505746, 0.01201705310705873, 0.02006716988030472, 0.0030024604338505746], [0.7495808413483447, 0.20638963676072625, 0.003002848527859598, 0.013658245168475025, 0.02436557966673486, 0.003002848527859598], [0.6663363288165877, 0.2802511218960626, 0.003028697007233016, 0.016746182400356212, 0.030608972872527642, 0.003028697007233016], [0.6000999035107446, 0.3367633388078471, 0.0030137945408525795, 0.019173130346633243, 0.03793603825306998, 0.0030137945408525795], [0.6286837705654866, 0.30735774678817274, 0.0030126217324010626, 0.01924468190782059, 0.03868855727371797, 0.0030126217324010626], [0.5661500618916292, 0.16106773047876868, 0.20615620730530457, 0.0199507279133964, 0.043673952407219184, 0.003001320003682096], [0.98500332438622, 0.002999335122756038, 0.002999335122756038, 0.002999335122756038, 0.002999335122756038, 0.002999335122756038], [0.7119521440308544, 0.13145113429021144, 0.10462854083663307, 0.015550122626252834, 0.03341152062090149, 0.003006537595146737], [0.7535457643546187, 0.1044434582641117, 0.10229859902902487, 0.01188760448543489, 0.024820314878338436, 0.00300425898847129], [0.04243730009947667, 0.22688890838570486, 0.0030055186877714015, 0.011888250442676702, 0.712774503696599, 0.0030055186877714015], [0.031430621611239294, 0.18096230305071292, 0.003013515565114429, 0.009418262578413937, 0.772161781629405, 0.003013515565114429], [0.028969000529561615, 0.10472247659566816, 0.0712324131221224, 0.00786039999758867, 0.7842056695090627, 0.0030100402459965242], [0.98500332438622, 0.002999335122756038, 0.002999335122756038, 0.002999335122756038, 0.002999335122756038, 0.002999335122756038]], [[0.98500332438622, 0.002999335122756038, 0.002999335122756038, 0.002999335122756038, 0.002999335122756038, 0.002999335122756038], [0.7782403045899126, 0.10538631785987444, 0.08539855685736497, 0.010588587428180543, 0.017383585674339706, 0.0030026475903275874], [0.05103152047756312, 0.22237534875948903, 0.003005622599454204, 0.014698375489326428, 0.7058835100747131, 0.003005622599454204], [0.6657166984913645, 0.2790794721899715, 0.003027936886310322, 0.017334598076690726, 0.03181335746935264, 0.003027936886310322], [0.6102290505340471, 0.32450591272155516, 0.00300797942804307, 0.020309263431922814, 0.03893981445638873, 0.00300797942804307], [0.11967210910373996, 0.3746908373938816, 0.0030022003083862766, 0.025973162991879795, 0.473659489893726, 0.0030022003083862766], [0.5855098314284489, 0.3545986270318619, 0.0030066968630933994, 0.019512966493106146, 0.03436518132039621, 0.0030066968630933994], [0.688634887203778, 0.2656871489212566, 0.003042061068948832, 0.014981998287815573, 0.02461184344925244, 0.003042061068948832], [0.7660710981775859, 0.19832340973801235, 0.0030044377810667707, 0.011275835542485362, 0.018320780979782965, 0.0030044377810667707], [0.8074051271240097, 0.16474048671573754, 0.0030176200752506954, 0.008795885668716742, 0.013023260341034657, 0.0030176200752506954], [0.8367990739746365, 0.14000483922195076, 0.003019937432859971, 0.007105229105383511, 0.010050982832309341, 0.003019937432859971], [0.8826254982214846, 0.10116999693668116, 0.003010981204228652, 0.004332591191539966, 0.005849951241837061, 0.003010981204228652], [0.8354920213830309, 0.1406480240484277, 0.0030190975984026288, 0.007416699466665375, 0.010405059905070952, 0.0030190975984026288], [0.8252120149732637, 0.14745892373875139, 0.0030098032429745473, 0.008396776568625237, 0.012912678233410422, 0.0030098032429745473], [0.7962611989634023, 0.17090371018161757, 0.0030039448925717823, 0.010176387619501938, 0.01665081345033467, 0.0030039448925717823], [0.7538234555356953, 0.20810627306226756, 0.003005524062531693, 0.01215286311164982, 0.019906360165323905, 0.003005524062531693], [0.0531696922675154, 0.2663930862878356, 0.0030880138235908376, 0.01491161872061619, 0.6593495750768511, 0.0030880138235908376], [0.6220668051273036, 0.3254950697462649, 0.0030301840394360183, 0.01636468567043, 0.0300130713771294, 0.0030301840394360183], [0.07068008230432107, 0.2872325432106853, 0.0030539891307011175, 0.018256532462062488, 0.6177228637615289, 0.0030539891307011175], [0.5489737727677955, 0.3822251992333791, 0.003002242723755436, 0.021612183972057455, 0.041184358579257105, 0.003002242723755436], [0.4945236688851467, 0.41050144660521504, 0.0030039067366376083, 0.02746026155403135, 0.061506809482331726, 0.0030039067366376083], [0.5273743596047505, 0.40779739198289017, 0.0030047163242440523, 0.020905309843331558, 0.03791350592053964, 0.0030047163242440523], [0.665654762484691, 0.27951848639806115, 0.0030537372035127214, 0.017321702514804343, 0.03139757419541796, 0.0030537372035127214], [0.7196206441132015, 0.22910460800120813, 0.0030001064628645984, 0.015580137647986691, 0.029694397311874343, 0.0030001064628645984], [0.7075700377379367, 0.2448003586406542, 0.0030629453801627586, 0.015203889744256134, 0.02629982311682755, 0.0030629453801627586], [0.048364561697822814, 0.19524809534041065, 0.003002756041469428, 0.013930226245639159, 0.7364516046331886, 0.003002756041469428], [0.7846436043417232, 0.17671302538599512, 0.0030113085916547047, 0.012134930003522532, 0.020485823085449918, 0.0030113085916547047], [0.7793264046285151, 0.17611697826399172, 0.003000414080811746, 0.013962004445352005, 0.024593784500517794, 0.003000414080811746], [0.7083758380166808, 0.2397506274258004, 0.003051653225498187, 0.015885875892379265, 0.029884352214143244, 0.003051653225498187], [0.6243193557399265, 0.3151064992466406, 0.0030226850780285387, 0.01885862696694805, 0.03567014789042786, 0.0030226850780285387], [0.5851963885262238, 0.3269402573940257, 0.003002244689827291, 0.023849713113571716, 0.05800915158652425, 0.003002244689827291], [0.6280303704055964, 0.30244048610156093, 0.0030232659882901696, 0.020205235180435592, 0.04327737633582686, 0.0030232659882901696], [0.6887067347865076, 0.1301091256774177, 0.1285327858972378, 0.015837932028342393, 0.03378318273201217, 0.003030238878482306], [0.98500332438622, 0.002999335122756038, 0.002999335122756038, 0.002999335122756038, 0.002999335122756038, 0.002999335122756038], [0.98500332438622, 0.002999335122756038, 0.002999335122756038, 0.002999335122756038, 0.002999335122756038, 0.002999335122756038], [0.98500332438622, 0.002999335122756038, 0.002999335122756038, 0.002999335122756038, 0.002999335122756038, 0.002999335122756038], [0.6823190181757042, 0.13344252397458584, 0.14035286844268208, 0.01472686323405749, 0.02613089628251882, 0.003027829890451476], [0.7180720675970894, 0.24603951992743212, 0.00300631668682814, 0.011772404100936535, 0.018103375000885713, 0.00300631668682814], [0.03643357870975876, 0.11868444382425763, 0.09498065296605539, 0.009520031104113272, 0.7373736006330163, 0.0030076927627987605], [0.98500332438622, 0.002999335122756038, 0.002999335122756038, 0.002999335122756038, 0.002999335122756038, 0.002999335122756038]], [[0.98500332438622, 0.002999335122756038, 0.002999335122756038, 0.002999335122756038, 0.002999335122756038, 0.002999335122756038], [0.7699548676748112, 0.10888012661424065, 0.08847617148022, 0.010887951216510925, 0.018797735033653822, 0.00300314798056345], [0.7051938807516774, 0.25021273143946854, 0.003004649977209213, 0.014350631991514215, 0.02423345586292148, 0.003004649977209213], [0.06812178910950885, 0.3011724512765394, 0.003058848947306203, 0.01878734938544267, 0.6058007123338967, 0.003058848947306203], [0.6215550055508636, 0.31023494952346936, 0.0030099901120317477, 0.021325955773891216, 0.040864108927712375, 0.0030099901120317477], [0.6182496357626769, 0.3152746561006124, 0.0030193964651716513, 0.0204278738547672, 0.04000904135160014, 0.0030193964651716513], [0.6488549428080289, 0.2915804069162807, 0.003034068982058799, 0.018890262840927163, 0.034606249470645604, 0.003034068982058799], [0.7184658190574476, 0.23689642093095134, 0.003002286367768139, 0.014270456432632713, 0.024362730843432264, 0.003002286367768139], [0.035583657418438115, 0.1719195076894013, 0.003011199184339802, 0.010412415855073465, 0.7760620206684075, 0.003011199184339802], [0.8237047230059433, 0.15081530317088251, 0.0030252617188152122, 0.0077622861369110166, 0.011667164248632685, 0.0030252617188152122], [0.016086033449319394, 0.11416648748688625, 0.0030158532586228707, 0.005540677509503545, 0.858175095037045, 0.0030158532586228707], [0.02325875248460261, 0.14863216704438506, 0.0030291767312218675, 0.007156264510973582, 0.8148944624975951, 0.0030291767312218675], [0.8127244430921, 0.16002229304111318, 0.0030110664431992826, 0.008444475178757724, 0.012786655801630634, 0.0030110664431992826], [0.0029993351227560394, 0.0029993351227560394, 0.0029993351227560394, 0.0029993351227560394, 0.0029993351227560394, 0.9850033243862198], [0.0029993351227560394, 0.0029993351227560394, 0.0029993351227560394, 0.0029993351227560394, 0.0029993351227560394, 0.9850033243862198], [0.6689238419859919, 0.2836122149739496, 0.0030572626480403955, 0.014938403720403708, 0.026411014023574094, 0.0030572626480403955], [0.06259131307284373, 0.3558993121040913, 0.003029406893515258, 0.017630581837925968, 0.5578199791981084, 0.003029406893515258], [0.5566221448665322, 0.3615375677205598, 0.0030006983372733082, 0.02388877923584245, 0.05195011150251892, 0.0030006983372733082], [0.6021961756472644, 0.32180190336620934, 0.0030142023521232426, 0.02119888240438324, 0.04877463387789656, 0.0030142023521232426], [0.6658136340949075, 0.2682258747923837, 0.003034989833969583, 0.01939232549953108, 0.04049818594523873, 0.003034989833969583], [0.6000019976305803, 0.3149413716480152, 0.003020013923650948, 0.024046919502609353, 0.05496968337149328, 0.003020013923650948], [0.6737245281566829, 0.2573359084725786, 0.003039867259032392, 0.020080472725388376, 0.04277935612728534, 0.003039867259032392], [0.7202482511719304, 0.22039955585029233, 0.0030015119296205373, 0.017635111867800528, 0.03571405725073579, 0.0030015119296205373], [0.7040599762209709, 0.24480788399124856, 0.0030409384395922584, 0.015632596099947525, 0.02941766680864847, 0.0030409384395922584], [0.06663446965262751, 0.3381925808376267, 0.003031762425095985, 0.01835659142913945, 0.5707528332304144, 0.003031762425095985], [0.6585941721170824, 0.29330378983755834, 0.0030276740116267644, 0.015864011729272886, 0.026182678292832887, 0.0030276740116267644], [0.0531703635128903, 0.215353017795237, 0.003000809736982802, 0.014414519292909534, 0.7110604799249975, 0.003000809736982802], [0.7297192600370049, 0.21611435086383915, 0.0030690430039868213, 0.016665974799388108, 0.03136232829179407, 0.0030690430039868213], [0.6582951201800027, 0.2714038847655263, 0.0030389988252990984, 0.02078366232146399, 0.04343933508240889, 0.0030389988252990984], [0.5944800297623168, 0.31673051729006446, 0.003012050480898919, 0.025058484034672656, 0.05770686795114825, 0.003012050480898919], [0.34111139053300216, 0.4504699583288924, 0.003051278180104082, 0.036012243620293226, 0.16630385115760413, 0.003051278180104082], [0.5822020521423079, 0.32686547481786593, 0.0030087006337762676, 0.025243261979182332, 0.059671809793091335, 0.0030087006337762676], [0.6228485024541512, 0.2848933104508403, 0.003012918314288491, 0.02211607845297658, 0.0641162720134549, 0.003012918314288491], [0.6597503841521074, 0.13575088063327606, 0.14416919413457158, 0.017620126909298844, 0.039692392709253885, 0.003017021461492365], [0.6711259249353391, 0.139442119815233, 0.12711566011461423, 0.017706805612330987, 0.04158606742782174, 0.0030234220946609757], [0.98500332438622, 0.002999335122756038, 0.002999335122756038, 0.002999335122756038, 0.002999335122756038, 0.002999335122756038], [0.6021671294620476, 0.1665464207431613, 0.17187376671311144, 0.019096891972315174, 0.03731292085545778, 0.0030028702539067497], [0.6261143346221718, 0.15795943882642788, 0.17054781110668976, 0.01577674043356476, 0.026583127193584546, 0.0030185478175612755], [0.04305495778749363, 0.1354726969956252, 0.12263589204720285, 0.011614816231357685, 0.6842100988772648, 0.003011538061055785], [0.98500332438622, 0.002999335122756038, 0.002999335122756038, 0.002999335122756038, 0.002999335122756038, 0.002999335122756038]], [[0.98500332438622, 0.002999335122756038, 0.002999335122756038, 0.002999335122756038, 0.002999335122756038, 0.002999335122756038], [0.7263545716388117, 0.12271985040771996, 0.11142414429897032, 0.013321227101255509, 0.023167075337224074, 0.0030131312160185547], [0.6441959283559904, 0.3079874917620125, 0.003035083602891757, 0.015657485603720666, 0.026088927072492826, 0.003035083602891757], [0.5266003756543031, 0.41314174364623374, 0.003006660409083007, 0.020367652415941125, 0.03387690746535595, 0.003006660409083007], [0.49831756389847565, 0.40011822626374055, 0.0030068452326204743, 0.029182445093918066, 0.06636807427862478, 0.0030068452326204743], [0.5631216654645201, 0.36540057041536, 0.0030023225107170884, 0.023792640573400504, 0.04168047852528513, 0.0030023225107170884], [0.6549229475492662, 0.2896886044013559, 0.0030235558607730156, 0.01807595914773143, 0.03126537718010055, 0.0030235558607730156], [0.7475634372954229, 0.209795447950818, 0.003003780193637641, 0.01375329420936333, 0.0228802601571205, 0.003003780193637641], [0.8012969380373214, 0.16717526513400288, 0.0030070296985146463, 0.010215058498007237, 0.015298678933639396, 0.0030070296985146463], [0.02669853888517459, 0.1503741670921141, 0.0030242072122537186, 0.008532495683187025, 0.8083463839150169, 0.0030242072122537186], [0.8312141251606756, 0.14485306417822869, 0.003017648224937082, 0.007350851459153724, 0.010546662752067872, 0.003017648224937082], [0.027610730257128433, 0.16514275464440006, 0.003019730104561382, 0.008166805564701948, 0.7930402493246468, 0.003019730104561382], [0.038704671880214536, 0.2018169268864568, 0.0030076370446273405, 0.011889534726771553, 0.7415735924173025, 0.0030076370446273405], [0.0029993351227560394, 0.0029993351227560394, 0.0029993351227560394, 0.0029993351227560394, 0.0029993351227560394, 0.9850033243862198], [0.06623628238137903, 0.3036479888069419, 0.0030558610565915973, 0.018214401533943683, 0.6057896051645523, 0.0030558610565915973], [0.06469389226079976, 0.3174199020030715, 0.003042983519636153, 0.01727303003676482, 0.5945272086600916, 0.003042983519636153], [0.5401738257636532, 0.37733079444533735, 0.003002336699522954, 0.02373411260340728, 0.05275659378855614, 0.003002336699522954], [0.3113546457742677, 0.5072459600130528, 0.0030433115622293568, 0.03436819429931906, 0.1409445767889018, 0.0030433115622293568], [0.5482489997699014, 0.3553684810749583, 0.0030059433749330313, 0.027084545721512827, 0.0632860866837615, 0.0030059433749330313], [0.6466727930227161, 0.27841191398029924, 0.0030425760980136714, 0.021198510015167284, 0.04763163078579026, 0.0030425760980136714], [0.6978720899097225, 0.2260054685577554, 0.0030382710162719056, 0.021259572761446032, 0.04878632673853225, 0.0030382710162719056], [0.7143645125897387, 0.21001447653466407, 0.003008112968065244, 0.020800033144082148, 0.04880475179538463, 0.003008112968065244], [0.6923999529630409, 0.2411873176719089, 0.0030517404605361754, 0.019559913913646858, 0.04074933453033098, 0.0030517404605361754], [0.5733951614751499, 0.36103213440751236, 0.0030101785255643152, 0.020791443678657394, 0.03876090338755181, 0.0030101785255643152], [0.5118470271474467, 0.40103271459293105, 0.003010759859184553, 0.02473679528829861, 0.05636194325295445, 0.003010759859184553], [0.06990062610156159, 0.413597250991874, 0.003013108964199686, 0.020496647538181225, 0.4899792574399838, 0.003013108964199686], [0.6739295041233958, 0.2712476630243952, 0.003032785335578579, 0.0171025464