{"prediction": [[[0.9396502763787211, 0.012016898842362919, 0.009908782914405752, 0.008788822918162922, 0.023072309307788055, 0.006562909638559295], [0.9239852787685745, 0.015718705175296624, 0.01582686227690256, 0.012473518480139171, 0.022884109654421704, 0.009111525644665478], [0.9237805064511504, 0.016428248013786145, 0.013373196164134744, 0.012886379623344123, 0.023719772699292832, 0.009811897048291593], [0.9215949107223034, 0.01642566049378573, 0.014477777058143865, 0.013726134772157733, 0.02390649020347997, 0.009869026750129298], [0.9240088357041258, 0.015454958049126019, 0.012930134101657772, 0.012723739608334372, 0.025036989051496445, 0.00984534348525966], [0.9291318247630237, 0.012786668865709392, 0.01337221343372513, 0.010820471302288075, 0.0253173711463455, 0.008571450488908184], [0.9303040180509249, 0.013677021588572022, 0.011479018249159674, 0.011162151804865588, 0.024648300957378952, 0.008729489349098745], [0.9266544746883091, 0.014793668725263037, 0.013956283978068716, 0.012489458869816365, 0.023074535050066285, 0.009031578688476422], [0.9255721170158019, 0.015308093554052308, 0.01319382499325882, 0.012829915616790609, 0.023984458772834345, 0.0091115900472619], [0.9269215152652382, 0.014976422866961384, 0.012514029459211911, 0.012315131448458281, 0.024317796190175184, 0.00895510476995488], [0.9260419365458205, 0.014281824810093054, 0.012687382592499618, 0.012052930734438477, 0.02573359857003205, 0.009202326747116355], [0.935390185145913, 0.011587279893865115, 0.012094749443425309, 0.008637549595635908, 0.0257547895469797, 0.006535446374181029], [0.9398030394881769, 0.01199868515701662, 0.011531673229890675, 0.009271442718444023, 0.02061104847369367, 0.006784110932778234], [0.9402324950156009, 0.010410514929560551, 0.009101895794397385, 0.007375941899207858, 0.02728544809748963, 0.00559370426374367], [0.9429123108331008, 0.0099454112106163, 0.009007214694463155, 0.007459635027436143, 0.0251890775006143, 0.005486350733769208], [0.9460296242257188, 0.007066066496566833, 0.007075105336658315, 0.005627185400040953, 0.028574833140974146, 0.005627185400040953], [0.9440031344668489, 0.008192475062924367, 0.008731935265614006, 0.00618503035694058, 0.027313921730850926, 0.00557350311682125], [0.9458321409194183, 0.007380967438759931, 0.007756438781131739, 0.005591487347562798, 0.027847478165564436, 0.005591487347562798], [0.942829742373071, 0.008396354390088678, 0.009442309062209059, 0.006119541836063572, 0.02761701863906655, 0.005595033699501141], [0.9413963510227285, 0.009145111410453911, 0.009790766274216307, 0.006616985775805146, 0.0274558314943887, 0.005594954022407566], [0.9385159536423799, 0.010366712645738779, 0.010207279797605384, 0.008959384105338853, 0.025456474099279217, 0.006494195709657835], [0.9387328451538463, 0.009894833526958887, 0.010647678402535464, 0.008113463441159484, 0.026821019133206586, 0.005790160342293321], [0.9332232967522681, 0.01082208937776828, 0.011731064909915316, 0.009981333092797478, 0.026416247170276703, 0.007825968696973986], [0.9326840437999854, 0.012904057188717908, 0.011290296511320184, 0.011255029632778453, 0.023358030586400597, 0.00850854228079741], [0.9294678135542863, 0.013787585829518594, 0.012536847441592773, 0.012128232123224315, 0.023324739884223435, 0.008754781167154512], [0.9318543244474531, 0.012561604975624587, 0.01281765426055471, 0.01084129428863106, 0.023543152977437018, 0.008381969050299544], [0.9315303992005807, 0.013153760534095858, 0.01192269088659503, 0.011068582621464068, 0.023884238734125936, 0.008440328023138332], [0.9365357866140929, 0.010833641470091226, 0.010744619608850868, 0.008809484903830937, 0.0265276614109024, 0.006548805992231715], [0.9367351187371297, 0.010746558592724215, 0.010011005362984831, 0.008696371045145037, 0.027341560333379436, 0.0064693859286367], [0.9407379286493176, 0.00854179800982231, 0.009906366673816594, 0.006667130241606628, 0.02849920771261414, 0.005647568712822698], [0.9380251716812056, 0.00971795056182819, 0.009359776485482368, 0.007916258827990864, 0.028208134111077195, 0.0067727083324159425], [0.9361729148689212, 0.009702272521915413, 0.011099489330473779, 0.008183560192345661, 0.028285273365361074, 0.006556489720982987], [0.9374403282123048, 0.010690594710737205, 0.011421827509601981, 0.008774013175640125, 0.02522832766371008, 0.006444908728005992], [0.9346131578106645, 0.011874712996761681, 0.011452279453747254, 0.00914047251789924, 0.02620523741264532, 0.0067141398082819406], [0.9351139149672635, 0.011178322475664774, 0.01221744065050249, 0.009054050024967892, 0.026014409280313688, 0.006421862601287822], [0.9476661217158443, 0.011154854140445699, 0.008717984649020882, 0.00652661329273439, 0.020628095528413652, 0.005306330673540904], [0.9432292352010402, 0.011386427428931348, 0.01008148888768507, 0.006792904902609414, 0.023095562546999963, 0.005414381032733996], [0.9465249620739176, 0.01145333129062785, 0.009154515352696941, 0.005517487664372441, 0.02198871540881862, 0.005360988209566582], [0.9464871105560184, 0.013286645808522827, 0.00929813731811902, 0.006299294418248953, 0.01933299925163891, 0.005295812647451761], [0.9482445481494122, 0.012399013805488418, 0.008338541910615952, 0.007503422719357789, 0.018266884269550754, 0.005247589145574931]], [[0.9189012499196314, 0.019843794828073733, 0.013195986770634903, 0.014091897688641001, 0.024049783845700407, 0.00991728694731861], [0.816912536647635, 0.06500902871333339, 0.07126046746963961, 0.009835551628637184, 0.031972628824640976, 0.005009786716113857], [0.7731568199210098, 0.07116415442704843, 0.09895191968027227, 0.01301996261878497, 0.03868836698619985, 0.005018776366684693], [0.7768032442200636, 0.06882659882468531, 0.09354825032697228, 0.012637843480761414, 0.04316622444881495, 0.005017838698702365], [0.7822635010526403, 0.06402780804036357, 0.0941566415150741, 0.01251772558782583, 0.042017677959011596, 0.005016645845084679], [0.8102787526087694, 0.0634944351726089, 0.07120452850337092, 0.01120478209775437, 0.03880661330427996, 0.005010888313216398], [0.8030692601363427, 0.06005777550795936, 0.07911086082026947, 0.011613509671494075, 0.04113751384402146, 0.005011080019912923], [0.7743199404033927, 0.06263592492728975, 0.08142897059916257, 0.01171808298286782, 0.06489430276797968, 0.0050027783193076075], [0.08441534210231226, 0.06445094940653187, 0.0967844837335502, 0.01104071831440243, 0.7382978759572596, 0.005010630485943699], [0.7974751186374708, 0.062042084676419765, 0.09704793814403513, 0.009702427259153087, 0.028710712442837027, 0.005021718840084173], [0.04386785688445623, 0.03919697325997992, 0.046883516962576, 0.0059201977115255384, 0.8591229095353736, 0.00500854564608863], [0.03898099538273001, 0.035105846727663315, 0.03689314059090414, 0.005911421929476174, 0.8781026476924195, 0.005005947676806756], [0.03357147819217251, 0.03252632046568167, 0.03203298414933554, 0.005923128678197741, 0.8909285598311752, 0.005017528683437237], [0.9334752481618552, 0.03682196301902186, 0.013494118232729566, 0.0050144787874251175, 0.00617971301154299, 0.0050144787874251175], [0.9554406612461922, 0.018691086747355787, 0.01069883212424375, 0.005001614819865367, 0.0051661902424774255, 0.005001614819865367], [0.9539786984541584, 0.01975340711745069, 0.010678925155100844, 0.005002175561248443, 0.00558461815079318, 0.005002175561248443], [0.9501054695802673, 0.020759627376711682, 0.012751304299176506, 0.005001326193336007, 0.00638094635717248, 0.005001326193336007], [0.9169893466129395, 0.03064088071324927, 0.026714380639421876, 0.0057459069308883285, 0.014888147982670573, 0.005021337120830479], [0.037571951131943566, 0.031897367081908816, 0.030498857321053077, 0.00580977330642675, 0.8892065005713333, 0.005015550587334436], [0.9042387460134096, 0.03458602727625157, 0.03305975230437138, 0.005731094264508823, 0.017379335719596725, 0.005005044421861929], [0.9015920537331551, 0.03581630952367587, 0.03397242521662945, 0.005731080051809587, 0.017884651660927228, 0.005003479813802815], [0.8553682818330983, 0.041532772937348895, 0.0482491012144411, 0.00692977995520207, 0.042907216739260644, 0.005012847320649003], [0.8011445203496419, 0.06763908219846886, 0.07875601681612458, 0.011734448799717133, 0.03572492961138291, 0.005001002224664545], [0.7739897163840158, 0.06984608014196018, 0.0957366239725397, 0.013761762065092387, 0.041638174481232644, 0.005027642955159365], [0.7661036208262277, 0.07041620889133178, 0.09740854470149099, 0.01397968432009136, 0.047043337942911254, 0.005048603317946948], [0.7650835839184438, 0.07289430488813793, 0.09946969759701653, 0.014587937397478767, 0.04292162911138778, 0.005042847087535178], [0.7561398749375156, 0.06792437581638205, 0.09406426297503924, 0.013570414295165508, 0.0632885093456308, 0.005012562630266864], [0.7755355760036106, 0.06436938974272625, 0.0749645596352043, 0.012081592983260907, 0.06804629229739785, 0.005002589337800231], [0.8034304952238385, 0.061464831267841656, 0.07660369177269283, 0.012122341344228297, 0.04136514888610804, 0.005013491505290792], [0.8022521370756376, 0.06425451863016152, 0.07063339749867477, 0.012675404441029072, 0.045160720530692894, 0.0050238218238040895], [0.797010611206309, 0.06522193579045843, 0.072374252843183, 0.013014475913785331, 0.047352226838501155, 0.005026497407763017], [0.7963143342249552, 0.06507558453869541, 0.07649402500931815, 0.012628033444151256, 0.04447252410144364, 0.005015498681436339], [0.8065884895426957, 0.06594254285101991, 0.07512969444073694, 0.011441029661974064, 0.035890923349037304, 0.005007320154536016], [0.8674580679736738, 0.04684964770215609, 0.049554156822057695, 0.007833557078157168, 0.023284805998202977, 0.005019764425752318], [0.8794264370910815, 0.047882286070401646, 0.04350578986101807, 0.0064830706671280686, 0.01769775303323951, 0.005004663277131189], [0.8959663425260672, 0.04066473437131361, 0.03720138116978573, 0.005954722872998265, 0.015210012448791548, 0.005002806611043577], [0.016992105807036143, 0.02323131735277955, 0.016638635538091032, 0.005023201734429576, 0.9330915378332342, 0.005023201734429576], [0.9502057365980797, 0.021930745614908695, 0.012863649808410347, 0.004999955992867067, 0.004999955992867067, 0.004999955992867067], [0.012420606430424674, 0.018159106936687874, 0.012203304285169202, 0.005004138453405459, 0.9472087054409073, 0.005004138453405459], [0.9333736442210866, 0.021236377361857718, 0.011855638488847381, 0.009845555484822454, 0.018180362216285165, 0.0055084222271007495]], [[0.9211821500705338, 0.01802361846468492, 0.01213676995320868, 0.013930484469481268, 0.02488306719628404, 0.009843909845807337], [0.7781722783789279, 0.07116526574764817, 0.09656514028577699, 0.012270681134927004, 0.03681438610457357, 0.005012248348146326], [0.7472854800239959, 0.17919743222583157, 0.005041260674797726, 0.013086069318123773, 0.05034849708245337, 0.005041260674797726], [0.45385208803984134, 0.29864898071350104, 0.005000057162107586, 0.023033492385239964, 0.21446532453720257, 0.005000057162107586], [0.7576640163598203, 0.16313316416774765, 0.0050226564506764566, 0.014014013638941893, 0.0551434929321373, 0.0050226564506764566], [0.7727906163729659, 0.15083434911450924, 0.005008306980705441, 0.013353793914117574, 0.05300462663699643, 0.005008306980705441], [0.7799649683874395, 0.13866918800333594, 0.005018265164205381, 0.013252508047745935, 0.05807680523306793, 0.005018265164205381], [0.4823576131890919, 0.2415271014873337, 0.005011008084794747, 0.021341707099843954, 0.24475156205414095, 0.005011008084794747], [0.11212436507285918, 0.1778388415196559, 0.005009862309388191, 0.012848194531322866, 0.6871688742573857, 0.005009862309388191], [0.7836721220132072, 0.15624362901520317, 0.005007293893988594, 0.01105790321047396, 0.03901175797313844, 0.005007293893988594], [0.7943759887827112, 0.14826071594899293, 0.005007697589356194, 0.010479195423223892, 0.0368687046663596, 0.005007697589356194], [0.8482500918334441, 0.1117756416788147, 0.005001001396026969, 0.007003873485326713, 0.022968390210360543, 0.005001001396026969], [0.04785934640448784, 0.07623364396717854, 0.005004820426454745, 0.0071359722911621525, 0.858761396484262, 0.005004820426454745], [0.9030488875667155, 0.0629956391333476, 0.005013232765624618, 0.006754335510565871, 0.01717467225812171, 0.005013232765624618], [0.015886650585405167, 0.03537670700349138, 0.005013378370634441, 0.005013378370634441, 0.9336965072992002, 0.005013378370634441], [0.942885592405932, 0.03555500777554585, 0.005004052148405479, 0.005004052148405479, 0.006547243373305733, 0.005004052148405479], [0.0448918255896119, 0.06040606205132149, 0.005024142882274423, 0.007023944951724966, 0.8776298816427928, 0.005024142882274423], [0.8902215884321711, 0.07236657332807551, 0.005003228311797998, 0.006869537475241514, 0.0205358441409158, 0.005003228311797998], [0.8685840166191406, 0.08630488351930954, 0.005008614915417633, 0.007623845042511697, 0.027470024988202904, 0.005008614915417633], [0.8819097113222198, 0.07787047705855481, 0.005001006566047298, 0.006870159307172866, 0.023347639179957923, 0.005001006566047298], [0.8566376960072745, 0.09768967183324657, 0.0050264242633273875, 0.007803351435464638, 0.027816432197359454, 0.0050264242633273875], [0.792121777127897, 0.14425921593358498, 0.005001995663968299, 0.010801508696294778, 0.04281350691428672, 0.005001995663968299], [0.10365882995532501, 0.165749353956568, 0.005017033046518496, 0.013092779415333537, 0.7074649705797365, 0.005017033046518496], [0.7538085407299975, 0.17370983374953844, 0.005040375079433509, 0.013371056258092599, 0.04902981910350439, 0.005040375079433509], [0.45449321114856545, 0.2899657801423095, 0.005026415176589908, 0.022447969322006017, 0.22304020903393929, 0.005026415176589908], [0.7337317629721186, 0.1889328753659798, 0.005089243338554006, 0.014771035498030738, 0.0523858394867629, 0.005089243338554006], [0.12616734712066627, 0.17499426456101727, 0.005081405781958338, 0.014387797716633897, 0.6742877790377659, 0.005081405781958338], [0.4515036299049336, 0.283582507693243, 0.005000974599956343, 0.023154554405397643, 0.23175735879651296, 0.005000974599956343], [0.7626011554900528, 0.15003811119787064, 0.005028241265615509, 0.013985215494834538, 0.06331903528601096, 0.005028241265615509], [0.1393264649701129, 0.15771865394742257, 0.005066684521487621, 0.014790321217671787, 0.6780311908218174, 0.005066684521487621], [0.7495945354404904, 0.1663207664559111, 0.005025966276330127, 0.015088429863294209, 0.05894433568764418, 0.005025966276330127], [0.12917217653742635, 0.1796814147276498, 0.00505860828758239, 0.015222403149734425, 0.6658067890100247, 0.00505860828758239], [0.7601750830118471, 0.17222171915578724, 0.0050146819571435285, 0.013004826251311837, 0.04456900766676688, 0.0050146819571435285], [0.09671846351705458, 0.17796506038455334, 0.005014106918903722, 0.012964697803976804, 0.7023235644566078, 0.005014106918903722], [0.059795140737436164, 0.11040794698228301, 0.005034020914576022, 0.007979560580394375, 0.8117493098707343, 0.005034020914576022], [0.049589090770813304, 0.09492798723852486, 0.005005110860192818, 0.0072791850567955705, 0.8381935152134806, 0.005005110860192818], [0.8928434172639966, 0.07539554074765253, 0.00501769019671617, 0.007157516623184886, 0.014568144971733574, 0.00501769019671617], [0.9417969630894905, 0.03819434800636273, 0.005002172226036692, 0.005002172226036692, 0.005002172226036692, 0.005002172226036692], [0.9525622401978617, 0.020758942086201722, 0.011674104384576422, 0.00500157111045337, 0.00500157111045337, 0.00500157111045337], [0.9373307763194798, 0.018920427934161065, 0.010257133497632374, 0.009285704268815692, 0.018776917919747855, 0.005429040060163146]], [[0.9182919776736194, 0.01803234970301444, 0.012921474974852775, 0.01436084421716402, 0.025698636481944044, 0.010694716949405388], [0.790517506854285, 0.06309800204552446, 0.09878522768326192, 0.010275576321765217, 0.032309717446385035, 0.005013969648778401], [0.7276256878137585, 0.20322048961143233, 0.005018143147569399, 0.013454385814104455, 0.04566315046556597, 0.005018143147569399], [0.1391915230518128, 0.1714780141263568, 0.005017790752897911, 0.014650541681426273, 0.6646443396346083, 0.005017790752897911], [0.13133643863504088, 0.17075639452574518, 0.0050715821421981715, 0.015977393334473334, 0.6717866092203442, 0.0050715821421981715], [0.11220766453012924, 0.14789670249898065, 0.005009274853380833, 0.014215289043651474, 0.7156617942204769, 0.005009274853380833], [0.7805925172045786, 0.13976983026594197, 0.005012430091545359, 0.013838831016371676, 0.05577396133001705, 0.005012430091545359], [0.7590294911473604, 0.14460671509071854, 0.005000299864781072, 0.013563584467341006, 0.0727996095650178, 0.005000299864781072], [0.7638532985399134, 0.1669255885026179, 0.0050146821688393664, 0.013832198639923882, 0.045359549979866125, 0.0050146821688393664], [0.7661517782316944, 0.16377146689897137, 0.005011408828699143, 0.01329997926648346, 0.04675395794545242, 0.005011408828699143], [0.06511996553992375, 0.11428894846452164, 0.005068433761279109, 0.009657369144493775, 0.8007968493285026, 0.005068433761279109], [0.05459048958875009, 0.11391476464443967, 0.005001629256462841, 0.007609321764119599, 0.8138821654897649, 0.005001629256462841], [0.881582833017013, 0.0805857820103445, 0.005001663234052255, 0.007003258131475177, 0.020824800373062696, 0.005001663234052255], [0.9421230178716069, 0.03528395144207093, 0.0050087261297767855, 0.0050087261297767855, 0.007566852296991898, 0.0050087261297767855], [0.0181977837259078, 0.0386949939558883, 0.005030422289867592, 0.005030422289867592, 0.9280159554486012, 0.005030422289867592], [0.9009809952876251, 0.06483773123684883, 0.005014758110685632, 0.006882555579450817, 0.01726920167470405, 0.005014758110685632], [0.8908267265507586, 0.07389623502660765, 0.005004396077671331, 0.006870735308262951, 0.018397510959028116, 0.005004396077671331], [0.870329761234344, 0.08780258155412528, 0.005006924437773729, 0.006880018747380089, 0.02497378958860318, 0.005006924437773729], [0.8069429731067018, 0.13245201234910123, 0.005005827699034917, 0.010154017770050117, 0.04043934137607702, 0.005005827699034917], [0.8496291949188642, 0.09960026914774435, 0.005043468890383305, 0.008698514105544146, 0.03198508404708069, 0.005043468890383305], [0.0619565251864075, 0.09186936102972855, 0.005020496838776177, 0.007902841864659468, 0.8282302782416522, 0.005020496838776177], [0.0689008993091759, 0.12117812511890944, 0.005037318055564802, 0.008863515004812524, 0.7909828244559726, 0.005037318055564802], [0.7808893883432486, 0.15357455069780837, 0.005005826226095347, 0.01172777995631103, 0.043796628550441294, 0.005005826226095347], [0.7565456420224501, 0.17370701398667548, 0.005037042772120414, 0.013366059491618601, 0.0463071989550149, 0.005037042772120414], [0.7231767934163863, 0.2008851459725284, 0.005032897574875105, 0.014547790435736637, 0.051324475025598525, 0.005032897574875105], [0.11089250928492454, 0.18644938928738702, 0.005070737249064015, 0.01567844966717215, 0.6768381772623883, 0.005070737249064015], [0.7411860333444479, 0.18491903617361505, 0.005010307115353656, 0.013896455510425142, 0.04997786074080466, 0.005010307115353656], [0.7556178146991055, 0.16543406271919803, 0.0050162266507758685, 0.013114553007842193, 0.055801116272302685, 0.0050162266507758685], [0.769818028276718, 0.14608668113450698, 0.00501805393758924, 0.01413681584150332, 0.05992236687209319, 0.00501805393758924], [0.7507818181552153, 0.16295496664965425, 0.005028913099207203, 0.014964997450355228, 0.061240391546360795, 0.005028913099207203], [0.7353036524684723, 0.17794181051518082, 0.005048303709916153, 0.016352176537281, 0.06030575305923353, 0.005048303709916153], [0.45398010538897343, 0.29943311181302107, 0.005015692687731865, 0.024335700672361404, 0.21221969675018038, 0.005015692687731865], [0.7474413605601375, 0.18141641274984519, 0.0050303875782353345, 0.013654599750784077, 0.047426851782762444, 0.0050303875782353345], [0.757603196336347, 0.17534084456147442, 0.005019302534282444, 0.012723666197578174, 0.04429368783603554, 0.005019302534282444], [0.09556962522516628, 0.165039854377648, 0.005004758499787343, 0.011932978454943708, 0.7174480249426674, 0.005004758499787343], [0.8657603108481201, 0.09435022196808238, 0.005006755225980859, 0.007150203972315214, 0.022725752759520705, 0.005006755225980859], [0.8934654516790901, 0.07484390628314777, 0.005018400759563914, 0.007160189806830179, 0.014493650711804132, 0.005018400759563914], [0.9216187475862556, 0.030422586897741022, 0.026272283722117463, 0.005993050898310075, 0.010650518004544245, 0.0050428128910314516], [0.9329559318578174, 0.019433041105964693, 0.011825254015229535, 0.007469288045514585, 0.022732673556243383, 0.005583811419230303], [0.9327229076116564, 0.019794548366692602, 0.01090263433291343, 0.010190984162829472, 0.02077846499534444, 0.005610460530563665]], [[0.9240278602593216, 0.016190004178405906, 0.01220682038866526, 0.012975251529347184, 0.02473464066562594, 0.009865422978634155], [0.054694453626821904, 0.04437303188864275, 0.049457055704895926, 0.0070491852018777865, 0.8393817006233871, 0.0050445729543744456], [0.7866035990898604, 0.1473248321023168, 0.005000519192026841, 0.01227426809296291, 0.04379626233080612, 0.005000519192026841], [0.11078940557814673, 0.1631135958338756, 0.005013551296134884, 0.013882461579549463, 0.7021874344161584, 0.005013551296134884], [0.11721716322617837, 0.14126944828509141, 0.005018425240794009, 0.013402573161575108, 0.7180739648455671, 0.005018425240794009], [0.11951068204572499, 0.15832080859137437, 0.005031477233671128, 0.014638516567098333, 0.69746703832846, 0.005031477233671128], [0.11862568730883934, 0.15179033289311272, 0.0050200484225289485, 0.014084423196586282, 0.7054594597564037, 0.0050200484225289485], [0.7475772889867149, 0.17593790545174187, 0.005005539849475903, 0.014270219443643298, 0.05220350641894806, 0.005005539849475903], [0.7395222179181665, 0.16913323203504388, 0.005019492763750772, 0.013750479763329996, 0.06755508475595803, 0.005019492763750772], [0.7359948251653423, 0.19300118283376733, 0.005008608444593925, 0.01270261614302482, 0.0482841589686776, 0.005008608444593925], [0.06692816136474936, 0.10718400586463153, 0.00505217919673438, 0.009191238990763224, 0.8065922353863871, 0.00505217919673438], [0.8443170435905462, 0.11234186724306393, 0.0050013404724098135, 0.007737074236909715, 0.025601333984660503, 0.0050013404724098135], [0.8821635928873914, 0.07775661254019031, 0.005001488528142511, 0.0070056999045286054, 0.02307111761160464, 0.005001488528142511], [0.9371107595482518, 0.038460819423888556, 0.005026025403613871, 0.005026025403613871, 0.009350344817017985, 0.005026025403613871], [0.05343622801998786, 0.08549005584119178, 0.005022675457726922, 0.006900427753429918, 0.8441279374699366, 0.005022675457726922], [0.05237581363114244, 0.08118825239738928, 0.005001680078466311, 0.00700058978757328, 0.8494319840269623, 0.005001680078466311], [0.8377831475669824, 0.11949318695180519, 0.005006340929873304, 0.007277240496085422, 0.025433743125380305, 0.005006340929873304], [0.7961665412344326, 0.14639369594045445, 0.005006240824684528, 0.0101158549379382, 0.037311426237805534, 0.005006240824684528], [0.7627073738113668, 0.17341855776823584, 0.005001400590511525, 0.011020661464974733, 0.04285060577439958, 0.005001400590511525], [0.7895730915607411, 0.14367848227097726, 0.005001012516851604, 0.01191310216770607, 0.044833298966872416, 0.005001012516851604], [0.07644045397680568, 0.10475107392288309, 0.005098243899196521, 0.009230950259713546, 0.7993810340422046, 0.005098243899196521], [0.8676420718809611, 0.08458165690816936, 0.00501223044307241, 0.008122903795741414, 0.029628906528983152, 0.00501223044307241], [0.8210393846587013, 0.12746561987927701, 0.005032080063043825, 0.009600337351363387, 0.0318304979845706, 0.005032080063043825], [0.10753136764600522, 0.1575735768164486, 0.005013238267145183, 0.012489978302660997, 0.7123786007005949, 0.005013238267145183], [0.7614279626184565, 0.16681989674554612, 0.005026057325165983, 0.013154010208615612, 0.04854601577704973, 0.005026057325165983], [0.7666190854382126, 0.16107824999454806, 0.005017981447412953, 0.013088072966168034, 0.04917862870624542, 0.005017981447412953], [0.776620675098057, 0.14803196805036978, 0.005011484366635889, 0.012635866913192052, 0.05268852120510934, 0.005011484366635889], [0.7619810399672695, 0.14339087589899563, 0.0050404550059289085, 0.02764608008657504, 0.05690109403530195, 0.0050404550059289085], [0.7707043005525214, 0.14794860623964284, 0.005012602548578075, 0.013674307777590183, 0.057647580333089525, 0.005012602548578075], [0.7486813805338195, 0.16639209508121666, 0.0050277412895708634, 0.01535938399537186, 0.05951165781045036, 0.0050277412895708634], [0.7270255671416085, 0.18952337499486738, 0.005064877537611111, 0.01628809851323834, 0.05703320427506348, 0.005064877537611111], [0.11734877709563751, 0.20482136733770742, 0.005092553377610944, 0.016713283872311042, 0.6509314649391221, 0.005092553377610944], [0.7352283714920786, 0.19117589316030498, 0.005053585922544247, 0.015128600748320195, 0.04835996275420763, 0.005053585922544247], [0.7489216785607214, 0.1808872524688896, 0.0050291732081929694, 0.013240115325078431, 0.046892607228924646, 0.0050291732081929694], [0.8437011836770734, 0.11063299796462481, 0.005039786059599298, 0.008447012074014769, 0.027139234165088556, 0.005039786059599298], [0.8681613166426626, 0.09400355308269011, 0.005007510169034647, 0.007151549850092146, 0.020668560086485693, 0.005007510169034647], [0.9012514477764071, 0.06815437866523565, 0.005029986089274816, 0.00717650125108953, 0.013357700128718172, 0.005029986089274816], [0.012614061663918508, 0.018973430634588288, 0.012402231189102678, 0.005003768884503149, 0.9460027387433843, 0.005003768884503149], [0.9260767004254831, 0.018482980648039684, 0.015415871204343935, 0.007771890662296965, 0.026478660821873196, 0.005773896237963173], [0.9413959187580735, 0.016402998685760995, 0.010470116217857378, 0.008405348099161967, 0.017989211720155805, 0.005336406518990435]], [[0.9241406503823162, 0.015468754113037192, 0.013040967032994405, 0.012998556575991074, 0.024217224221237944, 0.0101338476744232], [0.9028271469226169, 0.036340560660580584, 0.03298791380454663, 0.005842583517584966, 0.016995855874294318, 0.005005939220376564], [0.8638563788340008, 0.08948720472477018, 0.005009662221465536, 0.00804667670725369, 0.02859041529104433, 0.005009662221465536], [0.11992862422393963, 0.1457268353387557, 0.00504975449998163, 0.012627102986798214, 0.7116179284505433, 0.00504975449998163], [0.7811201310057402, 0.14317526918198784, 0.005033440618643028, 0.012855367348709236, 0.05278235122627667, 0.005033440618643028], [0.7941334639748174, 0.1303306653474098, 0.005011422405356369, 0.013196566508262174, 0.05231645935879769, 0.005011422405356369], [0.12261467716426619, 0.15234496268383627, 0.005028705969461438, 0.01431321878925327, 0.7006697294237214, 0.005028705969461438], [0.46064437492979654, 0.2885707342292069, 0.005000180068131391, 0.02385129603491779, 0.21693323466981604, 0.005000180068131391], [0.7406696866181645, 0.18756717144230556, 0.005005249201521371, 0.012793144245832349, 0.04895949929065487, 0.005005249201521371], [0.7710558822710701, 0.16217724681597806, 0.005008938723182763, 0.012517124525408277, 0.04423186894117803, 0.005008938723182763], [0.09857463219538626, 0.15136281076877878, 0.00500018756474615, 0.013150880609938985, 0.7269113012964036, 0.00500018756474615], [0.06491922092016295, 0.09112968900666318, 0.005019436217454204, 0.00862476560602233, 0.8252874520322431, 0.005019436217454204], [0.8724927168509807, 0.08186898579456066, 0.005003105275164587, 0.008359697599658742, 0.02727238920447065, 0.005003105275164587], [0.8819340954975182, 0.07233131358208761, 0.00500669522054896, 0.008305025107653404, 0.027416175371642943, 0.00500669522054896], [0.05593952921907429, 0.07392985754026876, 0.005007129352463245, 0.006938164021547665, 0.8531781905141828, 0.005007129352463245], [0.8633484854360112, 0.09110971642077212, 0.005014503740498737, 0.007801663750049222, 0.027711126912170057, 0.005014503740498737], [0.7761224982231056, 0.16272095610410625, 0.005005112318083761, 0.01055730869161883, 0.04058901234500185, 0.005005112318083761], [0.7623530406269319, 0.16967340639470152, 0.005027777041756187, 0.012822802704131834, 0.04509519619072242, 0.005027777041756187], [0.7437445031758002, 0.18549679644053377, 0.005007590568659962, 0.013162680923430715, 0.04758083832291546, 0.005007590568659962], [0.7724035336056803, 0.1558948173379372, 0.005011537784033496, 0.01271190949072396, 0.04896666399759161, 0.005011537784033496], [0.7937948637564668, 0.13640361991695224, 0.00500345701640403, 0.011741564176905278, 0.04805303811686764, 0.00500345701640403], [0.8344347878257997, 0.10900551391904564, 0.005039835156513106, 0.009951775080034697, 0.03652825286209373, 0.005039835156513106], [0.8647826925015676, 0.0857298586368459, 0.005016567899553018, 0.008707681438940903, 0.03074663162353951, 0.005016567899553018], [0.08226692675047086, 0.10246981695523101, 0.0051257946527389926, 0.010307388340967494, 0.7947042786478526, 0.0051257946527389926], [0.7883212526728651, 0.14019678360474555, 0.0050038736089981235, 0.012265310143421082, 0.04920890636097203, 0.0050038736089981235], [0.8523962533748805, 0.09551025823536732, 0.0050388440608669875, 0.00903305711323576, 0.03298274315478249, 0.0050388440608669875], [0.8549797626280853, 0.089757286364293, 0.005042661437252195, 0.009540758113638385, 0.0356368700194789, 0.005042661437252195], [0.115132577455432, 0.13142503123530466, 0.005023878983224001, 0.012444609863176657, 0.7309500234796387, 0.005023878983224001], [0.7659069445367267, 0.15226830546055664, 0.005012989354692327, 0.014163760215567856, 0.057635011077764184, 0.005012989354692327], [0.751898984938764, 0.16896442411997425, 0.005019450724590434, 0.014370183309278138, 0.05472750618280272, 0.005019450724590434], [0.4564063397027472, 0.29671421803544473, 0.0050130040749865185, 0.02475958045179622, 0.21209385366003883, 0.0050130040749865185], [0.7255094261097699, 0.196665730194901, 0.0050736560361712745, 0.01580552951138744, 0.0518720021115992, 0.0050736560361712745], [0.1124126662849869, 0.1879923884322081, 0.005039523362720038, 0.014914491884108146, 0.6746014066732567, 0.005039523362720038], [0.10457710041896741, 0.1773738321112308, 0.005015012246171077, 0.012920619228155069, 0.6950984237493045, 0.005015012246171077], [0.8486808841201469, 0.10607610287918273, 0.005028622304007353, 0.007845450081578113, 0.02734031831107766, 0.005028622304007353], [0.8838787178430144, 0.0807608278522506, 0.005006373906167441, 0.0071468231612840495, 0.01820088333111602, 0.005006373906167441], [0.9126115013761668, 0.03447483568295421, 0.029774889309708348, 0.00597473237868121, 0.012140553550343524, 0.0050234877021459266], [0.9548092295708728, 0.019610790293544192, 0.010567348279230605, 0.0050042106187841535, 0.0050042106187841535, 0.0050042106187841535], [0.9313347049931928, 0.0177866804351927, 0.011824419115128137, 0.005748777607991051, 0.027556640240504148, 0.005748777607991051], [0.9416824086043936, 0.014882406152880312, 0.00957264064119432, 0.006521393950666283, 0.021924557525963624, 0.005416593124901951]], [[0.9351167969031915, 0.01260829168816559, 0.011912998639998054, 0.009933853171228716, 0.02268921935093305, 0.007738840246483155], [0.05876183125883761, 0.035345099247846935, 0.03307899669870175, 0.005927208034172227, 0.8618691804472256, 0.005017684313215868], [0.8865604598135011, 0.07123213846151571, 0.005006411449704817, 0.007011350468315289, 0.025183228357258433, 0.005006411449704817], [0.851150613236353, 0.09665032326438551, 0.0050257992964527045, 0.009289781207229595, 0.032857683699126485, 0.0050257992964527045], [0.8652349507897674, 0.08149605774390252, 0.005022236066939403, 0.009194314768281035, 0.034030204564170274, 0.005022236066939403], [0.11232938516772321, 0.13783348615848576, 0.0050129572126174134, 0.01381126830520716, 0.725999945943349, 0.0050129572126174134], [0.7580466889204782, 0.15470427693908648, 0.005009064629856992, 0.012943806553625772, 0.0642870983270956, 0.005009064629856992], [0.7514815981511729, 0.17741494737965308, 0.005001144000735629, 0.013087393940041483, 0.04801377252766134, 0.005001144000735629], [0.7689553690419382, 0.16415642504374053, 0.005011131766962683, 0.012552168895997275, 0.04431377348439874, 0.005011131766962683], [0.09581220171374903, 0.1692555187184827, 0.0050058767284507, 0.012917569231434617, 0.7120029568794323, 0.0050058767284507], [0.8564892342240804, 0.0962815321344953, 0.005018837851333645, 0.008363803789881552, 0.028827754148875454, 0.005018837851333645], [0.062090968054120385, 0.0877658641237795, 0.005011422856102433, 0.007971965911306339, 0.8321483561985888, 0.005011422856102433], [0.8776813829103236, 0.07746466813098153, 0.005004122381908828, 0.0075465350274571165, 0.027299169167419975, 0.005004122381908828], [0.8772983594619782, 0.07636563949521587, 0.005008711564165716, 0.007894929117950958, 0.028423648796523544, 0.005008711564165716], [0.859771722594546, 0.08655561975050668, 0.005039806319760456, 0.009183317033484755, 0.034409727981941585, 0.005039806319760456], [0.7876398559396475, 0.1420357309182411, 0.005024894970366158, 0.011881931534556512, 0.04839269166682259, 0.005024894970366158], [0.7854626998395482, 0.14591145183811144, 0.00500315726680806, 0.011655672488676652, 0.04696386130004762, 0.00500315726680806], [0.7495227421085733, 0.16164603955547868, 0.005015721193733599, 0.013132754223666096, 0.06566702172481474, 0.005015721193733599], [0.46268434837739986, 0.29692744144771405, 0.005041300718939456, 0.023333799662348758, 0.20697180907465848, 0.005041300718939456], [0.7681878058213394, 0.1594416927997047, 0.005015709831500827, 0.013247249566767661, 0.0490918321491866, 0.005015709831500827], [0.758176191737137, 0.1453775278514136, 0.005000354232584641, 0.013053614745423752, 0.07339195720085631, 0.005000354232584641], [0.806579951339667, 0.11980479273952234, 0.0050202888263112515, 0.011634054635965802, 0.05194062363222236, 0.0050202888263112515], [0.08565429348780758, 0.08754446570265381, 0.005120801825356797, 0.009843600792526318, 0.8067160363662987, 0.005120801825356797], [0.812194934511385, 0.11665561677083, 0.005020669868530778, 0.011871730092611027, 0.0492363788881123, 0.005020669868530778], [0.8641389616572955, 0.08209814357496518, 0.005031352802186934, 0.008792764820135369, 0.034907424343230055, 0.005031352802186934], [0.874922326513749, 0.07715956671142038, 0.0050108289275270735, 0.007942714306712836, 0.029953734613063474, 0.0050108289275270735], [0.8559495029525807, 0.09344077611513477, 0.005025930047645369, 0.008497445750873616, 0.03206041508612022, 0.005025930047645369], [0.8372386140283749, 0.1041236171083089, 0.005052830671241766, 0.009911483365520382, 0.03862062415531245, 0.005052830671241766], [0.8018714609835238, 0.12874364762863574, 0.005015189376227977, 0.011710884923493288, 0.047643627711891276, 0.005015189376227977], [0.7681281584991929, 0.15844397673219607, 0.005004620126320387, 0.01293001344037325, 0.05048861107559708, 0.005004620126320387], [0.7450358495501749, 0.17652060335875233, 0.005028536467388144, 0.014935515736917874, 0.0534509584193786, 0.005028536467388144], [0.11361808756967699, 0.1822826090422025, 0.005030483285446157, 0.014636417425242774, 0.6794019193919855, 0.005030483285446157], [0.7626229797336838, 0.1700932262243503, 0.0050122686599403865, 0.012591391266114834, 0.04466786545597039, 0.0050122686599403865], [0.06406794507009647, 0.1107002554503318, 0.005041593086863439, 0.00842511898122314, 0.8067234943246218, 0.005041593086863439], [0.8731749212464193, 0.08935834314084937, 0.0050042931021878475, 0.007146423795476812, 0.020311725612878855, 0.0050042931021878475], [0.03716574510358834, 0.03395005250019423, 0.03246338937490842, 0.006040963245236905, 0.8853625089261276, 0.005017340849944595], [0.9412547488309504, 0.0166476152027249, 0.013020364807222089, 0.00730445423422953, 0.016443525175516765, 0.005329291749356246], [0.9432942835581297, 0.016480027947151893, 0.009899493000253792, 0.005369864007039381, 0.019586467480385727, 0.005369864007039381], [0.9595653099454956, 0.016049403238158996, 0.009349028389959898, 0.0050120861421285075, 0.0050120861421285075, 0.0050120861421285075], [0.9486321789498385, 0.014625981356091375, 0.008236510234950506, 0.006160834451534895, 0.017096385628134824, 0.005248109379449809]], [[0.9339253426872767, 0.012118590852839466, 0.012812679791715763, 0.010129487807787623, 0.023126579691868376, 0.007887319168512092], [0.03941067303010548, 0.03285410848523633, 0.04622251133400481, 0.005959352071673314, 0.8705061986987422, 0.005047156380237778], [0.06078330164295457, 0.07544585247887475, 0.005011554414390803, 0.007150622072335935, 0.8465971149770531, 0.005011554414390803], [0.8697645144031219, 0.07856552825572088, 0.005017745731331872, 0.008724388547826516, 0.03291007733066707, 0.005017745731331872], [0.8728408704340702, 0.08003266640915473, 0.00500597025802989, 0.008258102233698994, 0.02885642040701621, 0.00500597025802989], [0.8592210425444128, 0.08884849657287253, 0.005020262855930557, 0.009397425848756679, 0.032492509322096914, 0.005020262855930557], [0.7927556886612788, 0.14128465488592803, 0.005001311447583338, 0.011906035393600653, 0.04405099816402592, 0.005001311447583338], [0.10757683999873395, 0.14692900731143604, 0.005005413669538076, 0.012384172893194479, 0.7230991524575593, 0.005005413669538076], [0.7948764347626913, 0.13965770986947704, 0.005001919365244698, 0.011863910596104688, 0.04359810604123756, 0.005001919365244698], [0.8574073677651826, 0.0931869303277382, 0.0050184353711431725, 0.008878240403993083, 0.030490590760799685, 0.0050184353711431725], [0.8735365218412348, 0.0824860741880837, 0.005002194680492882, 0.007717382117375421, 0.026255632492320283, 0.005002194680492882], [0.8724760476640587, 0.08274065550722254, 0.005003057283157809, 0.00783111215301759, 0.02694607010938536, 0.005003057283157809], [0.06831145016620742, 0.09257883407750189, 0.005029951243812626, 0.008477370738185705, 0.8205724425304797, 0.005029951243812626], [0.8405169478454406, 0.11095189021809658, 0.005014554642125555, 0.00855916563117446, 0.02994288702103724, 0.005014554642125555], [0.1003026527281715, 0.12344479089872268, 0.005015056143185764, 0.010585732570903677, 0.7556367115158306, 0.005015056143185764], [0.8296724703611978, 0.09089225050796422, 0.005012853861914523, 0.009170338837597514, 0.060239232569411306, 0.005012853861914523], [0.8086899015764689, 0.12607103776466247, 0.005008141796190406, 0.011062278139176089, 0.044160498927311734, 0.005008141796190406], [0.7755737360479769, 0.15142984044525734, 0.005008763524022286, 0.013101359314299508, 0.04987753714442174, 0.005008763524022286], [0.7643303347756746, 0.15721496833931997, 0.005022964855459481, 0.014172515290175226, 0.05423625188391135, 0.005022964855459481], [0.1211131164978722, 0.15587351220131473, 0.0050382162405623295, 0.013904722910591954, 0.6990322159090964, 0.0050382162405623295], [0.7882647246949069, 0.14262363021372731, 0.005023556705450199, 0.011708925321782858, 0.047355606358682474, 0.005023556705450199], [0.07990936586408687, 0.08942771359555367, 0.0050872900238753665, 0.009296166252558998, 0.8111921742400496, 0.0050872900238753665], [0.7994138580302984, 0.12964563403849133, 0.005048877727364856, 0.011160723130626854, 0.049682029345853564, 0.005048877727364856], [0.10984674402217227, 0.1302133821882559, 0.005063021914577164, 0.010852260816954087, 0.7389615691434634, 0.005063021914577164], [0.10271155996475853, 0.11317684674229692, 0.0050366361353427844, 0.010629008620908074, 0.7634093124013509, 0.0050366361353427844], [0.8575627455761453, 0.09394009951695977, 0.00501916360412167, 0.008331598239661595, 0.030127229458989904, 0.00501916360412167], [0.8699781903635225, 0.07793546134136144, 0.005023737804942385, 0.008502586457518228, 0.03353628622771304, 0.005023737804942385], [0.8239556106080356, 0.10962225252570443,