{"prediction": [[[0.98500332438622, 0.002999335122756038, 0.002999335122756038, 0.002999335122756038, 0.002999335122756038, 0.002999335122756038], [0.98500332438622, 0.002999335122756038, 0.002999335122756038, 0.002999335122756038, 0.002999335122756038, 0.002999335122756038], [0.98500332438622, 0.002999335122756038, 0.002999335122756038, 0.002999335122756038, 0.002999335122756038, 0.002999335122756038], [0.98500332438622, 0.002999335122756038, 0.002999335122756038, 0.002999335122756038, 0.002999335122756038, 0.002999335122756038], [0.98500332438622, 0.002999335122756038, 0.002999335122756038, 0.002999335122756038, 0.002999335122756038, 0.002999335122756038], [0.98500332438622, 0.002999335122756038, 0.002999335122756038, 0.002999335122756038, 0.002999335122756038, 0.002999335122756038], [0.98500332438622, 0.002999335122756038, 0.002999335122756038, 0.002999335122756038, 0.002999335122756038, 0.002999335122756038], [0.98500332438622, 0.002999335122756038, 0.002999335122756038, 0.002999335122756038, 0.002999335122756038, 0.002999335122756038], [0.98500332438622, 0.002999335122756038, 0.002999335122756038, 0.002999335122756038, 0.002999335122756038, 0.002999335122756038], [0.98500332438622, 0.002999335122756038, 0.002999335122756038, 0.002999335122756038, 0.002999335122756038, 0.002999335122756038], [0.98500332438622, 0.002999335122756038, 0.002999335122756038, 0.002999335122756038, 0.002999335122756038, 0.002999335122756038], [0.98500332438622, 0.002999335122756038, 0.002999335122756038, 0.002999335122756038, 0.002999335122756038, 0.002999335122756038], [0.98500332438622, 0.002999335122756038, 0.002999335122756038, 0.002999335122756038, 0.002999335122756038, 0.002999335122756038], [0.98500332438622, 0.002999335122756038, 0.002999335122756038, 0.002999335122756038, 0.002999335122756038, 0.002999335122756038], [0.98500332438622, 0.002999335122756038, 0.002999335122756038, 0.002999335122756038, 0.002999335122756038, 0.002999335122756038], [0.98500332438622, 0.002999335122756038, 0.002999335122756038, 0.002999335122756038, 0.002999335122756038, 0.002999335122756038], [0.98500332438622, 0.002999335122756038, 0.002999335122756038, 0.002999335122756038, 0.002999335122756038, 0.002999335122756038], [0.98500332438622, 0.002999335122756038, 0.002999335122756038, 0.002999335122756038, 0.002999335122756038, 0.002999335122756038], [0.98500332438622, 0.002999335122756038, 0.002999335122756038, 0.002999335122756038, 0.002999335122756038, 0.002999335122756038], [0.98500332438622, 0.002999335122756038, 0.002999335122756038, 0.002999335122756038, 0.002999335122756038, 0.002999335122756038], [0.98500332438622, 0.002999335122756038, 0.002999335122756038, 0.002999335122756038, 0.002999335122756038, 0.002999335122756038], [0.98500332438622, 0.002999335122756038, 0.002999335122756038, 0.002999335122756038, 0.002999335122756038, 0.002999335122756038], [0.98500332438622, 0.002999335122756038, 0.002999335122756038, 0.002999335122756038, 0.002999335122756038, 0.002999335122756038], [0.98500332438622, 0.002999335122756038, 0.002999335122756038, 0.002999335122756038, 0.002999335122756038, 0.002999335122756038], [0.98500332438622, 0.002999335122756038, 0.002999335122756038, 0.002999335122756038, 0.002999335122756038, 0.002999335122756038], [0.98500332438622, 0.002999335122756038, 0.002999335122756038, 0.002999335122756038, 0.002999335122756038, 0.002999335122756038], [0.98500332438622, 0.002999335122756038, 0.002999335122756038, 0.002999335122756038, 0.002999335122756038, 0.002999335122756038], [0.98500332438622, 0.002999335122756038, 0.002999335122756038, 0.002999335122756038, 0.002999335122756038, 0.002999335122756038], [0.98500332438622, 0.002999335122756038, 0.002999335122756038, 0.002999335122756038, 0.002999335122756038, 0.002999335122756038], [0.98500332438622, 0.002999335122756038, 0.002999335122756038, 0.002999335122756038, 0.002999335122756038, 0.002999335122756038], [0.98500332438622, 0.002999335122756038, 0.002999335122756038, 0.002999335122756038, 0.002999335122756038, 0.002999335122756038], [0.98500332438622, 0.002999335122756038, 0.002999335122756038, 0.002999335122756038, 0.002999335122756038, 0.002999335122756038], [0.98500332438622, 0.002999335122756038, 0.002999335122756038, 0.002999335122756038, 0.002999335122756038, 0.002999335122756038], [0.98500332438622, 0.002999335122756038, 0.002999335122756038, 0.002999335122756038, 0.002999335122756038, 0.002999335122756038], [0.98500332438622, 0.002999335122756038, 0.002999335122756038, 0.002999335122756038, 0.002999335122756038, 0.002999335122756038], [0.98500332438622, 0.002999335122756038, 0.002999335122756038, 0.002999335122756038, 0.002999335122756038, 0.002999335122756038], [0.98500332438622, 0.002999335122756038, 0.002999335122756038, 0.002999335122756038, 0.002999335122756038, 0.002999335122756038], [0.98500332438622, 0.002999335122756038, 0.002999335122756038, 0.002999335122756038, 0.002999335122756038, 0.002999335122756038], [0.98500332438622, 0.002999335122756038, 0.002999335122756038, 0.002999335122756038, 0.002999335122756038, 0.002999335122756038], [0.98500332438622, 0.002999335122756038, 0.002999335122756038, 0.002999335122756038, 0.002999335122756038, 0.002999335122756038]], [[0.98500332438622, 0.002999335122756038, 0.002999335122756038, 0.002999335122756038, 0.002999335122756038, 0.002999335122756038], [0.98500332438622, 0.002999335122756038, 0.002999335122756038, 0.002999335122756038, 0.002999335122756038, 0.002999335122756038], [0.98500332438622, 0.002999335122756038, 0.002999335122756038, 0.002999335122756038, 0.002999335122756038, 0.002999335122756038], [0.96843090409438, 0.014745160312045601, 0.006219800642723373, 0.003002327227412951, 0.004599480496024988, 0.003002327227412951], [0.9637805836533174, 0.016307102788434988, 0.007642301389427643, 0.003001505225347632, 0.006267001718124818, 0.003001505225347632], [0.02841855667320914, 0.017347944342526712, 0.00856589611436108, 0.003014135975302753, 0.9396393309192976, 0.003014135975302753], [0.9505851406593777, 0.02011076041713073, 0.012893237470172321, 0.003003322419841199, 0.010404216613636824, 0.003003322419841199], [0.9375101911885683, 0.02416786696748202, 0.018689001347290176, 0.003771195979431732, 0.012852793013927364, 0.003008951503300535], [0.8993836732205613, 0.03561668121474131, 0.03126962280372235, 0.006162589396313065, 0.024565062317178577, 0.0030023710474834093], [0.08887047703253097, 0.041531716068658464, 0.038215758449224806, 0.007756243209291645, 0.8205943529588918, 0.0030314522814023867], [0.10119117551318876, 0.049811411064828226, 0.05272163357230945, 0.010144389831703023, 0.7830780941884654, 0.0030532958295051617], [0.8010348834543322, 0.06396728298605889, 0.0746959398364702, 0.011974798475955523, 0.04531774449888366, 0.003009350748299578], [0.785349486764727, 0.0649781379000164, 0.08767450772938365, 0.013208142245894637, 0.04578529180543373, 0.003004433554544523], [0.15475616648376597, 0.06007789581863458, 0.07228642780495638, 0.01354310044181314, 0.6963236424691751, 0.003012766981654757], [0.09856528131814558, 0.04592465465425016, 0.060883785686379234, 0.009032346835163588, 0.78254633921319, 0.003047592292871543], [0.09681716187528756, 0.039904024072028386, 0.03814817552185135, 0.007896363790416408, 0.8141933708348993, 0.003040903905517008], [0.8933958923270371, 0.03625547560915261, 0.0334189838131775, 0.00662659606842778, 0.02729996230312996, 0.0030030898790750454], [0.9298118035559321, 0.02471052518757198, 0.01971981306774545, 0.005015237660823473, 0.017724299726532507, 0.003018320801394552], [0.9392429506542107, 0.02357183089499211, 0.015449099590547511, 0.0038956991890395382, 0.014829906144111412, 0.0030105135270987], [0.04360504832338946, 0.019701636948512617, 0.012463259517319152, 0.0033277976940322153, 0.9178614642071529, 0.003040793309593713], [0.04120107666365205, 0.021241178161504077, 0.013243415908457748, 0.0033381940334450593, 0.9179397259131857, 0.003036409319755397], [0.04392873640397598, 0.021348852388, 0.014194767447658775, 0.0036841181288598994, 0.9138011672524455, 0.0030423583790596532], [0.9175375706975732, 0.02976993780813766, 0.022653671463378357, 0.005112691960300185, 0.021919762928496397, 0.0030063651421142197], [0.9306492465975384, 0.027083647194028202, 0.019858135603027464, 0.004604579439750105, 0.01479036336222508, 0.0030140278034307137], [0.925404883432581, 0.027626348488809505, 0.021499139329864428, 0.00494688105488415, 0.017502460459859658, 0.0030202872340011817], [0.8941583213778644, 0.03649465244018555, 0.03255595027854677, 0.0072095937275055465, 0.026578513178886216, 0.0030029689970115206], [0.8831991298857733, 0.03787584935714895, 0.035617759759661305, 0.007664655456573171, 0.032635810021560116, 0.0030067955192831617], [0.8784603072415876, 0.04040354238104238, 0.0380235671750873, 0.007793735578532472, 0.032312153686190115, 0.003006693937560187], [0.8644838207191546, 0.041709933395762226, 0.047160166444888206, 0.008397113152036515, 0.035239134045459974, 0.003009832242698487], [0.12037009053748395, 0.05211449987571076, 0.05267030482216845, 0.010492324081093865, 0.7613307113730938, 0.003022069310448917], [0.8583528137557794, 0.044068596081309065, 0.05033350420830132, 0.009567693303565874, 0.03466636787398772, 0.003011024777056582], [0.8919541044864078, 0.03473509166326741, 0.03575672745945196, 0.007076918990242763, 0.027474073047662913, 0.0030030843529672913], [0.9052717475620656, 0.0341255530808724, 0.031195846577904113, 0.005762387613589027, 0.02064286886856016, 0.003001596297008747], [0.03653665864244768, 0.021222886127245547, 0.014332680077069261, 0.00341637344613348, 0.9214636035894065, 0.0030277981176975613], [0.9479555207203209, 0.021395198277868732, 0.015009665228305291, 0.0031696839567601355, 0.009467016664192505, 0.003002915152552582], [0.9508083014821113, 0.019972129386470628, 0.014686213999622506, 0.0030646911468365933, 0.008466859250066723, 0.0030018047348922433], [0.9531901362687261, 0.02017955051399496, 0.013144167853014794, 0.0030009547184356587, 0.007484235927392858, 0.0030009547184356587], [0.022380082734672135, 0.018040047424088008, 0.012813831691092152, 0.003006675580434037, 0.9407526869892797, 0.003006675580434037], [0.01768576609691629, 0.016067037510387374, 0.008722904768459945, 0.003003003290462712, 0.951518285043311, 0.003003003290462712], [0.98500332438622, 0.002999335122756038, 0.002999335122756038, 0.002999335122756038, 0.002999335122756038, 0.002999335122756038]], [[0.98500332438622, 0.002999335122756038, 0.002999335122756038, 0.002999335122756038, 0.002999335122756038, 0.002999335122756038], [0.9667127257332886, 0.015003845784894427, 0.007499398372031341, 0.0030015050437134237, 0.004781020022358838, 0.0030015050437134237], [0.013309600083894823, 0.016088599939248476, 0.005850997669592233, 0.0030022555474873555, 0.9587462912122898, 0.0030022555474873555], [0.9611115208287719, 0.024696821535353474, 0.0030004618958463444, 0.0030004618958463444, 0.005190271948335615, 0.0030004618958463444], [0.952376359555483, 0.031357918709713016, 0.0030004326234136444, 0.0030004326234136444, 0.007264423864562994, 0.0030004326234136444], [0.9430994837022301, 0.03760007522654214, 0.003003532380622396, 0.003003532380622396, 0.010289843929360698, 0.003003532380622396], [0.9283754659303173, 0.04958282777172816, 0.00301165892605081, 0.003221791792515498, 0.0127965966533374, 0.00301165892605081], [0.06449189281966917, 0.07474145836833315, 0.0030041346107654104, 0.0048908053993351715, 0.8498675741911317, 0.0030041346107654104], [0.8456656073669924, 0.11395061708663104, 0.0030083658834402236, 0.006070616222158257, 0.028296427557337696, 0.0030083658834402236], [0.09192378168197557, 0.13647550211925083, 0.003037971335359987, 0.00846450284315299, 0.7570602706849007, 0.003037971335359987], [0.7510449068837618, 0.1886632244816954, 0.0030009018368057356, 0.010192159350726754, 0.04409790561020473, 0.0030009018368057356], [0.7161338326324859, 0.2161970386669142, 0.0030059984140491706, 0.011501589136557007, 0.0501555427359447, 0.0030059984140491706], [0.7223142229673446, 0.20575103606451825, 0.003016500637563026, 0.012002235293668092, 0.05389950439934315, 0.003016500637563026], [0.7097681058474177, 0.22081562288090575, 0.003009840274697099, 0.012284423002083681, 0.051112167720198665, 0.003009840274697099], [0.7492643455205641, 0.18769290514038303, 0.0030232601060042334, 0.01256332988766812, 0.04443289923937648, 0.0030232601060042334], [0.09094254036541255, 0.14232123271252026, 0.003041299870720609, 0.008609851647529072, 0.7520437755330969, 0.003041299870720609], [0.8366088763588869, 0.11778231856282248, 0.003011654776795337, 0.006886340910432221, 0.032699154614267666, 0.003011654776795337], [0.0810067298535507, 0.09061612806096209, 0.0030112712694593167, 0.006025541750965976, 0.8163290577956026, 0.0030112712694593167], [0.9127038698364659, 0.05875850174353448, 0.0030275520013160417, 0.00411012718883722, 0.018372397228530426, 0.0030275520013160417], [0.9200965075452148, 0.05490355537411575, 0.003018901268245292, 0.0037143307493145076, 0.015247803794864338, 0.003018901268245292], [0.04709158317507662, 0.05406111298661207, 0.0030508061667029805, 0.00416450635615285, 0.8885811851487525, 0.0030508061667029805], [0.874261927311466, 0.08955063657125129, 0.003001063522453287, 0.005622545085840633, 0.024562763986535455, 0.003001063522453287], [0.860758976363888, 0.09727104949378329, 0.0030032255599824393, 0.0063406916424739316, 0.029622831379890024, 0.0030032255599824393], [0.07521819651262839, 0.09645988959177411, 0.003008708487181867, 0.006203916128249896, 0.8161005807929838, 0.003008708487181867], [0.07759401502585198, 0.1168515628370719, 0.0030163125752966603, 0.007074070988475574, 0.7924477259980072, 0.0030163125752966603], [0.8310891429608824, 0.12290713010001131, 0.0030162044975874107, 0.007602321767363212, 0.032368996176568264, 0.0030162044975874107], [0.8099989190962331, 0.13444540612932582, 0.0030296008706414126, 0.00883089549511527, 0.040665577538042987, 0.0030296008706414126], [0.7936716396617284, 0.14673473006441695, 0.0030428899858776963, 0.009101404634226633, 0.044406445667872795, 0.0030428899858776963], [0.7582842492190706, 0.17645485919068138, 0.0030044987776807774, 0.010813388236832705, 0.04843850579805381, 0.0030044987776807774], [0.7619479941586859, 0.17539072604637465, 0.003004039780299817, 0.010591030814320465, 0.04606216942001944, 0.003004039780299817], [0.7713278469100535, 0.16553257361481324, 0.0030021389346715343, 0.010373000368309458, 0.04676230123748086, 0.0030021389346715343], [0.8160604429315236, 0.1346183923096868, 0.00302277214375887, 0.007974454220062776, 0.03530116625120903, 0.00302277214375887], [0.8622010882899952, 0.09820090566377493, 0.003002627127093945, 0.006603859379140857, 0.02698889241290102, 0.003002627127093945], [0.8904143870768645, 0.07536682427643865, 0.0030007738308708404, 0.00574382891670471, 0.022473412068250605, 0.0030007738308708404], [0.9261747063018061, 0.05130388686689367, 0.003012688771918532, 0.0038629998053647118, 0.012633029482098487, 0.003012688771918532], [0.04862604649752322, 0.05575127492529656, 0.0030082228021682056, 0.004187179287159228, 0.8854190536856846, 0.0030082228021682056], [0.026281383665658832, 0.04155398340623581, 0.003010392804069337, 0.0030243928814970176, 0.9231194544384697, 0.003010392804069337], [0.02133785118818977, 0.0345735156182543, 0.0030043309617107388, 0.0030180941820706444, 0.9350618770880639, 0.0030043309617107388], [0.024116610807943046, 0.01831735426388016, 0.012019580610344988, 0.0030084834382487747, 0.9395294874413342, 0.0030084834382487747], [0.98500332438622, 0.002999335122756038, 0.002999335122756038, 0.002999335122756038, 0.002999335122756038, 0.002999335122756038]], [[0.98500332438622, 0.002999335122756038, 0.002999335122756038, 0.002999335122756038, 0.002999335122756038, 0.002999335122756038], [0.9688225974921224, 0.014841576342830815, 0.00616518547758636, 0.003002370725034969, 0.00416589923739047, 0.003002370725034969], [0.012747402001820757, 0.022036648617429582, 0.00300211940819963, 0.0030137790045568578, 0.9561979315597936, 0.00300211940819963], [0.9547855383392465, 0.02990737800158047, 0.00300005613740515, 0.00300005613740515, 0.006306915246957487, 0.00300005613740515], [0.9432882830041827, 0.03840231177227467, 0.00300288080733817, 0.00300288080733817, 0.00930076280152822, 0.00300288080733817], [0.9317999547293778, 0.0472485628128847, 0.0030092153113388726, 0.0030092153113388726, 0.011923836523720834, 0.0030092153113388726], [0.8935785041418862, 0.07486954303882064, 0.0030013779437878924, 0.004844940940796957, 0.020704255990920566, 0.0030013779437878924], [0.07758792088173375, 0.10027057302935008, 0.0030109816982743856, 0.0058455314829177, 0.8102740112094496, 0.0030109816982743856], [0.09261492767397408, 0.12342316251920078, 0.003030640173195137, 0.007219433993523837, 0.770681195466911, 0.003030640173195137], [0.12542610811550173, 0.17514508519349226, 0.003008580747196018, 0.010545700484228529, 0.6828659447123855, 0.003008580747196018], [0.7468303019541181, 0.18507387313652152, 0.0030070581560488604, 0.012064973868467447, 0.05001673472879505, 0.0030070581560488604], [0.7235168333815795, 0.20128444356904898, 0.003015242483137621, 0.012585723295615655, 0.05658251478748072, 0.003015242483137621], [0.42329284362919173, 0.3556786361863842, 0.0030122689998732218, 0.020776374847937196, 0.1942276073367406, 0.0030122689998732218], [0.7106798653273892, 0.21895052044341073, 0.0030096235142547567, 0.01177881919378815, 0.05257154800690227, 0.0030096235142547567], [0.12937336422597348, 0.1963803979912155, 0.0030106617192530265, 0.011698375968488777, 0.6565265383758161, 0.0030106617192530265], [0.7528791261427911, 0.1857539080321942, 0.003000974437815972, 0.009561370898183345, 0.04580364605119951, 0.003000974437815972], [0.8249601372051966, 0.1237002294730557, 0.003017579635181119, 0.007602353719829116, 0.03770212033155643, 0.003017579635181119], [0.8538721606893549, 0.10328206777005201, 0.003004901666092996, 0.006686799670679516, 0.0301491685377275, 0.003004901666092996], [0.8762260129637485, 0.08219023352193856, 0.0030012977756904424, 0.00631071145999995, 0.02927044650293216, 0.0030012977756904424], [0.9094175848244169, 0.06312671060001644, 0.0030292795895185292, 0.004294543450123246, 0.01710260194640622, 0.0030292795895185292], [0.07187558251274795, 0.0957281227028711, 0.0030070470124408215, 0.005778743484007796, 0.8206034572754916, 0.0030070470124408215], [0.08534562457098677, 0.11162690128059538, 0.0030193316503281022, 0.007100099633861294, 0.7898887112139004, 0.0030193316503281022], [0.8260817449957446, 0.1251933980415602, 0.0030168073098789864, 0.007535421058443314, 0.035155821284493835, 0.0030168073098789864], [0.8183418520722905, 0.132039594997795, 0.0030212361467736, 0.0079883839993472, 0.03558769663702015, 0.0030212361467736], [0.09302283873825648, 0.13810936222636702, 0.003040074769320326, 0.008395900402916006, 0.7543917490938198, 0.003040074769320326], [0.10607015818529024, 0.14703436267395192, 0.003065543598996945, 0.00958988706426235, 0.7311745048785017, 0.003065543598996945], [0.7363395495158955, 0.1848456489546799, 0.003013047658796346, 0.011678732214725448, 0.06110997399710636, 0.003013047658796346], [0.7290541151828062, 0.19505146015161276, 0.0030158876796452638, 0.011998018323026159, 0.057864630983264456, 0.0030158876796452638], [0.134662297276318, 0.2016461851688166, 0.0030214983047053418, 0.012290527071320705, 0.6453579938741341, 0.0030214983047053418], [0.7405373678286584, 0.19045995341423472, 0.003009340964168738, 0.01143743602221281, 0.051546560806556625, 0.003009340964168738], [0.7383178051091438, 0.19309703679516188, 0.0030101711949831857, 0.011656137350312163, 0.05090867835541586, 0.0030101711949831857], [0.11542317776541955, 0.16895222148050623, 0.0030043076294050852, 0.010386444128365053, 0.6992295413668991, 0.0030043076294050852], [0.09699426323297983, 0.1277846751191626, 0.003037040022752257, 0.008703383845296895, 0.7604435977570562, 0.003037040022752257], [0.868216554022252, 0.0916503845001653, 0.0030014831737199075, 0.006656791266629183, 0.02747330386351381, 0.0030014831737199075], [0.8765229164565718, 0.08459381486160593, 0.003000649998425748, 0.006427269149950469, 0.026454699535020422, 0.003000649998425748], [0.8858351885751536, 0.0814264981287209, 0.003000599606389869, 0.005567559352187186, 0.021169554731158585, 0.003000599606389869], [0.901043801340991, 0.07091072868546369, 0.003002653682711867, 0.004809164666749601, 0.017230997941371864, 0.003002653682711867], [0.9357646404279747, 0.04614811537513492, 0.0030057752516858506, 0.0031061406008549676, 0.00896955309266373, 0.0030057752516858506], [0.9509738815205705, 0.019573163447376543, 0.014671709583705197, 0.0030019737947996703, 0.008777297858748303, 0.0030019737947996703], [0.98500332438622, 0.002999335122756038, 0.002999335122756038, 0.002999335122756038, 0.002999335122756038, 0.002999335122756038]], [[0.98500332438622, 0.002999335122756038, 0.002999335122756038, 0.002999335122756038, 0.002999335122756038, 0.002999335122756038], [0.9687368797711245, 0.014698479055129225, 0.0058683828678527845, 0.0030025885407793692, 0.0046910812243347345, 0.0030025885407793692], [0.9591219358013866, 0.026858205560741803, 0.0030000736444431137, 0.0030000736444431137, 0.005019637704542248, 0.0030000736444431137], [0.021858519458509574, 0.02954141628914711, 0.0030048151605845236, 0.003016989693167007, 0.9395734442380073, 0.0030048151605845236], [0.03023857877718502, 0.036762360116510996, 0.003014139137893319, 0.0030274299807132635, 0.9239433528498041, 0.003014139137893319], [0.036646967177033474, 0.05042010779598369, 0.0030286417312473074, 0.0030429155135638392, 0.9038327260509244, 0.0030286417312473074], [0.9118913670114435, 0.06377927571074266, 0.0030254177762009836, 0.0038130972026731744, 0.014465424522738721, 0.0030254177762009836], [0.07874052740334696, 0.0981745253714902, 0.0030109529765671487, 0.006543803366723385, 0.8105192379053052, 0.0030109529765671487], [0.8234885923525131, 0.12420208881039231, 0.003018117469634489, 0.008182765780797931, 0.03809031811702764, 0.003018117469634489], [0.7980174135474865, 0.1383298606123685, 0.0030354846052888774, 0.01046783692285606, 0.04711391970671115, 0.0030354846052888774], [0.7460745642387729, 0.18077529779262894, 0.0030069931833869973, 0.011926300922553555, 0.055209850679270485, 0.0030069931833869973], [0.7180525172431226, 0.20756198005364973, 0.0030047323597049186, 0.013799343737598503, 0.05457669424621937, 0.0030047323597049186], [0.13572367702657828, 0.2070843969907757, 0.0030246301371423543, 0.012903912796602985, 0.6382387529117584, 0.0030246301371423543], [0.11797255393624097, 0.21276216991782299, 0.0030237311906976838, 0.012264062822455154, 0.6509537509420854, 0.0030237311906976838], [0.12262290132102104, 0.18848006603879222, 0.0030142754858655508, 0.010859257211296039, 0.6720092244571596, 0.0030142754858655508], [0.8036883417688523, 0.1448583984981114, 0.0030313676323334843, 0.008443769647447147, 0.0369467548209221, 0.0030313676323334843], [0.8390920355705008, 0.11191267926418777, 0.003010255517471738, 0.007750102828797935, 0.035224671301570004, 0.003010255517471738], [0.8667284547850952, 0.09147590977666364, 0.003001757382826751, 0.006950894859164138, 0.028841225813423674, 0.003001757382826751], [0.9033200591668109, 0.06495196482878905, 0.0030379668140740907, 0.005287050885682497, 0.02036499149056939, 0.0030379668140740907], [0.8610822096103006, 0.09564444472715916, 0.003002743566651959, 0.007390288572256254, 0.029877569956980075, 0.003002743566651959], [0.08042287083563206, 0.10984719084177408, 0.003015234178812091, 0.007218082294950379, 0.7964813876700193, 0.003015234178812091], [0.8197224625399114, 0.13280534651100534, 0.003020868562324403, 0.007365623175743695, 0.034064830648690654, 0.003020868562324403], [0.7675565353606143, 0.16584356290819585, 0.0030028419891875223, 0.009881157787721962, 0.0507130599650929, 0.0030028419891875223], [0.7932699106749764, 0.1453127463482229, 0.0030391750625337203, 0.009705128391749165, 0.045633864459984144, 0.0030391750625337203], [0.7746154812550935, 0.16097313463781798, 0.003055573357622914, 0.010451412545415152, 0.04784882484642759, 0.003055573357622914], [0.7360898881872159, 0.18878640538827712, 0.0030126455566406424, 0.012411992433475788, 0.05668642287774999, 0.0030126455566406424], [0.7116517845801511, 0.20906837802451173, 0.0030094845057135776, 0.012717029252520733, 0.060543839131389304, 0.0030094845057135776], [0.16296364293082324, 0.20556836945421172, 0.003024882408334735, 0.013947149389452166, 0.6114710734088433, 0.003024882408334735], [0.7012409130680961, 0.21650656280865183, 0.003025890942475274, 0.013584660301375421, 0.06261608193692611, 0.003025890942475274], [0.44800284449219824, 0.3180052876149617, 0.0030113135861417873, 0.01911608784033466, 0.20885315288022177, 0.0030113135861417873], [0.7403524623796724, 0.18621621204983374, 0.00300878316394065, 0.012052458117157532, 0.05536130112545507, 0.00300878316394065], [0.765128017024336, 0.16756345378892698, 0.003002617007231398, 0.011407308581761729, 0.04989598659051235, 0.003002617007231398], [0.7882260013502566, 0.1486206259655449, 0.003000535176898272, 0.010451693131984819, 0.04670060919841725, 0.003000535176898272], [0.836755941940452, 0.1070083614362876, 0.0030124435575292286, 0.00901421312435735, 0.04119659638384453, 0.0030124435575292286], [0.851279234299221, 0.10158803350420316, 0.003005410034022121, 0.008163863805476587, 0.03295804832305501, 0.003005410034022121], [0.08588515284524591, 0.10248123821905172, 0.0030166026080852893, 0.0074040831328124335, 0.7981963205867193, 0.0030166026080852893], [0.8664987878087145, 0.09656318131372528, 0.0030019822706146846, 0.0062227137785302086, 0.024711352557800628, 0.0030019822706146846], [0.057433799280043114, 0.06815363964126255, 0.0030036748528199215, 0.005031036818429055, 0.8633741745546255, 0.0030036748528199215], [0.9427215169257641, 0.022910238462311123, 0.017084394499398664, 0.0035349116355928795, 0.010743731114413502, 0.0030052073625197765], [0.98500332438622, 0.002999335122756038, 0.002999335122756038, 0.002999335122756038, 0.002999335122756038, 0.002999335122756038]], [[0.98500332438622, 0.002999335122756038, 0.002999335122756038, 0.002999335122756038, 0.002999335122756038, 0.002999335122756038], [0.9664831680610187, 0.014453271174775613, 0.006716836966674401, 0.0030023887666421572, 0.006341946264247036, 0.0030023887666421572], [0.9561597090772703, 0.028262374560109063, 0.0030002110425367047, 0.0030002110425367047, 0.006577283235010649, 0.0030002110425367047], [0.9496963319865803, 0.03289433425913076, 0.003001184822050478, 0.003001184822050478, 0.008405779288137414, 0.003001184822050478], [0.9349938954573129, 0.0444049624626579, 0.0030072815061147748, 0.003107067239372602, 0.011479511828427148, 0.0030072815061147748], [0.038107576889800286, 0.051915245601883514, 0.003031978249839229, 0.003172167211070475, 0.9007410537975673, 0.003031978249839229], [0.06604148608738565, 0.08592361856139465, 0.0030036181243057116, 0.005797461982662891, 0.8362301971199454, 0.0030036181243057116], [0.8516759818217864, 0.10604485798341792, 0.003005598420009851, 0.006657401163522808, 0.029610562191253374, 0.003005598420009851], [0.8246312927968331, 0.12001311286685257, 0.0030176208501440384, 0.008871046492749553, 0.040449306143276756, 0.0030176208501440384], [0.7701874260648849, 0.1531105267907895, 0.0030029375172294375, 0.011731614968404523, 0.05896455714146236, 0.0030029375172294375], [0.12091039329308066, 0.14127462518954734, 0.003073934879788795, 0.011066320910528058, 0.7206007908472664, 0.003073934879788795], [0.7473867342676925, 0.17407272465389642, 0.003006859013076262, 0.012300372961936357, 0.06022645009032223, 0.003006859013076262], [0.7404530476593691, 0.1834485885466457, 0.0030084695730721537, 0.012735236912980294, 0.05734618773486065, 0.0030084695730721537], [0.7345578284048335, 0.19038402013484682, 0.0030147228973328483, 0.01541740865984863, 0.05361129700580541, 0.0030147228973328483], [0.7850582918213919, 0.16019063668548625, 0.003021243140750908, 0.008896840496602094, 0.039811744715017965, 0.003021243140750908], [0.08797494643428841, 0.1138800341579653, 0.003022134906888845, 0.008127119337121872, 0.7839736302568467, 0.003022134906888845], [0.8639112492120562, 0.09341741987377228, 0.003002488999671508, 0.0066915394546555, 0.029974813460173097, 0.003002488999671508], [0.05091081598031435, 0.05815247678488568, 0.0030622822256886058, 0.0046569055499044104, 0.8801552372335184, 0.0030622822256886058], [0.8697630262115295, 0.0882387363412118, 0.0030015626992230217, 0.006679671658244792, 0.029315440390567934, 0.0030015626992230217], [0.8516529915604674, 0.10244566209362513, 0.0030053649769469937, 0.007628739911303713, 0.03226187648070963, 0.0030053649769469937], [0.09426824871176927, 0.13773528659882592, 0.0030409370284158127, 0.008306262518248517, 0.7536083281143247, 0.0030409370284158127], [0.12070057354054292, 0.18197994945913093, 0.003004138541332908, 0.00999673899259056, 0.6813144609250699, 0.003004138541332908], [0.7507626842873781, 0.17970864911108805, 0.0030060231000826458, 0.011182916891292378, 0.05233370351007619, 0.0030060231000826458], [0.7413520571540377, 0.18436254252270762, 0.0030087053781650353, 0.011459267959188347, 0.05680872160773633, 0.0030087053781650353], [0.738221777388694, 0.18241749210030744, 0.003009667579243346, 0.01219841077707528, 0.06114298457543651, 0.003009667579243346], [0.13666165235349947, 0.20227397207647635, 0.0030149462490794364, 0.013460081584298568, 0.6415744014875668, 0.0030149462490794364], [0.15078895557820013, 0.21022282430061695, 0.0030261035220486457, 0.013979215767670137, 0.6189567973094154, 0.0030261035220486457], [0.701112420753494, 0.21431682509569688, 0.0030299330202482305, 0.013841668950440249, 0.06466921915987252, 0.0030299330202482305], [0.7072477138461667, 0.2077351954774114, 0.0030223422942750686, 0.013979416982720283, 0.06499298910515135, 0.0030223422942750686], [0.7130028859459171, 0.20099868796566747, 0.003019663448238493, 0.013698463995538611, 0.06626063519639985, 0.003019663448238493], [0.7200593578198804, 0.20268162099548317, 0.003016622075677143, 0.012752028331542294, 0.05847374870173981, 0.003016622075677143], [0.12681610842875846, 0.16332699299716666, 0.0030067199532664585, 0.011377768536850276, 0.6924656901306917, 0.0030067199532664585], [0.10331647834754203, 0.12076071577129724, 0.0030394819273295783, 0.009691419314013057, 0.7601524227124885, 0.0030394819273295783], [0.8324759861022363, 0.110937661519361, 0.0030141899526204457, 0.009104544695682512, 0.04145342777747928, 0.0030141899526204457], [0.8230860417309919, 0.1224138203405191, 0.0030181166283358564, 0.00908628425208753, 0.03937762041972976, 0.0030181166283358564], [0.11465803471358778, 0.15993136475904865, 0.003004476907218838, 0.009826014117017865, 0.7095756325959081, 0.003004476907218838], [0.8315164482306558, 0.12109870658299962, 0.003013658133153403, 0.0077983141435624525, 0.033559214776475395, 0.003013658133153403], [0.07322256246442978, 0.09578170691135536, 0.0030074969488480333, 0.006360281234880961, 0.8186204554916378, 0.0030074969488480333], [0.906854241492724, 0.03321551644641279, 0.031552961766896696, 0.00559263942857354, 0.019783044419693554, 0.0030015964456995077], [0.98500332438622, 0.002999335122756038, 0.002999335122756038, 0.002999335122756038, 0.002999335122756038, 0.002999335122756038]], [[0.98500332438622, 0.002999335122756038, 0.002999335122756038, 0.002999335122756038, 0.002999335122756038, 0.002999335122756038], [0.9636262473709408, 0.015982879652622545, 0.0074807090472867165, 0.0030018907864859485, 0.0069063823561780705, 0.0030018907864859485], [0.9522116145659921, 0.031199646452903445, 0.0030005857604487466, 0.0030005857604487466, 0.0075869816997583255, 0.0030005857604487466], [0.9423332496790147, 0.03949366406718316, 0.0030030960973733358, 0.0030030960973733358, 0.009163797961682226, 0.0030030960973733358], [0.03464878982400938, 0.04399204763704404, 0.003022432075050331, 0.0030364239158390794, 0.9122778744730068, 0.003022432075050331], [0.8843582218549724, 0.08151382986803574, 0.003000703792308121, 0.005234153364867138, 0.022892387327508517, 0.003000703792308121], [0.8630311270825182, 0.09595222693343507, 0.00300277652527047, 0.006120261837151693, 0.028890831096354198, 0.00300277652527047], [0.08934025947445709, 0.11666366524580103, 0.0030244534120133304, 0.007961195714797538, 0.7799859727409175, 0.0030244534120133304], [0.7876271793716086, 0.14814602227573273, 0.0030007095542281623, 0.010169179463319607, 0.048056199780882713, 0.0030007095542281623], [0.7774751517932578, 0.15259806940622123, 0.003001192188436801, 0.011419087530803462, 0.05250530689284403, 0.003001192188436801], [0.7674272334455859, 0.1557708183279787, 0.003002975582940837, 0.012212000523981744, 0.05858399653657194, 0.003002975582940837], [0.7930791898273122, 0.13815001088382856, 0.0030408803517969233, 0.010545352982146136, 0.05214368560311927, 0.0030408803517969233], [0.7653947777258753, 0.15740950324182923, 0.0030034321589156782, 0.011922141865892811, 0.059266712848571455, 0.0030034321589156782], [0.1090283608458218, 0.13145930323797403, 0.003057172466927862, 0.010698816358526432, 0.742699174623822, 0.003057172466927862], [0.8452729690497687, 0.10534174852474776, 0.003009604949777691, 0.007689021865730412, 0.03567705066019794, 0.003009604949777691], [0.08580072583257517, 0.08958917383052283, 0.0030140805933857157, 0.007046763976264708, 0.8115351751738659, 0.0030140805933857157], [0.9141262800444352, 0.05783893844588711, 0.0030254316076908025, 0.004413173472929936, 0.017570744821366155, 0.0030254316076908025], [0.8821851316272341, 0.0771514369086398, 0.003001343007496502, 0.005999367316521745, 0.028661378132611336, 0.003001343007496502], [0.8658767958555476, 0.0908591736861155, 0.0030022559882716938, 0.006765118090897474, 0.03049440039089614, 0.0030022559882716938], [0.8325178379960965, 0.11844830325563079, 0.0030131590652984256, 0.007902466225488068, 0.035105074392187824, 0.0030131590652984256], [0.7731831210533406, 0.1619579963538283, 0.0030019093585045564, 0.010038321159732928, 0.048816742716088934, 0.0030019093585045564], [0.7517560519847384, 0.1807924722919829, 0.003005914855051045, 0.011151881323822301, 0.05028776468935432, 0.003005914855051045], [0.7401267606653938, 0.18362039075250913, 0.0030090274032397615, 0.011743993852526195, 0.05849079992309132, 0.0030090274032397615], [0.13890755922290046, 0.1981431777331852, 0.003012288157560796, 0.012090614059068082, 0.6448340726697247, 0.003012288157560796], [0.7246738962172986, 0.1858670654879975, 0.003006612294545342, 0.012377414443529612, 0.07106839926208369, 0.003006612294545342], [0.7322529640287296, 0.1844600638223608, 0.003014494185753295, 0.013004034001617237, 0.06425394977578576, 0.003014494185753295], [0.4435395296200056, 0.31657581016885095, 0.0030140486569705154, 0.021560272731744427, 0.21229629016545803, 0.0030140486569705154], [0.16909033080704475, 0.20787193551681854, 0.003029109047796213, 0.01367462753178962, 0.6033048880487546, 0.003029109047796213], [0.15897553332544362, 0.207608784257401, 0.00304022446802297, 0.013885064659520642, 0.6134501688215889, 0.00304022446802297], [0.7273148346301399, 0.1891464473293547, 0.003013566874047213, 0.013079275543789678, 0.06443230874862131, 0.003013566874047213], [0.13700377704665784, 0.1729253147416845, 0.00301270710658078, 0.013240034293942217, 0.6708054597045539, 0.00301270710658078], [0.8086023163381925, 0.13169562105785113, 0.0030279174558463674, 0.0092541956690928, 0.04439203202317083, 0.0030279174558463674], [0.8235527258757908, 0.12014331951873562, 0.003018257639836465, 0.009136287994410793, 0.041131151331389955, 0.003018257639836465], [0.8253516820696898, 0.11953854572794292, 0.003017172628160012, 0.008891660554019657, 0.04018376639202758, 0.003017172628160012], [0.7824852853022042, 0.15046504686249615, 0.0030009584277223733, 0.010519871708399457, 0.05052787927145557, 0.0030009584277223733], [0.76869548050011, 0.16920884088351013, 0.003002706719838727, 0.010429912954404251, 0.04566035222229812, 0.003002706719838727], [0.7798450626636291, 0.1541230999027056, 0.003006665603314736, 0.009601227886043477, 0.05041727834099243, 0.003006665603314736], [0.8305835974081064, 0.12090495226818894, 0.003014229961551615, 0.0077040609695851235, 0.03477892943101632, 0.003014229961551615], [0.8896026480887704, 0.03717409291792363, 0.034780742321752385, 0.006858496036487808, 0.02858047234102619, 0.0030035482940395106], [0.98500332438622, 0.002999335122756038, 0.002999335122756038, 0.002999335122756038, 0.002999335122756038, 0.002999335122756038]], [[0.98500332438622, 0.002999335122756038, 0.002999335122756038, 0.002999335122756038, 0.002999335122756038, 0.002999335122756038], [0.9576025547607189, 0.017500524484070364, 0.009911961280322314, 0.003002184377418462, 0.008980590720051425, 0.003002184377418462], [0.9449273033792907, 0.03777267389282266, 0.0030019830940593325, 0.0030019830940593325, 0.00829407344570876, 0.0030019830940593325], [0.9337348165563693, 0.04618773708328011, 0.0030076389548614572, 0.0030076389548614572, 0.011054529495766227, 0.0030076389548614572], [0.06728899682126305, 0.07339407186614891, 0.0030053712257450418, 0.004702292093731548, 0.8486038967673664, 0.0030053712257450418], [0.8694462516057706, 0.09022435550173027, 0.003001897984818947, 0.005703542764630298, 0.02862205415823092, 0.003001897984818947], [0.8343610875477417, 0.11757897245742119, 0.003012488155187102, 0.007415914890614468, 0.03461904879384848, 0.003012488155187102], [0.7847079644629675, 0.15455119259710634, 0.0030011470390061373, 0.009343588505453778, 0.045394960356460096, 0.0030011470390061373], [0.7691833144414915, 0.16753294286319767, 0.0030022219758405163, 0.01121752902357142, 0.04606176972005837, 0.0030022219758405163], [0.760420779379431, 0.16704221499494049, 0.0030034192064164076, 0.011981186815447346, 0.05454898039734839, 0.0030034192064164076], [0.1438594439235567, 0.1727881791538212, 0.00301632794533962, 0.013858425705121446, 0.6634612953268214, 0.00301632794533962], [0.756209085539515, 0.15708277809954704, 0.003007179434005505, 0.012811944523926994, 0.06788183296900002, 0.003007179434005505], [0.12834439917169688, 0.13103930442000364, 0.0030766694518890316, 0.01131122606415541, 0.723151731440366, 0.0030766694518890316], [0.8361979380992821, 0.10911630094794258, 0.0030141863395140665, 0.00874725989167306, 0.039910128382074146, 0.0030141863395140665], [0.8654223434365594, 0.08791647280505119, 0.003003649830064172, 0.007414182006282939, 0.033239702091978025, 0.003003649830064172], [0.9105049104953133, 0.05904905247250887, 0.0030307137696542427, 0.004659552337549766, 0.01972505715531952, 0.0030307137696542427], [0.8946421237201331, 0.06915094721321534, 0.003001803096178208, 0.005569764903016448, 0.024633557971278763, 0.003001803096178208], [0.07376533795044457, 0.07997235744520759, 0.00300676798534062, 0.006117363954320511, 0.8341314046793461, 0.00300676798534062], [0.08411296587878614, 0.1010376568820908, 0.0030149409757216443, 0.007430233330403513, 0.8013892619572762, 0.0030149409757216443], [0.7936849021580403, 0.15042728972120128, 0.00300152295216971, 0.00834438466926977, 0.041540377547149274, 0.00300152295216971], [0.11221375718052987, 0.1615684424933621, 0.0030024091861148, 0.011111235234555865, 0.7091017467193227, 0.0030024091861148], [0.759549985153057, 0.17185630830163137, 0.00300373747818037, 0.011373457880965124, 0.0512127737079858, 0.00300373747818037], [0.4639408256725808, 0.2974768614188358, 0.0030054024140042275, 0.018257189478338882, 0.21431431860223593, 0.0030054024140042275], [0.7413854420560567, 0.18312284453529676, 0.003008549070792917, 0.011816344108169887, 0.057658271158890745, 0.003008549070792917], [0.14681036920376078, 0.17373280063825486, 0.003018283142739421, 0.012731736788590693, 0.6606885270839148, 0.003018283142739421], [0.14632239660227428, 0.1988243341037764, 0.0030198664426402434, 0.01369323820522496, 0.63