{"prediction": [[[0.9067901826896665, 0.016041414919457143, 0.015643837921055174, 0.008209517645197853, 0.047624388916132285, 0.00569065790849112], [0.8623141858987473, 0.03421120205564152, 0.029102757650177846, 0.01760210203045503, 0.0456688031305618, 0.011100949234416551], [0.8634829025006091, 0.03344110262711057, 0.029630051550495647, 0.018654647509961896, 0.04299722732564054, 0.011794068486182063], [0.8606209935527521, 0.031854541950314876, 0.02430199552393245, 0.015695460776397982, 0.05670936331794349, 0.010817644878659083], [0.8750416982884714, 0.026822592644587494, 0.020085874145895227, 0.012998195948390488, 0.05598455633027671, 0.009067082642378703], [0.8871534078668367, 0.02393364033037439, 0.017369328631067067, 0.011528174626842245, 0.05161832369191697, 0.008397124852962665], [0.881400619956832, 0.024003341132471056, 0.01903246157693402, 0.009880911018131001, 0.059196210936299495, 0.006486455379332141], [0.8836069096541707, 0.02559634819158537, 0.02065799895232406, 0.01119755713951511, 0.05109786355842237, 0.007843322503982323], [0.8877482117542709, 0.022639593907908415, 0.01569700313863632, 0.01052619976828033, 0.055824096173694646, 0.007564895257209526], [0.8744558559274564, 0.021886333709542245, 0.021027558430092335, 0.009885044146487908, 0.0659499850586946, 0.006795222727726399], [0.8748923270744402, 0.02386746130616014, 0.019048698985191848, 0.010365200550110563, 0.06441413412638526, 0.007412177957712033], [0.8764078819932727, 0.02600778254005555, 0.0165600189358972, 0.010176051937996115, 0.0644725506839146, 0.0063757139088638825], [0.8664059634309552, 0.030720971676390964, 0.02097439079106791, 0.012652640290912235, 0.05975119261794938, 0.009494841192724233], [0.8727821553981159, 0.02682212869324849, 0.017601009289641534, 0.011433550725469435, 0.06276629338850655, 0.008594862505017982], [0.8665846459982541, 0.031271910463306324, 0.020854724466212674, 0.011952249537100742, 0.061477057996849924, 0.007859411538276162], [0.8695416978790982, 0.025970885000844584, 0.022901248156559275, 0.011611313890502897, 0.06172067840478645, 0.008254176668208697], [0.8811225838008635, 0.028044198008408343, 0.019142775374742516, 0.011619492416702258, 0.05225440348439263, 0.007816546914890912], [0.8668152506614086, 0.026259543372608586, 0.02276065237378266, 0.012983184424739244, 0.062106943980110636, 0.009074425187350271], [0.867670772621625, 0.029823520403845585, 0.025924468822135612, 0.014587466734989342, 0.0519216858374777, 0.010072085579926891], [0.8860902919267148, 0.02311341893265259, 0.01758110958284415, 0.011935925673305512, 0.05289548876656926, 0.008383765117913593], [0.8945919129896699, 0.018860895265609978, 0.01801116395307105, 0.007485660098912749, 0.0552837705457462, 0.005766597146990284], [0.8797170356310908, 0.023641390813450132, 0.021100356394401547, 0.011215467003674736, 0.05658991317602279, 0.007735836981360029], [0.8909670066571725, 0.023076841944238046, 0.018312850819596972, 0.008505779986104725, 0.0528002813642181, 0.00633723922866957], [0.8905042913956281, 0.024919844829472158, 0.019072284359686102, 0.00943575406516931, 0.04993587955406309, 0.00613194579598122], [0.8748229216937176, 0.02861569516308846, 0.014538843730455952, 0.00781312566495775, 0.06944418627626646, 0.004765227471513864], [0.8834037997132153, 0.02716638580207353, 0.015631679796262114, 0.009060435593717298, 0.0583131282061839, 0.006424570888547906], [0.902182009829455, 0.02442610411203072, 0.017226425092031566, 0.01014483181513506, 0.03898802353128784, 0.0070326056200598055], [0.8785383247357784, 0.02935388590070177, 0.017547919541351327, 0.0117657021947463, 0.05475541507532522, 0.008038752552097008], [0.8921923692615003, 0.025585156136928047, 0.018958096912603684, 0.010584711926690785, 0.04476479536614762, 0.007914870396129696], [0.8903886923478216, 0.027854236433682573, 0.019053503084276557, 0.01051578368777503, 0.04539300582903487, 0.006794778617409452], [0.8834675836559319, 0.027983312925537514, 0.019908355021867365, 0.010538367878410188, 0.050863910048623166, 0.007238470469629843], [0.8884245626053263, 0.026659009035538087, 0.017293475885608638, 0.009966472091464116, 0.0510412085402829, 0.006615271841780036], [0.8952347550230334, 0.02441924400890541, 0.017655216222129424, 0.008134430817174685, 0.04952281866183036, 0.005033535266926739], [0.8942863118760485, 0.023080401051195656, 0.01815176061270699, 0.010150930028514055, 0.0471750187483632, 0.007155577683171612], [0.8831337489853257, 0.02651897003392678, 0.019130724615356202, 0.010854120435179195, 0.05269592162642778, 0.007666514303784382], [0.8739671531348576, 0.026121211561564703, 0.020418246065126374, 0.012137953800780463, 0.05853225502867062, 0.008823180409000313], [0.8936938749327934, 0.022490873776303353, 0.019192229615085724, 0.010460018339892319, 0.04660073550995983, 0.007562267825965438], [0.8921642057679355, 0.02140615037256824, 0.019772281295530336, 0.00996558186442227, 0.04958051463409875, 0.007111266065444766], [0.8757083682413112, 0.02757020478604688, 0.027590016860343267, 0.013683768693101112, 0.04613165624231623, 0.009315985176881487], [0.9151325802716598, 0.013592842698382178, 0.010734944395070452, 0.0054556196389230135, 0.051155874018448476, 0.003928138977516116]], [[0.8483270447539899, 0.040028959066720105, 0.03237938935039475, 0.020359539740009296, 0.04689840367697814, 0.012006663411907785], [0.7819162948470691, 0.057590381081206725, 0.06391511567316865, 0.03091020482133267, 0.050170420515864324, 0.015497583061358513], [0.6462418658658884, 0.13601133874246477, 0.13859453035293517, 0.021004808780541524, 0.05511398620045089, 0.0030334700577192056], [0.6638530180083221, 0.10979654793237761, 0.16078791578921725, 0.018540592169800925, 0.04399999843278875, 0.003021927667493322], [0.7308806309252908, 0.10709720292197314, 0.11795813395180305, 0.012691609544970688, 0.02836834471623612, 0.0030040779397261705], [0.837678997139563, 0.06908313131890088, 0.06258647046738283, 0.008310890986153664, 0.019335513693727442, 0.003004996394272237], [0.8751982309232463, 0.059196054390207205, 0.04232086293921275, 0.006057797443848247, 0.014221147121040154, 0.00300590718244517], [0.8975087257448208, 0.05122136953916913, 0.029990830285726036, 0.004997334539453103, 0.013261262593844223, 0.0030204772969868445], [0.8415959932875028, 0.03909397103434109, 0.03668416464559171, 0.016641332304793095, 0.05495558027776877, 0.01102895845000248], [0.8395634199413922, 0.07498668507036536, 0.052382744489476316, 0.007595938922196148, 0.022372434439458293, 0.003098777137111861], [0.8476167505419065, 0.07144521285172827, 0.05348922516398234, 0.00668993972091227, 0.01775321939856005, 0.0030056523229105903], [0.7795330032216944, 0.08972490990661477, 0.09482887043170542, 0.009590568159375545, 0.0232657208886335, 0.0030569273919763933], [0.7613414990137475, 0.08683957457028545, 0.10704076759319908, 0.01164989216727104, 0.030115456883966964, 0.003012809771529762], [0.7794822275277122, 0.09102478559099471, 0.09203511720442874, 0.010002481628624998, 0.02441469921440812, 0.0030406888338312408], [0.8501296112573876, 0.0603682851405316, 0.0609154744129966, 0.007352842253577856, 0.018230163692464916, 0.00300362324304148], [0.7940917026282401, 0.0891246248731419, 0.08331204892002557, 0.009062156549378565, 0.02134287279562142, 0.0030665942335924307], [0.04104385931293995, 0.06927355053515129, 0.06711765071284809, 0.007975516830744368, 0.8115806660897268, 0.0030087565185895793], [0.7365290124090373, 0.11925913078206106, 0.10576896307861318, 0.011361642427588551, 0.024047374695648854, 0.0030338766070509603], [0.7179229626801695, 0.10958273006979143, 0.12188051040606437, 0.01428730809939294, 0.03331962373977529, 0.0030068650048064673], [0.7936401147682465, 0.052026530921630884, 0.04598547718037833, 0.02286652529302175, 0.07094407275460836, 0.01453727908211418], [0.8530449779730357, 0.06653423217344964, 0.05095723592422914, 0.007620875445708633, 0.01883968428856735, 0.0030029941950095226], [0.035237452900661055, 0.05985912920935649, 0.05753829954228178, 0.006486923622182274, 0.8378651483784056, 0.0030130463471127016], [0.8629387063096473, 0.05419545419201628, 0.060502218971222474, 0.005380643657067426, 0.013971047045213654, 0.003011929824832887], [0.8855434515241791, 0.05547749659849257, 0.041317459390884985, 0.004755446471108515, 0.00986817427078639, 0.003037971744548594], [0.901818524992249, 0.050939846635456906, 0.030887986920014064, 0.004729324626274213, 0.008602362597438129, 0.0030219542285677063], [0.8907165079621168, 0.04945972930897184, 0.04299816500269559, 0.004683610886712782, 0.009107841103699197, 0.0030341457358036526], [0.8760731239928281, 0.06461954142040206, 0.04098790345384045, 0.004655195146371224, 0.010648988013370126, 0.003015247973188036], [0.027061564569955173, 0.056122046995828914, 0.04176742393860633, 0.004658528982451258, 0.8673659628716796, 0.003024472641478776], [0.8889800933903427, 0.05443839873736537, 0.03819538738805319, 0.004785560037024797, 0.010586778695583695, 0.003013781751630317], [0.9034133500384255, 0.04683033426190634, 0.03236220842218964, 0.004800141525614369, 0.009570081766323369, 0.003023883985540903], [0.9026567255310692, 0.05003891595608107, 0.0305963656756987, 0.004802251686680516, 0.008880385632768691, 0.0030253555177018818], [0.017718573723457108, 0.044855023200310075, 0.02772959817266267, 0.0048211429801764405, 0.9018302724466636, 0.003045389476730207], [0.020542336084977957, 0.05409676009252749, 0.03642983324181156, 0.004791856595184711, 0.8811138356859309, 0.0030253782995672595], [0.8701871860789132, 0.060231967143150815, 0.048670660916508096, 0.0055282178679495, 0.012377110191773007, 0.0030048578017053866], [0.8566220962041979, 0.06509171452062115, 0.054096515958237334, 0.006471629513975766, 0.014715296388374812, 0.0030027474145930184], [0.8009123309360892, 0.0954819177008899, 0.07312945304308108, 0.008296855778019096, 0.01912623363378727, 0.0030532089081335844], [0.8203363945481166, 0.045206079886148984, 0.039283516288321246, 0.01882655050646674, 0.06376759976758667, 0.012579859003359738], [0.8268942509643498, 0.044575448489386514, 0.03620363678181667, 0.016781795713421747, 0.0652709136104792, 0.01027395444054608], [0.8931437740594503, 0.0543406871643398, 0.029746343906135828, 0.0047947545115479065, 0.014955494229717148, 0.0030189461288091003], [0.8833888567577385, 0.02731352696283311, 0.023099892313431708, 0.012152104900830733, 0.04600852897996742, 0.008037090085198607]], [[0.8564187358723032, 0.03439951360547135, 0.03294362201626373, 0.020510674682543962, 0.043089987037237834, 0.012637466786179741], [0.7777265587873912, 0.06814233093925398, 0.055097381931059994, 0.03427682494644666, 0.04788171112987574, 0.01687519226597253], [0.4062096411470815, 0.12020621090821512, 0.25862280880912353, 0.0296129339872031, 0.1809439542871135, 0.0044044508612631995], [0.6393543598299248, 0.28761851242697356, 0.0030322758073407646, 0.017511738092570263, 0.04945083803584998, 0.0030322758073407646], [0.10263926754152755, 0.2544576241205892, 0.003004380679785715, 0.017820709613088348, 0.6190736373652235, 0.003004380679785715], [0.7817953936375699, 0.17102430279868663, 0.0030364734003425118, 0.01003722389041932, 0.031070132872639104, 0.0030364734003425118], [0.8757216394810285, 0.09203500454205558, 0.0030104229871104897, 0.006048782129858141, 0.02017372787283679, 0.0030104229871104897], [0.8696223662206283, 0.05207923038662824, 0.04861456132398631, 0.006783383387764563, 0.019898339385747386, 0.0030021192952453214], [0.8280806711683817, 0.047646838253504895, 0.0307404394288104, 0.02083014565359012, 0.059102472835351166, 0.01359943266036169], [0.07232262678370087, 0.09499831219419105, 0.10919927821500336, 0.012896517012269857, 0.7075677445544255, 0.003015521240409425], [0.7658361081034609, 0.19527060426464288, 0.0030535439928601493, 0.008446626276592284, 0.02433957336958353, 0.0030535439928601493], [0.7348161999955861, 0.20780366253805135, 0.0030070711740770957, 0.013344871792139354, 0.03802112332606905, 0.0030070711740770957], [0.7196815657358843, 0.2115980564333616, 0.0030014476966198343, 0.015319960424059417, 0.04739752201345521, 0.0030014476966198343], [0.7586074498685155, 0.18838463530642935, 0.003009363210952593, 0.012295849630928151, 0.03469333877222192, 0.003009363210952593], [0.798719638364994, 0.16079978774483308, 0.003038818513651646, 0.008787639682472554, 0.025615297180397113, 0.003038818513651646], [0.737176904812634, 0.20365889211156485, 0.0030164231165414734, 0.013319079991935713, 0.039812276850782535, 0.0030164231165414734], [0.7417761314624596, 0.2132224020868975, 0.0030241883472707847, 0.010718482913860095, 0.028234606842241237, 0.0030241883472707847], [0.6692437212330294, 0.263290013912622, 0.003002335282771641, 0.017098417263691382, 0.04436317702511385, 0.003002335282771641], [0.11808373283889781, 0.2559041373174811, 0.0030131378209307187, 0.020064826202164775, 0.5999210279995949, 0.0030131378209307187], [0.6937669228809136, 0.10871934641005604, 0.13686236815087666, 0.017595602725389365, 0.04004895919265687, 0.0030068006401074232], [0.8095397286878494, 0.0624820088790789, 0.023757401824763595, 0.0274950519231819, 0.05975817059559757, 0.01696763808952871], [0.8020636817974085, 0.09745342228098156, 0.06663866410506719, 0.008388555350984204, 0.022445592192028054, 0.0030100842735306965], [0.06065414917766431, 0.08805584239618745, 0.10525018569455032, 0.010258160691960668, 0.7327282387055365, 0.0030534233341007874], [0.8434009470975631, 0.1273026352495052, 0.003007620215575593, 0.006323281946499211, 0.016957895275281513, 0.003007620215575593], [0.884649514303496, 0.09259616850777423, 0.0030172225307320204, 0.005386042765513714, 0.011333829361751832, 0.0030172225307320204], [0.8709641327476924, 0.10073499875872405, 0.0030562804261023385, 0.005380386203171532, 0.01680792143820748, 0.0030562804261023385], [0.8788518061282933, 0.09718425866176911, 0.003011461797901751, 0.005302947866661762, 0.012638063747472294, 0.003011461797901751], [0.8178288779106627, 0.15087496531382497, 0.0030947428322458037, 0.006810926176858747, 0.018295744934162056, 0.0030947428322458037], [0.8703226184629451, 0.10150871174362296, 0.003009421355246836, 0.005972580105637322, 0.016177246977301003, 0.003009421355246836], [0.8835971863976684, 0.09037047812485886, 0.003017093120762404, 0.005464592682715086, 0.014533556553233006, 0.003017093120762404], [0.8895156880729368, 0.08474428671867126, 0.003021293336364027, 0.005472263277544756, 0.014225175258119139, 0.003021293336364027], [0.8887601193747466, 0.08756113625080703, 0.003022018351835765, 0.005472378290263287, 0.012162329380511514, 0.003022018351835765], [0.8769712741967163, 0.09808070023884345, 0.003014445366970721, 0.00546097150039588, 0.013458163330102775, 0.003014445366970721], [0.8359478907711174, 0.13344389526674516, 0.003009233565198307, 0.007125118246342885, 0.017464628585397907, 0.003009233565198307], [0.7472789971475491, 0.21552300262578059, 0.0030410234171040895, 0.008674091543336003, 0.02244186184912615, 0.0030410234171040895], [0.08333232256647555, 0.25836551484443626, 0.003009335591267103, 0.015864456787405102, 0.636419034619149, 0.003009335591267103], [0.7472592622483598, 0.10743997395144796, 0.10714686971545744, 0.0108522097439564, 0.02426918958643993, 0.003032494754338333], [0.823007456803186, 0.045350671322369064, 0.03808087137410828, 0.020853745829647403, 0.058783375572345184, 0.013923879098344144], [0.8193512612692526, 0.04467375083056607, 0.03981442245757609, 0.016852271365082088, 0.0692101682033484, 0.01009812587417489], [0.886532781521057, 0.02146906101702356, 0.018941710733978927, 0.009176152401095733, 0.057068218438092524, 0.006812075888752408]], [[0.8560944343719233, 0.03961206617064319, 0.03024190282256928, 0.018175068902249687, 0.04535239752313334, 0.010524130209481166], [0.6679344250603093, 0.10784507224675037, 0.15952793318137864, 0.01871905915069983, 0.04295365726071651, 0.0030198531001453936], [0.6316834234829739, 0.2939846330263863, 0.003038877774737913, 0.01869755251822139, 0.049556635422942794, 0.003038877774737913], [0.10816871552904575, 0.26691054599484615, 0.0030105321716368764, 0.020666086233896017, 0.5982335878989384, 0.0030105321716368764], [0.7321898192310953, 0.20471600351256533, 0.0030047221981142746, 0.01404593889854715, 0.04303879396156367, 0.0030047221981142746], [0.08113925162080264, 0.11915531357293241, 0.003000720717537109, 0.009723627758937214, 0.7839803656122536, 0.003000720717537109], [0.8718000169339603, 0.09129367183660393, 0.003008335736502709, 0.006989350358224939, 0.023900289398205488, 0.003008335736502709], [0.8155699084537078, 0.13897165933116645, 0.0030724957396923323, 0.009717983921314241, 0.029595456814426765, 0.0030724957396923323], [0.7071586973159577, 0.09503812516220272, 0.1213879587769551, 0.028843402284737328, 0.04455891285276435, 0.003012903607382772], [0.6585721445468465, 0.2600467481454228, 0.0030136639521840926, 0.019813445489273673, 0.05554033391408883, 0.0030136639521840926], [0.1033358496806716, 0.27022247394238014, 0.00301159542454065, 0.0196305318446161, 0.6007879536832508, 0.00301159542454065], [0.6963206098952262, 0.22648197440599893, 0.0030181286083656193, 0.024681031709807864, 0.04648012677223587, 0.0030181286083656193], [0.443033015192937, 0.3196223463402536, 0.003054739848245409, 0.024776468782857542, 0.20645868998746086, 0.003054739848245409], [0.7248227988078281, 0.2043571131373305, 0.0030259901883705645, 0.01517426595175751, 0.049593841726342756, 0.0030259901883705645], [0.719656669864059, 0.20687601719725976, 0.003006870964245404, 0.016028733478364757, 0.051424837531825675, 0.003006870964245404], [0.7025932907420281, 0.2258197449583266, 0.0030024757220984593, 0.01679788299387859, 0.04878412986156963, 0.0030024757220984593], [0.6696759808085776, 0.2420194410552282, 0.0030143341105444295, 0.030461910198435638, 0.051813999716669557, 0.0030143341105444295], [0.6817886631527229, 0.24751764850453503, 0.003008402627615798, 0.017457864289689803, 0.04721901879782067, 0.003008402627615798], [0.4106360917386566, 0.3543766461553755, 0.0030143703263283512, 0.03878904544258486, 0.19016947601072637, 0.0030143703263283512], [0.6635992310239974, 0.25784939850921546, 0.0030025993614804713, 0.01899630899881752, 0.053549862745008565, 0.0030025993614804713], [0.7170222194661511, 0.10194284280263859, 0.1179418029024098, 0.0164701405313528, 0.04362112787692091, 0.003001866420526971], [0.8066302414875606, 0.05132232378399598, 0.0454919527333186, 0.028860202352972913, 0.04903344630913174, 0.018661833333020083], [0.8072150814639345, 0.048171039325970486, 0.04633351375255661, 0.02798282344513234, 0.05158450355635011, 0.018713038456056028], [0.7750798302324895, 0.09092244911762055, 0.09840086846162113, 0.009479244290421804, 0.023074400414110095, 0.003043207483737019], [0.044815300654116395, 0.1187653111771781, 0.0030548794738192143, 0.013260053234199884, 0.8170495759868672, 0.0030548794738192143], [0.8569834594523875, 0.1169902788820326, 0.0030124109366144, 0.005530618085386125, 0.014470821706964896, 0.0030124109366144], [0.04411284077614246, 0.187423351023674, 0.003127961722862309, 0.008741854984602832, 0.753466029769856, 0.003127961722862309], [0.7535564278079889, 0.2041787697954348, 0.003047861213519997, 0.010451306018338116, 0.02571777395119819, 0.003047861213519997], [0.7961112518863406, 0.16313961584908485, 0.0030522576861905255, 0.00978440088572865, 0.02486021600646486, 0.0030522576861905255], [0.8494499178043109, 0.1150492685118527, 0.0030019992157646618, 0.007605375461785048, 0.02189143979052194, 0.0030019992157646618], [0.8264889359432607, 0.13006121007667534, 0.0031360142069387447, 0.007844076162867735, 0.029333749403318756, 0.0031360142069387447], [0.040713865672737444, 0.10863743928531253, 0.003026972751468706, 0.006718554542136553, 0.8378761949968762, 0.003026972751468706], [0.8344072024223103, 0.13282079424295357, 0.003005172810766876, 0.007565040159990208, 0.019196617553212298, 0.003005172810766876], [0.7590932575583648, 0.19917465065156534, 0.0030456966013452016, 0.010113628877324768, 0.02552706971005473, 0.0030456966013452016], [0.6757764317007937, 0.2618121738478684, 0.003013371427714564, 0.017064192704956373, 0.03932045889095248, 0.003013371427714564], [0.6461678729896875, 0.27940842716056646, 0.003025133385522695, 0.01879736480250527, 0.049576068276195435, 0.003025133385522695], [0.08615560568273972, 0.11818329504187358, 0.13538922871044096, 0.017887784998897406, 0.6393828150956581, 0.00300127047039019], [0.8044718254000148, 0.05567148321968318, 0.04545506710415328, 0.025359308947690836, 0.05467251585884548, 0.01436979946961244], [0.8777457799065459, 0.056164690861081286, 0.03856466179928889, 0.006040740462405982, 0.018476830025749885, 0.0030072969449282364], [0.8746419784055989, 0.027582062089598347, 0.021338157049142104, 0.011362457456516513, 0.05762329428330044, 0.007452050715843604]], [[0.8702356032504346, 0.03079169250754909, 0.02617813280102971, 0.015915197620274827, 0.04675344342256066, 0.010125930398151276], [0.060169425319276736, 0.12560225089260152, 0.1128781523269841, 0.013466215223727618, 0.6848688084138056, 0.003015147823604505], [0.6860303122180322, 0.24361131817864257, 0.003003820618353518, 0.016981467799986508, 0.0473692605666317, 0.003003820618353518], [0.7328253018994924, 0.20823822005442968, 0.003005939025244384, 0.013777871446573772, 0.03914672854901557, 0.003005939025244384], [0.7350896284802448, 0.19062288634221802, 0.003007700366459019, 0.014988877511283225, 0.053283206933335936, 0.003007700366459019], [0.08770445639298252, 0.15221307853122118, 0.0030598932701667997, 0.012444095709374211, 0.7415185828260886, 0.0030598932701667997], [0.8289749241177008, 0.12017406094926976, 0.0030927473913969217, 0.0094265505574355, 0.03523896959280023, 0.0030927473913969217], [0.7667001723058773, 0.1667181577560927, 0.0030239403617689188, 0.01413019610015188, 0.046403593114340405, 0.0030239403617689188], [0.6882843438174274, 0.2290963381817033, 0.003003529754523736, 0.017564401130549176, 0.05904785736127266, 0.003003529754523736], [0.41767019481545603, 0.36009962167299175, 0.0030043144279913825, 0.028919613365091374, 0.18730194129047809, 0.0030043144279913825], [0.6501982738175038, 0.2633654339805582, 0.00302347837411953, 0.028546181590780848, 0.05184315386291806, 0.00302347837411953], [0.6890816042592934, 0.2365329046607656, 0.0030019531331494484, 0.01793699590231961, 0.05044458891132255, 0.0030019531331494484], [0.7282535376828325, 0.1970334767766659, 0.0030214440481896826, 0.015483772998165878, 0.053186324445956445, 0.0030214440481896826], [0.7394984310387941, 0.189518097395642, 0.0030163156480148647, 0.015120868903791615, 0.04982997136574247, 0.0030163156480148647], [0.110478252962284, 0.1960400699334622, 0.0030036859921632993, 0.0163507274636934, 0.6711235776562336, 0.0030036859921632993], [0.4384426022538738, 0.32424093138403315, 0.0030381158883180845, 0.025185116996011263, 0.2060551175894458, 0.0030381158883180845], [0.7059225871996505, 0.22556437075153435, 0.0030011794228339784, 0.016063180461729092, 0.04644750274141818, 0.0030011794228339784], [0.6608333547527311, 0.2676253535635498, 0.0030035172481471437, 0.018339204547724888, 0.04719505263969998, 0.0030035172481471437], [0.6567063826029906, 0.24891619942846707, 0.0030011126071545907, 0.01818399678713384, 0.0701911959670992, 0.0030011126071545907], [0.1123869691863063, 0.2513343723231599, 0.0030008696669380857, 0.01894037622644877, 0.6113365429302088, 0.0030008696669380857], [0.7318900212187835, 0.11060210001208054, 0.10789003060388994, 0.012091277358784156, 0.03451736190490008, 0.00300920890156192], [0.8005611322834665, 0.05132052848776133, 0.050877620487766624, 0.029734838293833474, 0.04858569580779642, 0.018920184639375663], [0.7825704527684061, 0.05556995937838312, 0.05789405207438964, 0.02987499295674311, 0.05620823061833606, 0.01788231220374201], [0.07523810664047148, 0.09610378633617897, 0.11888972428535374, 0.012989151300196265, 0.6937740764217047, 0.003005155016094927], [0.053421982052983846, 0.18608379535659522, 0.003089563988966316, 0.009480367975858262, 0.74483472663663, 0.003089563988966316], [0.04769898152404702, 0.16219628521548632, 0.0030821764279314644, 0.008534121107693929, 0.7754062592969098, 0.0030821764279314644], [0.06434668508241662, 0.21578940143883185, 0.003057984044681792, 0.010671403810124236, 0.7030765415792637, 0.003057984044681792], [0.10507142271410376, 0.20908262713047454, 0.0030095641032087455, 0.015170523083439072, 0.664656298865565, 0.0030095641032087455], [0.7303598260400713, 0.21725812747664067, 0.003019971237290998, 0.012601789307897234, 0.03374031470080874, 0.003019971237290998], [0.06305592373599303, 0.18397171481955646, 0.003055183890414556, 0.011924170202809236, 0.7349378234608123, 0.003055183890414556], [0.08789389889083986, 0.18682225181840362, 0.0030528608287494563, 0.013359720637019488, 0.7058184069962381, 0.0030528608287494563], [0.8025932585788624, 0.14642938421348317, 0.003056520472039114, 0.010230105015237457, 0.03463421124833875, 0.003056520472039114], [0.067237339960437, 0.14878828004253086, 0.0030915176527679567, 0.00960370931301013, 0.7681876353784861, 0.0030915176527679567], [0.08575651475771655, 0.2255252086313171, 0.0030076769820316864, 0.016066508156948617, 0.6666364144899545, 0.0030076769820316864], [0.11515533613299847, 0.26268667363792064, 0.0030100115349507898, 0.02047588706361564, 0.5956620800955638, 0.0030100115349507898], [0.37299678321096436, 0.4006717346097971, 0.0030019834311879536, 0.029112837634283028, 0.19121467768257963, 0.0030019834311879536], [0.6313304189224802, 0.284104345143373, 0.0030108671556001087, 0.018956054989357148, 0.059587446633589475, 0.0030108671556001087], [0.7556741741367976, 0.08874613160568391, 0.1092665251611558, 0.012124111894975925, 0.031179240599816922, 0.003009816601569866], [0.8332204610305773, 0.0743962337369986, 0.061543540774992384, 0.007482025767518265, 0.020270962752901037, 0.0030867759370124814], [0.881545421043416, 0.023851187156092975, 0.017264482103572114, 0.010087996032340844, 0.05997237784840729, 0.007278535816170588]], [[0.8634327407851493, 0.03189759765552743, 0.022957198985896515, 0.013859895711675105, 0.05855192601422043, 0.009300640847531053], [0.8189501524104975, 0.06988114015765973, 0.07743839105330508, 0.009194057602414216, 0.02151865153572163, 0.0030176072404019014], [0.7500894529787314, 0.19832887887804188, 0.0030149517870379982, 0.011630126272207907, 0.03392163829694277, 0.0030149517870379982], [0.7108664530053208, 0.21514703129687368, 0.0030005901916320557, 0.016482828939327007, 0.05150250637521446, 0.0030005901916320557], [0.7176214417161313, 0.19938461858424092, 0.003005410755142929, 0.01762152515665506, 0.05936159303268696, 0.003005410755142929], [0.7447682076291764, 0.17670678593880002, 0.003014687222495628, 0.016649461269342126, 0.05584617071769032, 0.003014687222495628], [0.8216842332109654, 0.12418278718250256, 0.003082750255399435, 0.01041227117632592, 0.03755520791940742, 0.003082750255399435], [0.06654127347866201, 0.12510755672262525, 0.003129747132240352, 0.008945101413898524, 0.7931465741203333, 0.003129747132240352], [0.09306289140724008, 0.22774613879551697, 0.0030130707022819883, 0.017034923361132624, 0.6561299050315464, 0.0030130707022819883], [0.11086470105197016, 0.254236410261739, 0.0030003584973412032, 0.019008595769498142, 0.6098895759221103, 0.0030003584973412032], [0.7024377318906907, 0.2257985952246167, 0.0030001681307879674, 0.017785564480926264, 0.04797777214219044, 0.0030001681307879674], [0.7748511300646301, 0.17522441968453967, 0.0030578105785834275, 0.011297954990267282, 0.03251087410339614, 0.0030578105785834275], [0.7858792367855558, 0.15769366037861682, 0.0030386956093209727, 0.011973829565419272, 0.03837588205176616, 0.0030386956093209727], [0.07806265107024456, 0.1641497189360658, 0.003066140966943856, 0.011582008062011161, 0.7400733399977908, 0.003066140966943856], [0.7476710289660297, 0.18843095414738628, 0.003018381214277391, 0.014211149219020471, 0.04365010523900881, 0.003018381214277391], [0.09734989268695311, 0.2017030169679219, 0.0030221075799893374, 0.014746057596786991, 0.6801568175883593, 0.0030221075799893374], [0.7301957888829747, 0.20972055548580162, 0.0030122812123888356, 0.014723600662069755, 0.03933549254437616, 0.0030122812123888356], [0.7767427429570374, 0.16522344840526923, 0.003054577066683128, 0.011212354968977897, 0.04071229953534936, 0.003054577066683128], [0.7361990449056437, 0.1990229628760593, 0.0030165350863491417, 0.0140705172282225, 0.04467440481737614, 0.0030165350863491417], [0.751164422589309, 0.18896268691660673, 0.0030571968011648375, 0.011324278776680735, 0.042434218115073884, 0.0030571968011648375], [0.7261855009142907, 0.2071482429036288, 0.003000871087301566, 0.015810949817214145, 0.04485356419026341, 0.003000871087301566], [0.6860523454444232, 0.10496702861555769, 0.1503166156924593, 0.014776776616964917, 0.040886464941493, 0.0030007686891018025], [0.41201676511741, 0.11361011260574802, 0.23690338332540717, 0.025360731194334202, 0.2082446722507517, 0.003864335506348945], [0.8079189027356987, 0.07307549356385154, 0.022095442644545837, 0.03163393116501582, 0.04924842290264282, 0.016027806988245272], [0.07645694413835301, 0.09766212369215607, 0.12086889432973148, 0.013531879396138402, 0.688476591065801, 0.0030035673778201198], [0.07771864819846265, 0.19067174010390162, 0.0030703274264319486, 0.012394771561161462, 0.7130741852836104, 0.0030703274264319486], [0.09472713149541437, 0.20775328323788253, 0.0030124962323445953, 0.015124967705098037, 0.6763696250969159, 0.0030124962323445953], [0.45017031715421885, 0.32189595828313994, 0.0030309018541255584, 0.023570382228496705, 0.19830153862589348, 0.0030309018541255584], [0.6853613204402053, 0.2352422515701759, 0.0030108478750982357, 0.01696092456432043, 0.05641380767510207, 0.0030108478750982357], [0.09379833477944072, 0.2711007618612888, 0.0030026206154969053, 0.018219419279798765, 0.6108762428484779, 0.0030026206154969053], [0.6891406329418424, 0.23425256414880155, 0.003002416044564446, 0.017743364819310322, 0.05285860600091711, 0.003002416044564446], [0.7600887444946131, 0.17621865650942525, 0.0030177766878365375, 0.014799767425143391, 0.04285727819514519, 0.0030177766878365375], [0.06819140894598084, 0.1619200774211766, 0.003070541216716203, 0.01165989651415463, 0.7520875346852555, 0.003070541216716203], [0.788556468750437, 0.1636975784424667, 0.0030420130381619173, 0.010718051749931137, 0.030943874980841484, 0.0030420130381619173], [0.6960251185860591, 0.2379701349119995, 0.0030028177589638103, 0.0165365780192982, 0.0434625329647156, 0.0030028177589638103], [0.1080396809339289, 0.24612306997677252, 0.0030020117974348154, 0.01868329161480245, 0.6211499338796266, 0.0030020117974348154], [0.680766625610614, 0.2540564852755193, 0.003001292681763391, 0.01678117554444648, 0.04239312820589344, 0.003001292681763391], [0.7943835605157854, 0.16500425806145794, 0.0030508922870726247, 0.008201894660023764, 0.02630850218858762, 0.0030508922870726247], [0.8854224511844857, 0.0495624053166616, 0.04202169805729759, 0.005167723983045905, 0.014817368234937053, 0.0030083532235721877], [0.8974326849688263, 0.02220812026479798, 0.01686145135086865, 0.00874996672927253, 0.04855955707309749, 0.0061882196131370915]], [[0.8781256664550089, 0.023943047453514492, 0.019638444320324026, 0.01228781488290297, 0.05696212018002058, 0.00904290670822907], [0.7912892974453515, 0.08577659538190953, 0.08259653204384924, 0.010027218587529863, 0.027274659163724187, 0.00303569737763578], [0.7207775028979786, 0.21368760008945, 0.003002400118218244, 0.013683843075851606, 0.04584625370028335, 0.003002400118218244], [0.11933616132950835, 0.2273875153566786, 0.003001832464948127, 0.018113050957901045, 0.6291596074260157, 0.003001832464948127], [0.4209800301045993, 0.3493271794031777, 0.003008674925093033, 0.02865963630077564, 0.19501580434126128, 0.003008674925093033], [0.7094913372544256, 0.20002154943116407, 0.0030092489578592116, 0.018734895864385436, 0.06573371953430641, 0.0030092489578592116], [0.7816826667840229, 0.1516079760248971, 0.0030382483379282105, 0.013471019757892859, 0.047161840757330716, 0.0030382483379282105], [0.8349385552995195, 0.11737229440826139, 0.0031010621544028632, 0.009105897173174662, 0.03238112881023868, 0.0031010621544028632], [0.819389752876979, 0.13293454581042946, 0.0030776870704645443, 0.009619364897611194, 0.031900962274051245, 0.0030776870704645443], [0.7460384755161942, 0.18524626143631054, 0.0030326873064580066, 0.014374265041400564, 0.048275623393178695, 0.0030326873064580066], [0.8145086969902655, 0.13951405143552992, 0.0031122029985670417, 0.009149089224057563, 0.030603756353012834, 0.0031122029985670417], [0.8283932613859623, 0.12612789708627564, 0.0030905513678994544, 0.008839565891926776, 0.03045817290003625, 0.0030905513678994544], [0.7842938159275389, 0.15817637390025024, 0.003037238445078434, 0.012319089699016886, 0.039136243583037224, 0.003037238445078434], [0.7183267391498639, 0.2022379852792786, 0.0030109323088578577, 0.016097439467504995, 0.057315971485636795, 0.0030109323088578577], [0.7306843063607625, 0.20988225223473103, 0.0030254953459675623, 0.0142691645516197, 0.03911328616095168, 0.0030254953459675623], [0.7442388195972865, 0.18784747997295614, 0.0030525529855247313, 0.021520427076188262, 0.040288167382519606, 0.0030525529855247313], [0.8210976349187349, 0.13547565597928163, 0.003069374803953163, 0.009535224074968962, 0.027752735419108235, 0.003069374803953163], [0.8275255127512181, 0.12203820307388194, 0.0030263880784269534, 0.016323080490583463, 0.0280604275274626, 0.0030263880784269534], [0.8138479490272509, 0.1365669557576944, 0.0030602650608319362, 0.01019724489065197, 0.03326732020273888, 0.0030602650608319362], [0.08080456670031422, 0.15800930236340563, 0.003084913657258281, 0.010863360334389683, 0.7441529432873739, 0.003084913657258281], [0.06957352274159868, 0.17893189172766308, 0.003041070536365548, 0.011759776138342065, 0.733652668319665, 0.003041070536365548], [0.6765724116186519, 0.24729129243230014, 0.0030105083490596105, 0.015580214370789556, 0.05453506488013928, 0.0030105083490596105], [0.6607062279549362, 0.2530134060442774, 0.0030137469869792387, 0.017756796407851258, 0.06249607561897689, 0.0030137469869792387], [0.7030519068135213, 0.09837786494132932, 0.1413421999178863, 0.01537414699489994, 0.03885290965307389, 0.003000971679289399], [0.8145287887498288, 0.059297284410105115, 0.02485366361487698, 0.028780422489616084, 0.055083438896709955, 0.01745640183886313], [0.7836976313331505, 0.09886782758573608, 0.06998869663774196, 0.016855567054107467, 0.027513904134356136, 0.003076373254907795], [0.7894897612708943, 0.08589706550787066, 0.08528398113613742, 0.01010724570628042, 0.026200710597727588, 0.003021235781089584], [0.6972502568095253, 0.22867098188336257, 0.003001003340446772, 0.0171713474089836, 0.05090540721723504, 0.003001003340446772], [0.6574608690347657, 0.2653292226549102, 0.00300146122990733, 0.019637680581802278, 0.051569305268707226, 0.00300146122990733], [0.11820137048224358, 0.2395348113744868, 0.0030047608386992736, 0.01911592846526026, 0.6171383680006107, 0.0030047608386992736], [0.4058882739271417, 0.3360334400016516, 0.003015370338205225, 0.025935373858629235, 0.2261121715361671, 0.003015370338205225], [0.7170530907367755, 0.20691494824023107, 0.0030015097460040184, 0.017666740876510455, 0.05236220065447509, 0.0030015097460040184], [0.7710725381091407, 0.1700856297269487, 0.003054383389840025, 0.013063255231998885, 0.0396698101522318, 0.003054383389840025], [0.07238138397811177, 0.16242338036513476, 0.0030640316036973465, 0.012093317681355556, 0.7469738547680032, 0.0030640316036973465], [0.7998288098472167, 0.1544225267929494, 0.003053808346370402, 0.010234150475034395, 0.029406896192058714, 0.003053808346370402], [0.7305120365640901, 0.2054075923780756, 0.0030038956150581116, 0.015139704694196475, 0.04293287513352165, 0.0030038956150581116], [0.7939197027382064, 0.16117316242756458, 0.003048134134846543, 0.009825117325436424, 0.028985749239099474, 0.003048134134846543], [0.8589546830562403, 0.10732355003862916, 0.0030038118316369385, 0.0065904898699615045, 0.021123653371895288, 0.0030038118316369385], [0.023448222899483336, 0.052400934014329534, 0.028085851076009107, 0.00484317590217068, 0.888163216323091, 0.0030585997849162526], [0.8786605142454245, 0.02865341053528858, 0.02091556189307643, 0.012057940739960972, 0.051757266906549824, 0.00795530567969972]], [[0.8859114025237276, 0.02346038470495946, 0.01848435778782176, 0.00895718257789877, 0.056852428024146424, 0.006334244381445987], [0.8534378270542384, 0.057261327314878506, 0.061679896581551534, 0.007039672493739134, 0.017579846198676786, 0.003001430356915671], [0.06396899579588695, 0.1832917332808574, 0.0030556607725781724, 0.011079999201300993, 0.7355479501767984, 0.0030556607725781724], [0.6995217931341908, 0.2342750810072524, 0.0030020268151985433, 0.016479386748449038, 0.04371968547971068, 0.0030020268151985433], [0.6957505119960474, 0.22476911390985269, 0.0030012609588323325, 0.018162541437608863, 0.05531531073882633, 0.0030012609588323325], [0.7282773168296537, 0.20570419190813768, 0.003002997965147792, 0.016640135705439804, 0.04337235962647332, 0.003002997965147792], [0.827395892303841, 0.1301465919829867, 0.0030889332475435307, 0.009224244617555952, 0.027055404600529187, 0.0030889332475435307], [0.8855161095496675, 0.0811125466582451, 0.003017133366159218, 0.0063441496959690605, 0.020992927363800006, 0.003017133366159218], [0.8587844514491948, 0.09989327794761794, 0.0030029503369410067, 0.008770389176090984, 0.026545980753214408, 0.0030029503369410067], [0.8152563115264588, 0.13188409890283034, 0.0030728146817574392, 0.010797178529895176, 0.03591678167730085, 0.0030728146817574392], [0.8233347412407022, 0.12672351487644093, 0.0030839112974435203, 0.009383205167019933, 0.03439071612094992, 0.0030839112974435203], [0.8015712267803936, 0.1420690461276733, 0.003056087815262592, 0.011511863327137281, 0.0387356881342708, 0.003056087815262592], [0.7248301323835423, 0.19822951160969807, 0.0030040014711163045, 0.017194333870743463, 0.05373801919378347, 0.0030040014711163045], [0.4203413142487764, 0.35639755531015976, 0.0030246953973628605, 0.02647908191044864, 0.19073265773588952, 0.0030246953973628605], [0.6839825896824071, 0.22881494637673566, 0.003011823968482076, 0.02018113633307262, 0.060997679670820516, 0.003011823968482076], [0.7646643123073337, 0.17588473249231762, 0.0030150923505283733, 0.013680135923480316, 0.03974063457581175, 0.0030150923505283733], [0.0842892238291046, 0.14179522561986377, 0.0030655565625893845, 0.011429521420818918, 0.756354916005034, 0.0030655565625893845], [0.08467559750649643, 0.12393844907921306, 0.0031313632913749305, 0.008995864525024556, 0.776127362306516, 0.0031313632913749305], [0.8071092203882071, 0.14286978495321276, 0.0030880230358447205, 0.010978470194099529, 0.032866478392791276, 0.0030880230358447205], [0.7527892661525545, 0.18671021809312044, 0.0030563743693267074, 0.01401078866084218, 0.04037697835482946, 0.0030563743693267074], [0.063888165114725, 0.15724843528518262, 0.003108469337258702, 0.016131771375086607, 0.7565146895504884, 0.003108469337258702], [0.7820959102399979, 0.17548896670952274, 0.0030320579027122534, 0.009808609143099452, 0.026542398101955526, 0.0030320579027122534], [0.7199536364280772, 0.2112700847188667, 0.0030211369165741566, 0.02327976584708011, 0.039454239172827754, 0.0030211369165741566], [0.7645937256102944, 0.18668478506268732, 0.0030180705437974353, 0.011706326430281614, 0.030979021809141888, 0.0030180705437974353], [0.8245069858751637, 0.06788885070091018, 0.07115701410386117, 0.009288712757476947, 0.0241496337290705, 0.0030088028335172414], [0.8334820006738124, 0.043461212343816315, 0.033599743400224195, 0.023349102009048807, 0.049818124908416604, 0.01628981666468165], [0.82509088567507, 0.04491242660773273, 0.03559819918928448, 0.022315744970171195, 0.05713890450476018, 0.014943839052981179], [