{"prediction": [[[0.909327689255766, 0.02003507364445741, 0.015727888237274557, 0.008183530294734745, 0.04174967794260085, 0.004976140625166342], [0.8795640196649691, 0.02810801189108451, 0.023933139305745785, 0.011426957476140212, 0.04971589190490497, 0.007251979757155435], [0.8959553324943071, 0.027427679357780968, 0.018956071846589904, 0.010241473111207947, 0.04148879333911073, 0.005930649851003282], [0.8712602631707314, 0.02719678871365064, 0.02348598110160456, 0.01203672193521956, 0.058244039401523, 0.007776205677270965], [0.8883020035504673, 0.028940614879422795, 0.02009446590119176, 0.012467904761184558, 0.04207996145432046, 0.008115049453413153], [0.8982743560925898, 0.02062028807275746, 0.016549166134351433, 0.00905930055433273, 0.0487919009417802, 0.00670498820418833], [0.8895354833804497, 0.022689668474503998, 0.023772352101570346, 0.010897690773160456, 0.04528684042553482, 0.007817964844780536], [0.8786648098704051, 0.02954251779226356, 0.024639353794844283, 0.012698500694015862, 0.04636465763881443, 0.008090160209656756], [0.8767634819083845, 0.02845766213099294, 0.02530366662796368, 0.01372023301020611, 0.04679281996238576, 0.0089621363600672], [0.871473537479756, 0.027211651992266644, 0.022718697416708008, 0.010980416445791168, 0.06028529366667605, 0.007330402998802237], [0.8836140573653467, 0.02807508163415974, 0.02020849842082727, 0.012357712213702023, 0.048034072370398855, 0.007710577995565353], [0.8694499090300537, 0.0269693054308066, 0.02085475100587657, 0.011587865004224611, 0.06323411851109932, 0.007904051017939307], [0.8903298994080616, 0.022902867063764785, 0.021336691573346313, 0.010923607161954773, 0.04703125748245989, 0.007475677310412787], [0.8948554977504118, 0.02244870785689439, 0.018468428867274664, 0.009200660588417068, 0.04887726584607594, 0.00614943909092617], [0.8880414002490841, 0.02465898032910741, 0.01761191639512607, 0.008576040676309118, 0.05542773951163858, 0.005683922838734852], [0.8702983217976382, 0.022724311484097356, 0.018054998932625806, 0.008357750833977402, 0.07476494070985018, 0.0057996762418109134], [0.8800401019604827, 0.02422304158325888, 0.02223569107229938, 0.010298965992120535, 0.05640261060313039, 0.006799588788707999], [0.8866088815540579, 0.024749895620494983, 0.0219803864142901, 0.011652699673757011, 0.04805439967196442, 0.006953737065435515], [0.87839705234602, 0.028058178747852748, 0.02638754668039617, 0.012860417443329856, 0.04647521844462837, 0.007821586337772943], [0.8711941144219022, 0.03133251300848639, 0.028578385771463696, 0.01563268403632293, 0.044720959568416874, 0.008541343193408026], [0.874331179667597, 0.03332389985099496, 0.02442111508717656, 0.013721596697773356, 0.04653445077764886, 0.007667757918809301], [0.8961691422218651, 0.021857239722531268, 0.02038828954701131, 0.009934253433120948, 0.0451313714532364, 0.006519703622234967], [0.8921145894590156, 0.02312567613693382, 0.02358473642454475, 0.011673084470788622, 0.041382716322906694, 0.008119197185810478], [0.8834150205807282, 0.023494080943905506, 0.020199175585866456, 0.011442533949435701, 0.05342378483579367, 0.008025404104270387], [0.8879411038212562, 0.024844867528629543, 0.021920596995013433, 0.010550631252830008, 0.04832464663778234, 0.006418153764488351], [0.8980823748465383, 0.02304458613197462, 0.015744230788647787, 0.010117053660953652, 0.04626036324946275, 0.006751391322422929], [0.9079146357478013, 0.02104302472869615, 0.015082233679210999, 0.008266512616626046, 0.042141877468056456, 0.005551715759609088], [0.877756047404183, 0.02639609229432716, 0.020162369847858203, 0.010998893188855722, 0.05772517500892584, 0.0069614222558499585], [0.896077326394258, 0.023087028331187007, 0.017160297650660745, 0.009611890347046619, 0.04744127769096739, 0.006622179585880348], [0.89009631284577, 0.024420126819717478, 0.020663627723139864, 0.012324190144874092, 0.044503766582066964, 0.007991975884431464], [0.8661697246329986, 0.035190069389771775, 0.027718685849846467, 0.014552733613971374, 0.04774178686237402, 0.008626999651037904], [0.8759950641247429, 0.032011571063735575, 0.02614220898835135, 0.016751513235087338, 0.03903765856188932, 0.010061984026193679], [0.8568036014329968, 0.04314415989913711, 0.032990684559002545, 0.017057382126630816, 0.040879854188014965, 0.00912431779421771], [0.8789606528714523, 0.028457613065609438, 0.023589118899207374, 0.013334574916525337, 0.04747786468917778, 0.008180175558027731], [0.8816187271812492, 0.027438817604451812, 0.022643644142308423, 0.011940452224550814, 0.04794632553894482, 0.008412033308494882], [0.8891846824993017, 0.0246865625762859, 0.019449402097186718, 0.012126268360696092, 0.0458162689270342, 0.008736815539495468], [0.8852339693898971, 0.026351065375344162, 0.022146645356071793, 0.013682274776160377, 0.043010104086630675, 0.009575941015895947], [0.8842758351516475, 0.02612811979787464, 0.020504966070720863, 0.013755346482433164, 0.0455964524018277, 0.009739280095496058], [0.8785630274081181, 0.029147468080787185, 0.02633012767012494, 0.013191982997000388, 0.04380549366344112, 0.00896190018052818], [0.8919660805170591, 0.023964548998683402, 0.01695488872776218, 0.0121462223545201, 0.04783512402047415, 0.007133135381501073]], [[0.8742668231428294, 0.03158302162804801, 0.026725684420127026, 0.012250048400250539, 0.04762120593865534, 0.007553216470089618], [0.8898814732574625, 0.06433620506794278, 0.03058756592813333, 0.004888822976904106, 0.00726575307160825, 0.003040179697949114], [0.018546714477774947, 0.04540860446961718, 0.02729980277782622, 0.0049412117212453265, 0.9007231594415432, 0.0030805071119930434], [0.9128294235312462, 0.044104637290463815, 0.027862015903127497, 0.004882270647211435, 0.00728520678372069, 0.0030364458442301303], [0.027590435310751737, 0.0446795094747226, 0.034884939992652506, 0.004855602277315177, 0.8849645270315288, 0.0030249859130292113], [0.8302562861804132, 0.04617364073259762, 0.03306144045487001, 0.016140862621014676, 0.06446193490850632, 0.009905835102598168], [0.8329592663201356, 0.042681547149052396, 0.029751096157781463, 0.0159899288525987, 0.06872876976084642, 0.009889391759585421], [0.03864980154274398, 0.06944048303909592, 0.07224993306047685, 0.007739895875287758, 0.8089138874692373, 0.003005999013158218], [0.7586633708777456, 0.09425683192810494, 0.10718173502149674, 0.011193425332797123, 0.025690999520808933, 0.0030136373190466493], [0.7095559370710294, 0.10275327080352951, 0.137850830376577, 0.012523137193772068, 0.034287948715779955, 0.0030288758393121297], [0.04268931669697783, 0.09467492476787415, 0.09337310573712508, 0.008873900309355308, 0.7572798920822226, 0.003108860406445098], [0.8553592594890271, 0.06447292094168146, 0.05691108720481456, 0.0062841526737140475, 0.013969227078436872, 0.003003352612326027], [0.8818843344757054, 0.050228355354364256, 0.04712957790751703, 0.004940952280965971, 0.01278288079747643, 0.0030338991839707263], [0.023379615999015658, 0.04441257479280593, 0.028121314501602726, 0.004798734359757594, 0.8962538040743415, 0.0030339562724766055], [0.9092154407631585, 0.04350351382187165, 0.029449553182178987, 0.004797901986034242, 0.01000703442693184, 0.003026555819824702], [0.9024234900725375, 0.04850216767339042, 0.030354953957439333, 0.004867554949115127, 0.010826967195253173, 0.003024866152264236], [0.8330588929943196, 0.0682775076799258, 0.0724605070760718, 0.0070381766857979386, 0.01615841734108494, 0.003006498222800046], [0.7483061182173424, 0.11313483754021436, 0.10212216191261674, 0.010977210920702564, 0.022418699206071972, 0.003040972203051991], [0.6463535024124593, 0.11909486222013584, 0.17694424486495658, 0.017352379714464832, 0.03721212478287025, 0.003042886005113407], [0.6403573950142237, 0.14469603266284234, 0.1460097484462612, 0.019452422802228, 0.04647031557896835, 0.003014085495476538], [0.7029055821994271, 0.10458904475597751, 0.14381782134343488, 0.014036876678878209, 0.031643709993067023, 0.003006965029215227], [0.8003363688498817, 0.09243683917809185, 0.07596873702803163, 0.008572440747144224, 0.01963305837651776, 0.0030525558203329224], [0.8449501253757511, 0.05967513083526694, 0.06805046373768696, 0.006371532642575607, 0.017946116591752718, 0.003006630816966567], [0.026454003462170087, 0.050363167628379425, 0.033604873754778664, 0.004855540516721324, 0.8816984991199782, 0.003023915517972289], [0.9067313031626848, 0.04290276116860936, 0.027950148288845292, 0.010208730704130916, 0.009138809413860078, 0.0030682472618697373], [0.008043221057151882, 0.021968004043366296, 0.009879967107769567, 0.0030651921374049637, 0.954040572572565, 0.0030030430817423208], [0.9207185944067721, 0.03891863864317207, 0.02420791326753362, 0.004817868600429186, 0.008296503036535691, 0.0030404820455573723], [0.8918879062736643, 0.05406633393524443, 0.035593781685948546, 0.004869396927619629, 0.01051080552312054, 0.003071775654402466], [0.8598219455111085, 0.06063376073890947, 0.05529577971369804, 0.0062476426408508276, 0.01499909013030709, 0.0030017812651260615], [0.05489725499050053, 0.11735651258179727, 0.10488891827552928, 0.0123653243929177, 0.7074657812433245, 0.003026208515930683], [0.621640560641873, 0.12563602986329342, 0.18616909648956492, 0.020596941254461026, 0.04289071428914131, 0.0030666574616664867], [0.5603924154970862, 0.1371677607689983, 0.22437389398788887, 0.021275688482417482, 0.05364072564574285, 0.0031495156178664124], [0.09272180831075959, 0.13789056927562604, 0.19581744965411677, 0.02134773117590724, 0.5489318342330944, 0.0032906073504959006], [0.7241388610609617, 0.11243221873068943, 0.11670732622613644, 0.01199100378276453, 0.031697989346543845, 0.0030326008529039804], [0.8669033168000465, 0.0551954944964519, 0.052601892642313915, 0.006316812548130025, 0.015981109340526014, 0.003001374172531666], [0.030913128712833565, 0.0467354919696241, 0.04349227611319971, 0.004887821141207596, 0.8709270890358665, 0.003044193027268641], [0.8654777689405789, 0.05184589147443797, 0.059771511263789, 0.005223586424715997, 0.01466459474356321, 0.003016647152914919], [0.04802214208232588, 0.07670987563734162, 0.07347991548409073, 0.007741753642784237, 0.790938272403395, 0.0031080407500624933], [0.8580036793701824, 0.06303808431066449, 0.05446147304647341, 0.006375978411531578, 0.015118662954613706, 0.003002121906534464], [0.8649204938618349, 0.03486263584283926, 0.02887097147407897, 0.015126814758027029, 0.047588497117726954, 0.00863058694549302]], [[0.8885821268814417, 0.027349196742946294, 0.020089426630010603, 0.011452890384005151, 0.04482503100452168, 0.007701328357074621], [0.01987833788219028, 0.04019084974542659, 0.033426194910967454, 0.004943024875503448, 0.8984804014259731, 0.0030811911599391718], [0.8908853656184113, 0.08525748017338164, 0.0030544006416765427, 0.005623840300393285, 0.012124512624460774, 0.0030544006416765427], [0.8786899485283703, 0.09559223384670404, 0.003039041559276574, 0.005597787675515618, 0.014041946830856867, 0.003039041559276574], [0.8200701952362401, 0.13880016775328285, 0.003133919330860584, 0.007263332780831992, 0.02759846556792388, 0.003133919330860584], [0.7917385288227966, 0.07780914965956587, 0.08441004556145386, 0.010600247270551344, 0.0324045858504826, 0.003037442835149872], [0.8359797894665296, 0.04543902073331124, 0.03628849415822298, 0.02129791556879712, 0.04723311195225816, 0.013761668120880964], [0.061536647552680276, 0.09864061956720056, 0.11207663636532433, 0.011664196806696081, 0.713033518799099, 0.0030483809089997586], [0.6635674002395126, 0.27746692859948663, 0.0030073712575391584, 0.01506874720001798, 0.03788218144590454, 0.0030073712575391584], [0.12326977154983425, 0.27544859094062835, 0.0030058412784437867, 0.019498883355556624, 0.5757710715970932, 0.0030058412784437867], [0.6683925522214317, 0.26740416361645153, 0.0030363695014341435, 0.01422505817123929, 0.04390548698800926, 0.0030363695014341435], [0.7842447114701642, 0.1767862546327081, 0.0030755833019509016, 0.008507522555686813, 0.024310344737539145, 0.0030755833019509016], [0.04597836314531256, 0.11100774157276924, 0.0030332721425390943, 0.0063152761853131015, 0.8306320748115269, 0.0030332721425390943], [0.03652493683284854, 0.08454003135310291, 0.0030550932995946334, 0.005554209591217456, 0.8672706356236418, 0.0030550932995946334], [0.9054381827894417, 0.06789000027191089, 0.0030334716129613417, 0.005507650688302722, 0.015097223024422134, 0.0030334716129613417], [0.03502295763598049, 0.08795606357115929, 0.0030280784510266774, 0.005648126302162812, 0.8653166955886441, 0.0030280784510266774], [0.049764385284435345, 0.1898548544602045, 0.0031119400666178676, 0.009605152975472556, 0.7445517271466517, 0.0031119400666178676], [0.077123882890121, 0.28625485243489274, 0.0030311412992149035, 0.015291267251893653, 0.6152677148246627, 0.0030311412992149035], [0.6199561399841793, 0.2998835367961382, 0.003017815269864762, 0.0191976336590448, 0.05492705902090809, 0.003017815269864762], [0.3843810626335026, 0.40319335925503214, 0.0030016503004118883, 0.02840047739256084, 0.17802180011808047, 0.0030016503004118883], [0.6529648490231035, 0.2591801823014129, 0.0030238258185372895, 0.02778930850986719, 0.05401800852854193, 0.0030238258185372895], [0.08573448155144482, 0.2035760023059164, 0.00304585945931377, 0.0210718192958805, 0.6835259779281307, 0.00304585945931377], [0.06846316755832133, 0.16105269878947379, 0.003124112978104196, 0.010318173547173404, 0.7539177341488231, 0.003124112978104196], [0.8557873576848378, 0.11041196568487965, 0.003017309503358479, 0.006320111944236672, 0.02144594567932899, 0.003017309503358479], [0.9072322000099182, 0.06904184847554982, 0.003040940990624061, 0.005601062621931032, 0.012043006911352799, 0.003040940990624061], [0.9113576358334297, 0.06587759846280843, 0.003078482404320491, 0.005585996606127025, 0.011021804288993872, 0.003078482404320491], [0.023277228981458578, 0.0587977893987765, 0.0030739244395838463, 0.005582830747906482, 0.9061943019926907, 0.0030739244395838463], [0.8895574025622355, 0.08333471375917025, 0.003018176072706717, 0.0054805388680092375, 0.01559099266517157, 0.003018176072706717], [0.05734617290499185, 0.16841133038945613, 0.003086164095546632, 0.009789181031674879, 0.7582809874827839, 0.003086164095546632], [0.6757857060243656, 0.2633821760717157, 0.003015373195890286, 0.014969493058741326, 0.03983187845339688, 0.003015373195890286], [0.5860912527613157, 0.3329372801291397, 0.0030986334870480256, 0.019791505524924823, 0.054982694610523825, 0.0030986334870480256], [0.34201159821635024, 0.45620497029019, 0.0030073840910822586, 0.030645855260731766, 0.1651228080505634, 0.0030073840910822586], [0.5586947787570876, 0.35525228810711246, 0.003080549456451923, 0.02124650589270285, 0.05864532833019323, 0.003080549456451923], [0.6894565989026917, 0.22688285065091368, 0.00300727610378312, 0.01651428764854672, 0.06113171059028163, 0.00300727610378312], [0.8225000569788391, 0.134414359329105, 0.003131116008337743, 0.008214044268382221, 0.028609307406998154, 0.003131116008337743], [0.8650944083132563, 0.09709715618558118, 0.003027815173802157, 0.006507379356390083, 0.02524542579716813, 0.003027815173802157], [0.7977428416648094, 0.15951979113434073, 0.003091889826641959, 0.008254778849366068, 0.028298808698199725, 0.003091889826641959], [0.736595281907034, 0.20721294879275515, 0.0030086162642377176, 0.01244545981140478, 0.037729076960330524, 0.0030086162642377176], [0.04880078491726177, 0.09683424455433388, 0.07954887853304246, 0.00970309200520345, 0.7620399471502433, 0.0030730528399151814], [0.8618645030939792, 0.0366392208366994, 0.027617925612186834, 0.01616968909706376, 0.04847013411460848, 0.009238527245462482]], [[0.904742739418221, 0.02184175404530815, 0.01751630241153496, 0.009767461406283935, 0.03949775791282292, 0.006633984805828841], [0.8870780634609499, 0.05304103872681367, 0.04011797157011889, 0.004846818101622213, 0.011904468101792423, 0.003011640038702821], [0.8313183911323335, 0.13386520058382398, 0.0031014404157818577, 0.007187357851540617, 0.021426169600738273, 0.0031014404157818577], [0.8096054773474367, 0.14655418975492018, 0.0031168796850820023, 0.0072253787464841976, 0.030381194780994863, 0.0031168796850820023], [0.7655728227009203, 0.18233107894778658, 0.0030243292408048367, 0.010297124187780698, 0.03575031568190274, 0.0030243292408048367], [0.747479125024368, 0.08420646897685838, 0.10175155026265148, 0.012955270656157487, 0.050590130936512816, 0.0030174541434518456], [0.8244223088711191, 0.045541347777534116, 0.04126608757856985, 0.02603330090314314, 0.0457094826733687, 0.017027472196264954], [0.7574211182248205, 0.0914399334434738, 0.10283435730626297, 0.013014117505223103, 0.03227967067856068, 0.0030108028416590002], [0.6707883964819003, 0.2392999115495345, 0.003011379731016686, 0.018490490133412467, 0.06539844237311943, 0.003011379731016686], [0.4071992687593966, 0.373824781683862, 0.003002736362724483, 0.024519112701322905, 0.18845136412996952, 0.003002736362724483], [0.6555251137887436, 0.2606477649647068, 0.0030043784828590347, 0.01755343021083406, 0.06026493406999744, 0.0030043784828590347], [0.7355384142405775, 0.21213079196623982, 0.0030105829734671094, 0.012898590240445349, 0.03341103760580316, 0.0030105829734671094], [0.8349530735209972, 0.12395980029900538, 0.0031595585108731943, 0.011959503205867292, 0.02280850595238373, 0.0031595585108731943], [0.8832935932263991, 0.08394121342100473, 0.0030131489307552418, 0.005918994164710651, 0.020819901326375095, 0.0030131489307552418], [0.9031869069837993, 0.06908947077834854, 0.0030309402366938973, 0.005505333433088757, 0.016156408331375424, 0.0030309402366938973], [0.8955997600034212, 0.07776948034355344, 0.003027348532407859, 0.005580314468531548, 0.014995748119678047, 0.003027348532407859], [0.036448752813118296, 0.1238723424954129, 0.0030098728987646723, 0.007873414106950536, 0.825785744786989, 0.0030098728987646723], [0.7408186936605957, 0.2178306068491501, 0.003022467713111088, 0.010687168141051974, 0.024618595922980057, 0.003022467713111088], [0.662684599797645, 0.276933276598998, 0.003025231429969261, 0.016190127357005712, 0.03814153338641271, 0.003025231429969261], [0.6302057897219345, 0.2887954326393633, 0.003011623475901957, 0.018874551978989563, 0.05610097870790868, 0.003011623475901957], [0.7082204112923289, 0.21993745850110694, 0.0030002555458418555, 0.016483272582235014, 0.04935834653264544, 0.0030002555458418555], [0.7832887543702478, 0.1729250503819816, 0.0030411990414675083, 0.009951598000573745, 0.02775219916426159, 0.0030411990414675083], [0.7518808898953898, 0.18571328433876447, 0.0030135859883642074, 0.013535180180014993, 0.0428434736091024, 0.0030135859883642074], [0.8042198170556214, 0.1510781396605064, 0.003110826561508626, 0.014069360701495027, 0.024411029459359877, 0.003110826561508626], [0.8824884787449785, 0.08349101669796893, 0.0030495702922086866, 0.005620413566416661, 0.022300950406218684, 0.0030495702922086866], [0.9179984095396048, 0.0598081008971433, 0.0030503269394979785, 0.005535536220147694, 0.010557299464108274, 0.0030503269394979785], [0.9144294463211883, 0.06210551811818389, 0.0030450865193380897, 0.005526305047162157, 0.011848557474789573, 0.0030450865193380897], [0.893973216020312, 0.07840984750447043, 0.003021655406999868, 0.005487294557014117, 0.01608633110420378, 0.003021655406999868], [0.8398930174581052, 0.11770545555302497, 0.0030213808654863026, 0.007213002947238164, 0.02914576231065909, 0.0030213808654863026], [0.720026950679863, 0.231040201242951, 0.003018065190955479, 0.012222956690868429, 0.030673761004406504, 0.003018065190955479], [0.10620562373217338, 0.30265746153105927, 0.0030432795786972883, 0.01934422234968149, 0.5657061332296913, 0.0030432795786972883], [0.572985264733446, 0.3384609862166181, 0.003060823173894486, 0.020648588232615114, 0.06178351446953206, 0.003060823173894486], [0.659901931329873, 0.2584717791018657, 0.0030135934649555877, 0.01968916619484534, 0.05590993644350505, 0.0030135934649555877], [0.07468392884945187, 0.17020161808450196, 0.0030935364120227727, 0.011964170486972523, 0.7369632097550282, 0.0030935364120227727], [0.8814266015127559, 0.08094574357299046, 0.0030169497082595206, 0.0062203469671301284, 0.025373408530604494, 0.0030169497082595206], [0.8196201324588097, 0.13353090194880377, 0.003081888131480534, 0.009068142338821318, 0.03161704699060409, 0.003081888131480534], [0.7075899516404501, 0.22809524973020534, 0.003006956351812208, 0.014651638414672446, 0.043649247511047644, 0.003006956351812208], [0.6452825602744803, 0.27250770782056377, 0.0030059792768073437, 0.017747267319486792, 0.05845050603185437, 0.0030059792768073437], [0.6859865863913905, 0.10190872680860678, 0.16567563045000508, 0.013939216180412337, 0.02948590915240776, 0.0030039310171774], [0.8546407513427917, 0.04049171795732756, 0.029281571631648674, 0.01786772530229641, 0.04719471192466464, 0.010523521841271108]], [[0.892822560925658, 0.024307942834108382, 0.021284904249850904, 0.011736913460202414, 0.041754826357886826, 0.0080928521722933], [0.7934264379864704, 0.08887155319551883, 0.08294066518839935, 0.00928910320880644, 0.02243076260674398, 0.0030414778140607336], [0.0726612056412833, 0.21030096531155973, 0.0030628768418966604, 0.017317095201616072, 0.6935949801617477, 0.0030628768418966604], [0.7478799007592745, 0.19948037222948709, 0.003033411260598266, 0.011285789532468669, 0.03528711495757335, 0.003033411260598266], [0.14903306601579067, 0.20232778834540055, 0.0030068030176924566, 0.015633522049683126, 0.6269920175537407, 0.0030068030176924566], [0.4627710472549298, 0.2877218318320129, 0.003063674795913527, 0.02138286827067857, 0.22199690305055153, 0.003063674795913527], [0.7761550676950529, 0.07723942596933424, 0.08311077674434748, 0.012011712719207293, 0.0484461532378143, 0.0030368636342438205], [0.8364473998320893, 0.05298491719284908, 0.015453495430076196, 0.02100965498947753, 0.06208771455770149, 0.01201681799780652], [0.7343335310633806, 0.09309201207348158, 0.11889287891519391, 0.014113822583404061, 0.03655060715086891, 0.003017148213670811], [0.672397520924457, 0.24299403531004735, 0.0030048291885667964, 0.016970866149762856, 0.061627919238599095, 0.0030048291885667964], [0.7005199306576988, 0.23768585090816788, 0.003005060573284799, 0.014784661778516844, 0.04099943550904691, 0.003005060573284799], [0.8257395977713404, 0.1371817886806106, 0.0030923772301206234, 0.007810806570196924, 0.02308305251761084, 0.0030923772301206234], [0.8469936863653832, 0.11891846515207312, 0.003011103826813907, 0.00677685781176699, 0.021288783017148868, 0.003011103826813907], [0.8297522227518969, 0.1294989424771456, 0.003085243525371118, 0.00837195746281483, 0.026206390257400465, 0.003085243525371118], [0.03892870355587988, 0.1032529078778935, 0.003029385311784669, 0.00660630934278164, 0.8451533085998757, 0.003029385311784669], [0.8931327351447587, 0.07899322931873634, 0.003024712264534557, 0.005693120470324339, 0.016131490537111517, 0.003024712264534557], [0.886097452949975, 0.08683528353782237, 0.0030189993089201517, 0.005906165951818032, 0.015123098942544405, 0.0030189993089201517], [0.044003039117632314, 0.12878379350558714, 0.0030043886187738995, 0.00886534990383234, 0.8123390402354005, 0.0030043886187738995], [0.7772610692558536, 0.1820659830428116, 0.003038796811657048, 0.00943668539132717, 0.025158668686693583, 0.003038796811657048], [0.7179017385414262, 0.22048769497949974, 0.003011854586199287, 0.01367260066796247, 0.04191425663871296, 0.003011854586199287], [0.061343132785110666, 0.16884611866911653, 0.0030773634869074953, 0.010855277478251305, 0.7528007440937067, 0.0030773634869074953], [0.09671207608816149, 0.21390029338114916, 0.0030218624912571393, 0.015250748477370898, 0.6680931570708042, 0.0030218624912571393], [0.6839685099513954, 0.2319654901734029, 0.0030047663883610255, 0.01819260405759948, 0.05986386304088032, 0.0030047663883610255], [0.7183127137828529, 0.21768339353969063, 0.0030019736994354716, 0.016302696230944925, 0.04169724904764074, 0.0030019736994354716], [0.8137355922208721, 0.14971124405143285, 0.0031173795200587456, 0.007767783125499848, 0.022550621562077763, 0.0031173795200587456], [0.9036267561192399, 0.07057887403266497, 0.0030314746128863785, 0.005503478189092777, 0.014227942433229621, 0.0030314746128863785], [0.04242555985908551, 0.0829521958397396, 0.003086017632445233, 0.005609486261329725, 0.8628407227749547, 0.003086017632445233], [0.8328178467215414, 0.11957801921148567, 0.0031351901024920864, 0.00792664544630399, 0.033407108415684825, 0.0031351901024920864], [0.8664229538019831, 0.09999691022799151, 0.0030057626933639417, 0.007064448966155539, 0.020504161617142046, 0.0030057626933639417], [0.8360132584870672, 0.12605381480237327, 0.0030028927066124457, 0.00869402777468268, 0.023233113522651953, 0.0030028927066124457], [0.7455868188914506, 0.20436035259884158, 0.0030322353194920924, 0.011888459315327131, 0.03209989855539666, 0.0030322353194920924], [0.7146963807811779, 0.21227183790537965, 0.003000766423782267, 0.016668407133517405, 0.050361841332360685, 0.003000766423782267], [0.8009897788619016, 0.14393489859499248, 0.003057971538676396, 0.010843944690172375, 0.03811543477558088, 0.003057971538676396], [0.8761852569485405, 0.08568957101621671, 0.0030411236214098734, 0.0063842850531547245, 0.02565863973926833, 0.0030411236214098734], [0.8343822406375958, 0.12167449854466064, 0.0031533136943437874, 0.007894999249611926, 0.0297416341794441, 0.0031533136943437874], [0.7629676965956002, 0.17907287699213742, 0.003020709222556698, 0.01291153443766909, 0.03900647352948, 0.003020709222556698], [0.6377773282656691, 0.2780929653058584, 0.0030299164044022215, 0.020104966141758513, 0.057964907477909576, 0.0030299164044022215], [0.38105782884727935, 0.3972444781232497, 0.0030030166996117117, 0.026846287174064638, 0.188845372456183, 0.0030030166996117117], [0.10098452770748176, 0.11830421839183124, 0.180980489032552, 0.017827377844400295, 0.5788914909973149, 0.0030118960264197696], [0.8668941919259898, 0.0372705079935368, 0.028746093501809948, 0.01904455676341905, 0.036697162545150146, 0.011347487270094221]], [[0.8749659014486875, 0.029942161042540293, 0.02539817552298319, 0.015186497529525876, 0.044644657553345186, 0.009862606902917988], [0.06947165399815702, 0.11863161244904197, 0.1637970345539764, 0.015116834501920497, 0.6299789040605769, 0.0030039604363271835], [0.6491380488886244, 0.2586284289216806, 0.0030242706435217666, 0.028583969353213876, 0.057601011549437746, 0.0030242706435217666], [0.09118879196913135, 0.2533278430647804, 0.0030057881852769384, 0.01605720748971025, 0.6334145811058242, 0.0030057881852769384], [0.7547845247153963, 0.1845189015785595, 0.0030153998317006127, 0.012976640161503775, 0.041689133881139304, 0.0030153998317006127], [0.7285383289679669, 0.18712333020888988, 0.003034517700547442, 0.014513826993360695, 0.06375547842868776, 0.003034517700547442], [0.7903832630514199, 0.1501014793707899, 0.0030853477581954127, 0.010073614963569058, 0.04327094709783032, 0.0030853477581954127], [0.8443105590833849, 0.06234417161454778, 0.05011790493332369, 0.007073292840932282, 0.032998263031959955, 0.0031558084958513946], [0.8352329592463508, 0.048029166995227274, 0.013690396578158412, 0.01739117742497521, 0.0753393956330379, 0.010316904122250331], [0.7947451512766669, 0.08410850710734742, 0.07443158664352878, 0.01167707980546913, 0.03199476026210561, 0.003042914904882243], [0.8397700184513703, 0.07319767227813502, 0.05702784280050583, 0.007241392464140611, 0.019661403481235715, 0.003101670524612485], [0.8398241264865912, 0.12330110348443625, 0.0030074067279388284, 0.0072726252078487595, 0.023587331365246024, 0.0030074067279388284], [0.06453722621294325, 0.1634867770999164, 0.0030791173844504464, 0.010597682757538534, 0.755220079160701, 0.0030791173844504464], [0.7173100202101691, 0.22482051265318945, 0.0030077178007828806, 0.014105820418623967, 0.03774821111645172, 0.0030077178007828806], [0.054332062808874565, 0.16457280214191894, 0.0031176184243886305, 0.01731399894292773, 0.7575458992575015, 0.0031176184243886305], [0.8688071065997319, 0.10015173234536809, 0.0030074321478030693, 0.007008075323418646, 0.018018221435875146, 0.0030074321478030693], [0.8896352897227385, 0.07496055011747323, 0.0030556586699370934, 0.005633112542794218, 0.023659730277119904, 0.0030556586699370934], [0.886070303966021, 0.08639548314557981, 0.003018805760639425, 0.005848818247903673, 0.015647783119216777, 0.003018805760639425], [0.8618431691809284, 0.09927281884878456, 0.003036506587053941, 0.012555444964496693, 0.020255553831682635, 0.003036506587053941], [0.82283459918989, 0.1371437201140903, 0.0030872571717821804, 0.008139725327175168, 0.025707441025280255, 0.0030872571717821804], [0.7636243249693941, 0.17842268699262934, 0.003021383238253104, 0.012282631274018269, 0.039627590287452066, 0.003021383238253104], [0.6781339921103339, 0.24056096969624413, 0.0030026794885383303, 0.017817825854758874, 0.05748185336158645, 0.0030026794885383303], [0.40559144614668485, 0.3743227895738359, 0.003001448097092136, 0.02850032966514026, 0.18558253842015468, 0.003001448097092136], [0.6531045264485087, 0.26047102353457835, 0.003004683808393483, 0.020026007889606273, 0.060389074510519655, 0.003004683808393483], [0.7573539115263448, 0.18027841459907634, 0.0030168274906076037, 0.01389173007521029, 0.04244228881815336, 0.0030168274906076037], [0.8093100388366627, 0.14598046320433125, 0.003095244779246652, 0.008856828072629858, 0.029662180327882953, 0.003095244779246652], [0.8085254253534854, 0.14335819443683548, 0.0030566475335478747, 0.00975575526423505, 0.032247329878348434, 0.0030566475335478747], [0.08522873266779576, 0.1887682477827178, 0.00301852866760302, 0.014315861227005787, 0.7056501009872747, 0.00301852866760302], [0.8032124685963913, 0.15332645196880018, 0.0030993881563053886, 0.009756791782521632, 0.027505511339676124, 0.0030993881563053886], [0.8496948958382278, 0.1143365899008789, 0.003012425491696273, 0.007967352999748295, 0.021976310277752577, 0.003012425491696273], [0.8503602181118688, 0.10920878468539093, 0.0030150117118960293, 0.008216826948871951, 0.02618414683007635, 0.0030150117118960293], [0.8187338882499355, 0.13024316781405354, 0.0031263272286509137, 0.010019021239330288, 0.03475126823937889, 0.0031263272286509137], [0.8355374197118063, 0.1129702520010668, 0.0031592151513589253, 0.008949665010560257, 0.0362242329738487, 0.0031592151513589253], [0.8896679302263573, 0.07221577265092055, 0.0030253621211150865, 0.0062623134424367255, 0.02580325943805536, 0.0030253621211150865], [0.820955519644985, 0.1256052409952674, 0.0031289052150947558, 0.008583750105299562, 0.03859767882425855, 0.0031289052150947558], [0.09101931673419282, 0.2684967159666652, 0.003004080930167012, 0.017006334599958223, 0.6174694708388497, 0.003004080930167012], [0.10562930839704081, 0.30607784589120635, 0.0030137138617470677, 0.019817645948474696, 0.562447772039784, 0.0030137138617470677], [0.595337373212461, 0.32417189908320665, 0.0030384217924352168, 0.02105518945815807, 0.05335869466130384, 0.0030384217924352168], [0.660985798760199, 0.13191461010344072, 0.14998084134665976, 0.017399385721278405, 0.03670927232814451, 0.0030100917402778034], [0.8735084331864567, 0.0328738043288192, 0.02471560216085526, 0.0157622173386557, 0.042718216702883796, 0.01042172628232943]], [[0.8726707864534858, 0.03222584577667282, 0.03104817501228421, 0.014738044618373174, 0.040874256580335167, 0.008442891558848777], [0.6536903740777747, 0.11687414871245953, 0.15998402969717807, 0.01943419002016644, 0.046989269483621324, 0.003027988008799961], [0.36790021591119665, 0.42329636219400035, 0.0030003236348214142, 0.025672542767007447, 0.17713023185815285, 0.0030003236348214142], [0.6522535595153934, 0.2535273058788841, 0.003021631178497869, 0.019661576546953975, 0.06851429570177268, 0.003021631178497869], [0.7467374616195669, 0.18163856974727124, 0.0030419074726588204, 0.02132905964490539, 0.04421109404293877, 0.0030419074726588204], [0.7894992420621774, 0.152807228247057, 0.0030824042304491567, 0.010540674141142606, 0.040988047088724874, 0.0030824042304491567], [0.8453365278316867, 0.11371394726325966, 0.0031228743950247693, 0.007240179727941046, 0.027463596387063062, 0.0031228743950247693], [0.8879408845162166, 0.07903176142924201, 0.0030206923596029864, 0.00556718529008571, 0.021418784045249734, 0.0030206923596029864], [0.894172417157764, 0.04607495772203343, 0.03418107540676837, 0.005247153139146943, 0.017307937797881076, 0.0030164587764062094], [0.8542903950232503, 0.03928302788841818, 0.028723232453959878, 0.017529153381413167, 0.048432218043027615, 0.011741973209930827], [0.8515924945322628, 0.041229695005395375, 0.028234171034214824, 0.01659177482618228, 0.051932552100235806, 0.010419312501708872], [0.811235216752103, 0.08280029311098945, 0.07244326515580468, 0.008571098017635262, 0.021889017891365707, 0.0030611090721020507], [0.07631904640464626, 0.23449634666887573, 0.0030146523833911656, 0.015434137309526365, 0.6677211648501693, 0.0030146523833911656], [0.6898432057337297, 0.23552866878286516, 0.0030043420633275916, 0.017705247083366484, 0.05091419427338354, 0.0030043420633275916], [0.708119663715619, 0.23406638511700892, 0.003006206997517015, 0.014243062431701235, 0.03755847474063685, 0.003006206997517015], [0.8082015921076509, 0.15296586924817593, 0.003068961902423387, 0.008985593385210142, 0.02370902145411649, 0.003068961902423387], [0.03633478505373837, 0.0975971105417875, 0.003044886562507773, 0.006239176514607838, 0.8537391547648507, 0.003044886562507773], [0.9015328649516128, 0.07192122873718441, 0.003033608226546895, 0.005591667828861063, 0.014887022029247939, 0.003033608226546895], [0.03596686072421608, 0.09106559722086859, 0.00305432987784937, 0.005636289500186117, 0.8612225927990306, 0.00305432987784937], [0.8761392940820885, 0.09156130528933132, 0.003011006616418345, 0.006301812331660508, 0.01997557506408285, 0.003011006616418345], [0.06551320060840556, 0.15908046020877628, 0.0031323880922798585, 0.010436235478211072, 0.7587053275200474, 0.0031323880922798585], [0.7130610690073853, 0.22700148573677775, 0.003003799705838754, 0.014883962144609434, 0.039045883699550074, 0.003003799705838754], [0.6773286848946741, 0.24006454311594816, 0.003005837017784257, 0.018658247798485714, 0.05793685015532339, 0.003005837017784257], [0.6951637405691182, 0.23220876036055937, 0.003002972514655502, 0.01757085158848134, 0.04905070245253008, 0.003002972514655502], [0.7809636600281454, 0.16208022980101783, 0.003076831269111092, 0.017320401362781162, 0.033482046269833574, 0.003076831269111092], [0.7739134536620627, 0.17243697688119825, 0.003049405952756176, 0.011031533178495038, 0.036519224372731654, 0.003049405952756176], [0.6724482415869897, 0.2589934216637754, 0.00300218086338495, 0.01668565293713342, 0.045868322085331564, 0.00300218086338495], [0.11444213495519104, 0.2606058112684465, 0.0030027492042024964, 0.021084913811072567, 0.5978616415568848, 0.0030027492042024964], [0.7274813335354788, 0.2116725207157921, 0.003004283169014499, 0.015296285939321785, 0.039541293471378317, 0.003004283169014499], [0.0756704708049351, 0.15688163689670945, 0.0031128865709433807, 0.011748020873775862, 0.749474098282693, 0.0031128865709433807], [0.8562660315046082, 0.10317069191661277, 0.0030204223390592677, 0.007803897446835934, 0.026718534453824563, 0.0030204223390592677], [0.08709015676508856, 0.13289796854153565, 0.0031433240964662637, 0.01046094180224187, 0.7632642846982015, 0.0031433240964662637], [0.7945434939757844, 0.13687684908375133, 0.0030579599670275378, 0.012488078781610274, 0.049975658224798714, 0.0030579599670275378], [0.8520388541085775, 0.10517060592861817, 0.0031350465918511764, 0.007972153932673495, 0.028548292846428534, 0.0031350465918511764], [0.7772471863920939, 0.16018311561377843, 0.003033727447835904, 0.012513974109197851, 0.043988268989258145, 0.003033727447835904], [0.6948761721016194, 0.22590012922317743, 0.0030065102657901967, 0.016233824593823165, 0.05697685354979959, 0.0030065102657901967], [0.37912886249828726, 0.39269326743498795, 0.0030013176916944325, 0.026421838726381604, 0.1957533959569543, 0.0030013176916944325], [0.1183052623967162, 0.2900429725674705, 0.003008892840177319, 0.020209533083405576, 0.5654244462720531, 0.003008892840177319], [0.7079160882399241, 0.11607136981184579, 0.1273333597323967, 0.01385211862139783, 0.03181977842713088, 0.003007285167304758], [0.8671372447818707, 0.028691161181517856, 0.02557597856595639, 0.013119704945095605, 0.056639351098832134, 0.008836559426727357]], [[0.8788320683473003, 0.030262729852457895, 0.026236542485898018, 0.01443660293861276, 0.040863544015764176, 0.009368512359966878], [0.6394545730851977, 0.14637456000369728, 0.161656637271062, 0.016727547626986257, 0.032764549183939506, 0.003022132829117212], [0.6513091595688325, 0.2627797304187654, 0.003019135664538223, 0.01986396664496772, 0.06000887203835794, 0.003019135664538223], [0.10450892896054229, 0.2618987823723481, 0.0030177475160247835, 0.016871708871398935, 0.6106850847636612, 0.0030177475160247835], [0.804685568400645, 0.1444463321253051, 0.003102721270925597, 0.009598327062430863, 0.035064329869767666, 0.003102721270925597], [0.8313872884304843, 0.12379713683080355, 0.0030997323476452416, 0.0082160669600766, 0.030400043083345048, 0.0030997323476452416], [0.0926186198367044, 0.16199247542242037, 0.0030863790360391593, 0.011802459690400943, 0.727413686978396, 0.0030863790360391593], [0.8359821516191043, 0.12261092655733252, 0.003106939795238841, 0.007847753187061266, 0.02734528904602444, 0.003106939795238841], [0.8779694515711928, 0.08723507262974042, 0.003012550936730753, 0.006333527862806418, 0.022436846062798846, 0.003012550936730753], [0.8864906747016613, 0.04805506161717539, 0.03698372122669219, 0.005752208396741473, 0.019706523204637606, 0.0030118108530918014], [0.8648077413449705, 0.03715811595641045, 0.03029660803156926, 0.01762251721651545, 0.03799757838300301, 0.012117439067531342], [0.7731774638720781, 0.08983924328002516, 0.09219980645354392, 0.011627710602600417, 0.03013442589982434, 0.003021349891928311], [0.6504164817491976, 0.2690450756103862, 0.0030038384325843013, 0.018217663933013134, 0.05631310184223432, 0.0030038384325843013], [0.41962185698905263, 0.3582070392855129, 0.003004009252924827, 0.02682473201945291, 0.18933835320013184, 0.003004009252924827], [0.6766477014448165, 0.24546423005747703, 0.0030099936155801228, 0.017659905188085693, 0.054208176078460776, 0.0030099936155801228], [0.7334547202259502, 0.21077528821175953, 0.0030079587650585584, 0.012962601446598492, 0.03679147258557466, 0.0030079587650585584], [0.05172752655445982, 0.12350963676356255, 0.003166875305246562, 0.008105595352765007, 0.8103234907187196, 0.003166875305246562], [0.8971713378384444, 0.07410826943820954, 0.0030287857453908233, 0.0055835460174538274, 0.017079275215110643, 0.0030287857453908233], [0.9046682603710915, 0.06895506002514767, 0.003037290447878723, 0.005597446887146205, 0.014704651820857069, 0.003037290447878723], [0.03059884256902012, 0.07711932803540034, 0.0030444203928598397, 0.005615607915653662, 0.8805773806942062, 0.0030444203928598397], [0.038654463506484354, 0.11641103945498675, 0.003023633191538376, 0.0066530802892413995, 0.8322341503662107, 0.003023633191538376], [0.7983925222726961, 0.1632711352299829, 0.0030586884686246403, 0.009056984413777247, 0.02316198114629437, 0.0030586884686246403], [0.08893048383575052, 0.20330513229296632, 0.0030136428605823506, 0.01540056297231923, 0.6863365351777992, 0.0030136428605823506], [0.06471871112430981, 0.170009317363327, 0.0030702100073715017, 0.011327162948566493, 0.7478043885490537, 0.0030702100073715017], [0.7626571481626366, 0.18132039632072486, 0.003047304567804938, 0.011499919699366819, 0.03842792668166167, 0.003047304567804938], [0.09268863360832595, 0.23302263391646372, 0.0030022984345482446, 0.017679743306677126, 0.6506043922994366, 0.0030022984345482446], [0.6189376157901061, 0.2931241012954753, 0.003025524140684268, 0.02176826913573292, 0.06011