{"prediction": [[[0.98500332438622, 0.002999335122756038, 0.002999335122756038, 0.002999335122756038, 0.002999335122756038, 0.002999335122756038], [0.98500332438622, 0.002999335122756038, 0.002999335122756038, 0.002999335122756038, 0.002999335122756038, 0.002999335122756038], [0.98500332438622, 0.002999335122756038, 0.002999335122756038, 0.002999335122756038, 0.002999335122756038, 0.002999335122756038], [0.98500332438622, 0.002999335122756038, 0.002999335122756038, 0.002999335122756038, 0.002999335122756038, 0.002999335122756038], [0.98500332438622, 0.002999335122756038, 0.002999335122756038, 0.002999335122756038, 0.002999335122756038, 0.002999335122756038], [0.98500332438622, 0.002999335122756038, 0.002999335122756038, 0.002999335122756038, 0.002999335122756038, 0.002999335122756038], [0.98500332438622, 0.002999335122756038, 0.002999335122756038, 0.002999335122756038, 0.002999335122756038, 0.002999335122756038], [0.98500332438622, 0.002999335122756038, 0.002999335122756038, 0.002999335122756038, 0.002999335122756038, 0.002999335122756038], [0.98500332438622, 0.002999335122756038, 0.002999335122756038, 0.002999335122756038, 0.002999335122756038, 0.002999335122756038], [0.98500332438622, 0.002999335122756038, 0.002999335122756038, 0.002999335122756038, 0.002999335122756038, 0.002999335122756038], [0.98500332438622, 0.002999335122756038, 0.002999335122756038, 0.002999335122756038, 0.002999335122756038, 0.002999335122756038], [0.98500332438622, 0.002999335122756038, 0.002999335122756038, 0.002999335122756038, 0.002999335122756038, 0.002999335122756038], [0.98500332438622, 0.002999335122756038, 0.002999335122756038, 0.002999335122756038, 0.002999335122756038, 0.002999335122756038], [0.98500332438622, 0.002999335122756038, 0.002999335122756038, 0.002999335122756038, 0.002999335122756038, 0.002999335122756038], [0.98500332438622, 0.002999335122756038, 0.002999335122756038, 0.002999335122756038, 0.002999335122756038, 0.002999335122756038], [0.98500332438622, 0.002999335122756038, 0.002999335122756038, 0.002999335122756038, 0.002999335122756038, 0.002999335122756038], [0.98500332438622, 0.002999335122756038, 0.002999335122756038, 0.002999335122756038, 0.002999335122756038, 0.002999335122756038], [0.98500332438622, 0.002999335122756038, 0.002999335122756038, 0.002999335122756038, 0.002999335122756038, 0.002999335122756038], [0.98500332438622, 0.002999335122756038, 0.002999335122756038, 0.002999335122756038, 0.002999335122756038, 0.002999335122756038], [0.98500332438622, 0.002999335122756038, 0.002999335122756038, 0.002999335122756038, 0.002999335122756038, 0.002999335122756038], [0.98500332438622, 0.002999335122756038, 0.002999335122756038, 0.002999335122756038, 0.002999335122756038, 0.002999335122756038], [0.98500332438622, 0.002999335122756038, 0.002999335122756038, 0.002999335122756038, 0.002999335122756038, 0.002999335122756038], [0.98500332438622, 0.002999335122756038, 0.002999335122756038, 0.002999335122756038, 0.002999335122756038, 0.002999335122756038], [0.98500332438622, 0.002999335122756038, 0.002999335122756038, 0.002999335122756038, 0.002999335122756038, 0.002999335122756038], [0.98500332438622, 0.002999335122756038, 0.002999335122756038, 0.002999335122756038, 0.002999335122756038, 0.002999335122756038], [0.98500332438622, 0.002999335122756038, 0.002999335122756038, 0.002999335122756038, 0.002999335122756038, 0.002999335122756038], [0.98500332438622, 0.002999335122756038, 0.002999335122756038, 0.002999335122756038, 0.002999335122756038, 0.002999335122756038], [0.98500332438622, 0.002999335122756038, 0.002999335122756038, 0.002999335122756038, 0.002999335122756038, 0.002999335122756038], [0.98500332438622, 0.002999335122756038, 0.002999335122756038, 0.002999335122756038, 0.002999335122756038, 0.002999335122756038], [0.98500332438622, 0.002999335122756038, 0.002999335122756038, 0.002999335122756038, 0.002999335122756038, 0.002999335122756038], [0.98500332438622, 0.002999335122756038, 0.002999335122756038, 0.002999335122756038, 0.002999335122756038, 0.002999335122756038], [0.98500332438622, 0.002999335122756038, 0.002999335122756038, 0.002999335122756038, 0.002999335122756038, 0.002999335122756038], [0.98500332438622, 0.002999335122756038, 0.002999335122756038, 0.002999335122756038, 0.002999335122756038, 0.002999335122756038], [0.98500332438622, 0.002999335122756038, 0.002999335122756038, 0.002999335122756038, 0.002999335122756038, 0.002999335122756038], [0.98500332438622, 0.002999335122756038, 0.002999335122756038, 0.002999335122756038, 0.002999335122756038, 0.002999335122756038], [0.98500332438622, 0.002999335122756038, 0.002999335122756038, 0.002999335122756038, 0.002999335122756038, 0.002999335122756038], [0.98500332438622, 0.002999335122756038, 0.002999335122756038, 0.002999335122756038, 0.002999335122756038, 0.002999335122756038], [0.98500332438622, 0.002999335122756038, 0.002999335122756038, 0.002999335122756038, 0.002999335122756038, 0.002999335122756038], [0.98500332438622, 0.002999335122756038, 0.002999335122756038, 0.002999335122756038, 0.002999335122756038, 0.002999335122756038], [0.98500332438622, 0.002999335122756038, 0.002999335122756038, 0.002999335122756038, 0.002999335122756038, 0.002999335122756038]], [[0.98500332438622, 0.002999335122756038, 0.002999335122756038, 0.002999335122756038, 0.002999335122756038, 0.002999335122756038], [0.9253937730735121, 0.04648807509874734, 0.017652037457046816, 0.00335156704287723, 0.0041118113248782865, 0.0030027360029382943], [0.009367107088273614, 0.044490233461840833, 0.0175319369066001, 0.003099360125533231, 0.9225084085800158, 0.003002953837736375], [0.92180814566733, 0.04740855930937377, 0.020376843283707327, 0.003352053399988652, 0.004052023187796534, 0.0030023751518036346], [0.9063772997888095, 0.05549474558301768, 0.02604682134774246, 0.0038206557716205765, 0.005255836821217361, 0.00300464068759232], [0.8720021198197715, 0.07599273102209886, 0.036552006935036775, 0.005188440712811966, 0.007260988817534994, 0.003003712692745991], [0.7970426801640897, 0.10277867629497325, 0.07343471014070509, 0.009478987251736069, 0.014260676274361977, 0.00300426987413396], [0.7519406293609008, 0.12290689939415314, 0.08995038152981212, 0.012448407092566342, 0.019752894420009468, 0.003000788202558223], [0.6896106568830056, 0.13279466340312257, 0.13112083595581844, 0.015946642097855578, 0.02749731871087192, 0.0030298829493260173], [0.608524409380838, 0.16776833929648485, 0.16883236796661819, 0.01936865096477838, 0.03250148863895142, 0.003004743752329175], [0.5217262539208465, 0.1827289343698591, 0.23401516355830213, 0.02181457803792138, 0.03670571127128397, 0.0030093588417870413], [0.5335322362851068, 0.176027198639628, 0.2159238883529638, 0.024423395157516972, 0.04708969727827879, 0.0030035842865055824], [0.07547946396006759, 0.18036245560150738, 0.2172883935647579, 0.021629440288236552, 0.5022361321243358, 0.0030041144610948034], [0.5874225110679052, 0.1689693478135209, 0.18312567666996296, 0.021236262456238716, 0.03624527074499425, 0.0030009312473778843], [0.07119001121810892, 0.17585220596435777, 0.1788978175899149, 0.020735583013944948, 0.5503198257999017, 0.003004556413771767], [0.07716760335797225, 0.1688613688373091, 0.1906800779571978, 0.020011641268360466, 0.540261950524984, 0.003017358054176411], [0.6239906415729763, 0.16367216982842292, 0.15786883997637363, 0.019022753717220432, 0.032430290260696, 0.0030153046443108164], [0.720108746775887, 0.12031668532801885, 0.11301444224422356, 0.015148884129805426, 0.028397305394446532, 0.003013936127618717], [0.050151877088385574, 0.126190606800442, 0.09842785416188625, 0.01928209905671423, 0.7029317144052154, 0.003015848487356493], [0.7111110547000503, 0.11968331767388335, 0.12484585077039573, 0.01460678693635655, 0.026733928004645788, 0.003019061914668234], [0.061438878034911076, 0.16708025615460545, 0.16046761747570443, 0.01768323097876871, 0.5902961317190711, 0.003033885636939168], [0.5847313043185475, 0.16120840050436916, 0.1976490008625473, 0.01933748555300279, 0.034071364136045196, 0.0030024446254880545], [0.6234283029279601, 0.16582617522421506, 0.15862303609428063, 0.01762947615475069, 0.03147765280301095, 0.0030153567957825374], [0.6975319315578344, 0.1288486280036026, 0.12457105941793066, 0.015529893755013484, 0.030493972684578402, 0.0030245145810403992], [0.7491179922533933, 0.11351201066109395, 0.0950925239140844, 0.013958625319744776, 0.02531385689616659, 0.003004990955516942], [0.04842276484647424, 0.12444402198835218, 0.09657097026532586, 0.013639112768506685, 0.7139137719238513, 0.003009358207489688], [0.6959226195173719, 0.13408340637578975, 0.12230731615411874, 0.015916141346107766, 0.028754776848817304, 0.0030157397577946087], [0.5870963918884397, 0.1701591898037628, 0.18125919939027185, 0.024824097820165432, 0.03364340168399278, 0.0030177194133675267], [0.07258505882846077, 0.19936413314555268, 0.24489682861711756, 0.021696798734425368, 0.45845089979805415, 0.0030062808763893158], [0.10182718152959014, 0.1925521920197262, 0.2531509298570256, 0.0237518269541188, 0.4257128082886603, 0.003005061350878876], [0.07264582322953012, 0.19807096997767842, 0.23568474212717266, 0.02154958812922602, 0.4690382292719783, 0.0030106472644144786], [0.6064754533645741, 0.16300449282443727, 0.17253608943974744, 0.0206023997599042, 0.034378049031788496, 0.0030035155795485285], [0.06268973787193573, 0.14282658667918843, 0.13515079242047173, 0.017810391244786478, 0.6384848113017207, 0.003037680481896898], [0.6791519566629336, 0.13358315730916723, 0.1342103052428774, 0.01732902083084133, 0.032690610247298885, 0.0030349497068816174], [0.6183026090007534, 0.16720561158491248, 0.15748967865891444, 0.02024221643624094, 0.03375329927111514, 0.0030065850480637145], [0.07296589141905853, 0.1738169747360024, 0.2126116645008264, 0.019836345345658365, 0.5177644733969587, 0.0030046506014955493], [0.6102987528720865, 0.16431915407499376, 0.17237421568523126, 0.019127653058451557, 0.03087508214752372, 0.003005142161713259], [0.05312926681817074, 0.13689222096925538, 0.14630803284131286, 0.01475875781440138, 0.6458938601449253, 0.0030178614119343882], [0.7297639176462091, 0.13741249421292012, 0.09496386789722049, 0.012704651045371601, 0.022152660374955693, 0.003002408823323042], [0.98500332438622, 0.002999335122756038, 0.002999335122756038, 0.002999335122756038, 0.002999335122756038, 0.002999335122756038]], [[0.98500332438622, 0.002999335122756038, 0.002999335122756038, 0.002999335122756038, 0.002999335122756038, 0.002999335122756038], [0.9279418961237257, 0.044718199882764036, 0.017301950123909622, 0.003350932763331482, 0.0036843273549546853, 0.003002693751314475], [0.0076117782599403935, 0.06440931899677586, 0.003003174334579592, 0.003479856338539138, 0.9184926977355855, 0.003003174334579592], [0.8982957387473257, 0.08836115985597454, 0.003005797617089594, 0.0033873581431930594, 0.003944148019327353, 0.003005797617089594], [0.011986835605081788, 0.09279554691162831, 0.003005388284571463, 0.004235687162679034, 0.884971153751468, 0.003005388284571463], [0.8106711997399658, 0.1674401913339704, 0.0030146740099807803, 0.006903767355477648, 0.008955493550624685, 0.0030146740099807803], [0.7558802734620674, 0.2121143636940836, 0.003005850254693226, 0.010896117314436628, 0.015097545020025905, 0.003005850254693226], [0.6969563220283407, 0.2614487962192899, 0.003022113297035457, 0.014391028548770902, 0.02115962660952755, 0.003022113297035457], [0.06920992306263188, 0.35576983849873256, 0.003028803624819538, 0.02281370734294082, 0.5461489238460556, 0.003028803624819538], [0.5514349496177099, 0.38224649319703813, 0.0030046920525814962, 0.0227907832188023, 0.03751838986128673, 0.0030046920525814962], [0.11932339042115477, 0.410106624911482, 0.003000184696916928, 0.03014184993321095, 0.43442776534031835, 0.003000184696916928], [0.27518816122190465, 0.5456953631395318, 0.003008736667686826, 0.03629065365509737, 0.13680834864809252, 0.003008736667686826], [0.5174364238721925, 0.38243086619342376, 0.0030030358817211985, 0.03144726888641308, 0.0626793692845282, 0.0030030358817211985], [0.5664528903522085, 0.3648632400482099, 0.0030031876384228884, 0.0227967707472289, 0.039880723575506996, 0.0030031876384228884], [0.51853584815305, 0.40498402643489445, 0.0030023394731087706, 0.025898809899982805, 0.044576636565855116, 0.0030023394731087706], [0.49270190608943276, 0.4186302700118615, 0.003002142116549675, 0.028604647068269144, 0.05405889259733725, 0.003002142116549675], [0.0874255955860512, 0.3729965148583704, 0.0030182176242520347, 0.030804769598671868, 0.5027366847084025, 0.0030182176242520347], [0.6222271903918959, 0.3109274008415537, 0.0030209507226865973, 0.021421479049144362, 0.03938202827203296, 0.0030209507226865973], [0.6778616000544617, 0.2508251241992088, 0.0030219536304216584, 0.02187356518181578, 0.04339580330367041, 0.0030219536304216584], [0.6192583093913703, 0.31042597824604784, 0.003026380045055507, 0.025467700661787326, 0.03879525161068348, 0.003026380045055507], [0.509980799699954, 0.4195385669580906, 0.00300399151756411, 0.0242640677282411, 0.04020858257858611, 0.00300399151756411], [0.5042683658237237, 0.4140924464630361, 0.0030075907970344025, 0.026506559450357015, 0.04911744666881421, 0.0030075907970344025], [0.5130807078629425, 0.42080342060257, 0.0030112227927812482, 0.022188754049411417, 0.03790467189951377, 0.0030112227927812482], [0.6172845640264608, 0.31961747125496376, 0.0030195572392723376, 0.020597946154519986, 0.036460904085510844, 0.0030195572392723376], [0.6771868127520773, 0.25745893530552344, 0.0030085785756302054, 0.020396664758195786, 0.03894043003294313, 0.0030085785756302054], [0.6873379071916933, 0.23841283434972513, 0.003021552856207019, 0.0233075067635162, 0.04489864598265141, 0.003021552856207019], [0.6137994379099843, 0.30950573796544495, 0.003027639284624551, 0.028151845632588223, 0.042487699922733484, 0.003027639284624551], [0.08161187283833468, 0.4070495143425769, 0.0030103816381927204, 0.02312742485957361, 0.4821904246831292, 0.0030103816381927204], [0.4656140059225193, 0.44678023904548464, 0.0030192149068854483, 0.02875199293049004, 0.052815332287735, 0.0030192149068854483], [0.22760990049574917, 0.626650435512854, 0.0030027351698711396, 0.03468317327103049, 0.10505102038062397, 0.0030027351698711396], [0.11411122726989226, 0.4442923222765031, 0.0030040582422461446, 0.029745692853579295, 0.4058426411155331, 0.0030040582422461446], [0.5381771877760382, 0.3863126080220793, 0.0030014642708790363, 0.024758155284101992, 0.04474912037602243, 0.0030014642708790363], [0.09403266955578468, 0.3220883516182418, 0.0030133866131762275, 0.02570632498993069, 0.5521458806096904, 0.0030133866131762275], [0.5867068769854066, 0.33521074124732564, 0.0030023495110803725, 0.025406640450164917, 0.04667104229494218, 0.0030023495110803725], [0.5105089615640759, 0.4120406755241651, 0.0030019000394871345, 0.02589468809277266, 0.04555187474001223, 0.0030019000394871345], [0.4918186602058349, 0.41834670234505045, 0.003002202755088627, 0.02926829591962169, 0.05456193601931574, 0.003002202755088627], [0.5031792314856323, 0.4317673852374907, 0.0030070822938071486, 0.02281077090244805, 0.036228447786814555, 0.0030070822938071486], [0.5728313276489607, 0.3602173034617938, 0.003006847968604648, 0.02247674361614628, 0.03846092933588999, 0.003006847968604648], [0.672508781883461, 0.13414430235389602, 0.1452956777868299, 0.016039316447950643, 0.028992101725563737, 0.0030198198022986108], [0.98500332438622, 0.002999335122756038, 0.002999335122756038, 0.002999335122756038, 0.002999335122756038, 0.002999335122756038]], [[0.98500332438622, 0.002999335122756038, 0.002999335122756038, 0.002999335122756038, 0.002999335122756038, 0.002999335122756038], [0.9270076478760323, 0.04500611857133678, 0.017646703263805203, 0.0033521007675608337, 0.003984944894763668, 0.003002484626501245], [0.9091317518955145, 0.07764475674343162, 0.003002629062535402, 0.003382458767816226, 0.003835774468166872, 0.003002629062535402], [0.8938613746636358, 0.09197019000055255, 0.0030069208088517783, 0.0037180261497646795, 0.0044365675683435265, 0.0030069208088517783], [0.8727617051113807, 0.11113217058290017, 0.0030171852066325656, 0.004497617960381173, 0.005574135932072906, 0.0030171852066325656], [0.024072401705458348, 0.17434359124101687, 0.003021007484716725, 0.00850221787286599, 0.7870397742112254, 0.003021007484716725], [0.03211566575395407, 0.22964487312632026, 0.00301565080832766, 0.011975929388934865, 0.7202322301141355, 0.00301565080832766], [0.04629118309107791, 0.3048977064341344, 0.0030232067853800653, 0.01649273256476206, 0.6262719643392655, 0.0030232067853800653], [0.06737049011907514, 0.36683465328471737, 0.003019502631955008, 0.021636289290975847, 0.5381195620413216, 0.003019502631955008], [0.5217724780395805, 0.39853994634486967, 0.003012136812885222, 0.030916146928355075, 0.042747155061424284, 0.003012136812885222], [0.5317269812162205, 0.3939061925297305, 0.003001599264869777, 0.024620192373465414, 0.04374343535084391, 0.003001599264869777], [0.4922292712811346, 0.39551884001020643, 0.003004232260147849, 0.03257614450148142, 0.07366727968688191, 0.003004232260147849], [0.08601199763905604, 0.3621008527318501, 0.0030086213706606827, 0.024784786081434102, 0.5210851208063385, 0.0030086213706606827], [0.5604965700638875, 0.3629607120655181, 0.0030013670543193706, 0.024629580839989857, 0.04591040292196577, 0.0030013670543193706], [0.11875187502867761, 0.4150520102858057, 0.0030107016807555827, 0.036154001047764624, 0.4240207102762408, 0.0030107016807555827], [0.2650585154846489, 0.5635529168507472, 0.003004027593482383, 0.03707285319354651, 0.12830765928409268, 0.003004027593482383], [0.5271686559939465, 0.3821961541319865, 0.003001667679988359, 0.028200871647135202, 0.05643098286695511, 0.003001667679988359], [0.10769468429789854, 0.3246268956461167, 0.0030079214848184196, 0.026171638998320427, 0.5354909380880275, 0.0030079214848184196], [0.6258183151683502, 0.2897198280375979, 0.003023776568556117, 0.025496702887990302, 0.05291760076894942, 0.003023776568556117], [0.5669749595304489, 0.34368620561400726, 0.0030044948655906425, 0.026902855819212566, 0.05642698930515007, 0.0030044948655906425], [0.5117114679775786, 0.39553872828755576, 0.0030040250216549938, 0.028458556947461033, 0.058283196744094656, 0.0030040250216549938], [0.2528026820946234, 0.5905703628278243, 0.003000856697898356, 0.03576311537254973, 0.1148621263092058, 0.003000856697898356], [0.5008433673026716, 0.41218288109272994, 0.003001205719367414, 0.026872302188672807, 0.05409903797719072, 0.003001205719367414], [0.5775534106968944, 0.3485769788097709, 0.0030019880158774492, 0.02321110573160742, 0.044654528729972345, 0.0030019880158774492], [0.6380673475535104, 0.283929659442627, 0.003028619659968953, 0.02373072549128313, 0.04821502819264162, 0.003028619659968953], [0.6249148307790187, 0.290972196144087, 0.0030318939833424018, 0.025973275115637587, 0.05207590999457201, 0.0030318939833424018], [0.6516939274904361, 0.27473751362704446, 0.0030107015050274476, 0.022893779746403234, 0.04465337612606138, 0.0030107015050274476], [0.5997253933384421, 0.3284226987430118, 0.003023757639584756, 0.026629646641470307, 0.03917474599790641, 0.003023757639584756], [0.5057279816271325, 0.42105939275597076, 0.003009992984080705, 0.024262985633290074, 0.0429296540154453, 0.003009992984080705], [0.47530915540976704, 0.4296629308884446, 0.003013859747824395, 0.02905497724545194, 0.0599452169606876, 0.003013859747824395], [0.07951649235675091, 0.42921395871295964, 0.0030103088673399904, 0.02312447177297896, 0.46212445942263064, 0.0030103088673399904], [0.6091528374742204, 0.31603437485821323, 0.003006309040943795, 0.023609499080762403, 0.04519067050491639, 0.003006309040943795], [0.6040267562224613, 0.31141855099390725, 0.0030052117688238204, 0.02634973502813025, 0.05219453421785356, 0.0030052117688238204], [0.5741101706934859, 0.3449589886239798, 0.003000883244231257, 0.02563917373660383, 0.049289900457467985, 0.003000883244231257], [0.48259097204203083, 0.41382035802942246, 0.0030037130783994344, 0.031728277566822796, 0.065852966204925, 0.0030037130783994344], [0.25890534795995673, 0.5745820025033208, 0.0030020555642571805, 0.03809566696328588, 0.12241287144492222, 0.0030020555642571805], [0.11915655996482821, 0.43442536158984296, 0.0030026537756848, 0.030772246495253133, 0.40964052439870596, 0.0030026537756848], [0.5288631237522007, 0.40483740742227325, 0.0030040091638828723, 0.02233971208638994, 0.0379517384113704, 0.0030040091638828723], [0.5732867712817287, 0.17518671158518495, 0.19002147298732994, 0.020895421733449993, 0.03760609697883967, 0.003003525433466875], [0.98500332438622, 0.002999335122756038, 0.002999335122756038, 0.002999335122756038, 0.002999335122756038, 0.002999335122756038]], [[0.98500332438622, 0.002999335122756038, 0.002999335122756038, 0.002999335122756038, 0.002999335122756038, 0.002999335122756038], [0.9099512450290467, 0.05417834592505724, 0.024527764979683814, 0.003444767191425401, 0.004893755730452041, 0.0030041211443349153], [0.9069669842075164, 0.07979916312871312, 0.0030031350206789786, 0.003383161258987988, 0.0038444213634246057, 0.0030031350206789786], [0.8777329047094985, 0.10608176674006994, 0.0030138962073605136, 0.0046209458187917146, 0.005536590316918892, 0.0030138962073605136], [0.8162054632501277, 0.15932829352034977, 0.003013598439050995, 0.007901399925773477, 0.010537646425647118, 0.003013598439050995], [0.7744428665409083, 0.1960244928215919, 0.003007726085420814, 0.010103864085638601, 0.013413324381019767, 0.003007726085420814], [0.68268427722227, 0.27735358292999246, 0.0030136651670137726, 0.014142962305094191, 0.019791847208615904, 0.0030136651670137726], [0.5789499951656392, 0.36986788758941136, 0.0030139433003462577, 0.01823877533947279, 0.026915455304784265, 0.0030139433003462577], [0.4815717668013386, 0.44734593338187834, 0.003019190608001495, 0.024793367268848274, 0.040250551331931825, 0.003019190608001495], [0.12329033412322878, 0.4506341159657191, 0.0030064075661037104, 0.03110371529227849, 0.3889590194865662, 0.0030064075661037104], [0.5244837958720977, 0.39210927632051035, 0.003003074120923587, 0.027877555981033413, 0.049523223584511236, 0.003003074120923587], [0.5684443586311846, 0.3520994927708546, 0.0030043327632921835, 0.02541174644264614, 0.04803573662873028, 0.0030043327632921835], [0.09878602689448382, 0.3245417313566542, 0.0030109291343751302, 0.025205913088754053, 0.5454444703913577, 0.0030109291343751302], [0.5962405990887989, 0.32990505438465856, 0.0030072647489797653, 0.02373196442113505, 0.0441078526074481, 0.0030072647489797653], [0.08023669007327505, 0.38991547211449124, 0.0030090681585170386, 0.023312428296848004, 0.5005172731983517, 0.0030090681585170386], [0.5116356014245848, 0.39698659828017885, 0.0030081661150451605, 0.027250943505446483, 0.058110524559699624, 0.0030081661150451605], [0.5590685099484729, 0.3647115362638856, 0.003003070859470862, 0.024643152179324498, 0.04557065988937527, 0.003003070859470862], [0.6280374873972416, 0.28487253966364495, 0.003026693535383809, 0.030177427601762903, 0.050859158266582945, 0.003026693535383809], [0.6622551028496857, 0.24932560643937618, 0.0030193881374625765, 0.025215935186987733, 0.0571645792490252, 0.0030193881374625765], [0.6346523851721383, 0.2864314293556175, 0.0030270195760553334, 0.023710465879441332, 0.049151680440692305, 0.0030270195760553334], [0.5287063348693141, 0.3924537147454368, 0.0030006520568772034, 0.02447164158046714, 0.048367004691027546, 0.0030006520568772034], [0.11937593558118763, 0.4074341908746203, 0.0030000086545827424, 0.02840960547437744, 0.43878025076064925, 0.0030000086545827424], [0.08587530892042405, 0.3937918237771996, 0.0030189006747098407, 0.028630540537658965, 0.48566452541529764, 0.0030189006747098407], [0.62047906737251, 0.30768579836324256, 0.0030199389090327625, 0.021905962728754218, 0.04388929371742774, 0.0030199389090327625], [0.6211736387224223, 0.299196225515968, 0.003020764046118463, 0.02432770705194412, 0.04926090061742871, 0.003020764046118463], [0.6281344078635407, 0.28863830975921845, 0.0030186422380873196, 0.025206886801904214, 0.05198311109916197, 0.0030186422380873196], [0.09339411306183074, 0.2726893721893869, 0.0030276968777436042, 0.022775419125422545, 0.6050857018678726, 0.0030276968777436042], [0.08543159825376916, 0.27708815141389487, 0.0030100541762181007, 0.020703221705272758, 0.6107569202746269, 0.0030100541762181007], [0.60420621790068, 0.31896599495552685, 0.0030051193787155282, 0.023645970899060495, 0.04717157748730175, 0.0030051193787155282], [0.5634572754202293, 0.35217215019567466, 0.003000140696878376, 0.025967199793741087, 0.052403093196598256, 0.003000140696878376], [0.6230285728288634, 0.3076931113041486, 0.0030210393827536175, 0.020924392683212483, 0.0423118444182683, 0.0030210393827536175], [0.6932285868865027, 0.2381102090729712, 0.0030151130306310015, 0.021109509185126035, 0.04152146879413825, 0.0030151130306310015], [0.7023089332657501, 0.2307385054968625, 0.0030116482934562515, 0.020511894772279368, 0.04041736987819568, 0.0030116482934562515], [0.6223553076941577, 0.3036297078772414, 0.0030096886219815404, 0.023840801036230395, 0.044154806148407374, 0.0030096886219815404], [0.5306794065983419, 0.3928217007916358, 0.003003567341931239, 0.025099030555001435, 0.045392727371158445, 0.003003567341931239], [0.4743001714445507, 0.4312840908809944, 0.0030049428551196097, 0.02954080204718977, 0.05886504991702583, 0.0030049428551196097], [0.4813937104027915, 0.4456868132883291, 0.0030079443911571087, 0.024826070336867324, 0.04207751718969779, 0.0030079443911571087], [0.07883807796812126, 0.4026862737413806, 0.0030105448653360684, 0.02508701250796092, 0.4873675460518649, 0.0030105448653360684], [0.06816461186271791, 0.18761911805599477, 0.1959932987999059, 0.020710271877494885, 0.5245067085379577, 0.0030059908659289705], [0.98500332438622, 0.002999335122756038, 0.002999335122756038, 0.002999335122756038, 0.002999335122756038, 0.002999335122756038]], [[0.98500332438622, 0.002999335122756038, 0.002999335122756038, 0.002999335122756038, 0.002999335122756038, 0.002999335122756038], [0.010794160486626217, 0.05273979161939262, 0.023020104951269514, 0.0031797927006948228, 0.907260126964468, 0.003006023277548896], [0.011101104540712888, 0.09753852079480385, 0.0030076432595754436, 0.003914650694173756, 0.8814304374511586, 0.0030076432595754436], [0.8344114139899473, 0.14350844207586816, 0.0030198614217368204, 0.0068302901379268055, 0.009210130952783986, 0.0030198614217368204], [0.8012357552967806, 0.1696548696410449, 0.0030084139096946427, 0.00979470943010496, 0.013297837812680246, 0.0030084139096946427], [0.7377998178010929, 0.2222023046854328, 0.0030073996482456924, 0.013872758720162434, 0.02011031949682039, 0.0030073996482456924], [0.640528345291667, 0.31572949051418425, 0.0030355285900248354, 0.015507116053016221, 0.022163990961082812, 0.0030355285900248354], [0.06431710654694874, 0.41805178636660717, 0.0030199330073213326, 0.021454349984512164, 0.49013689108728925, 0.0030199330073213326], [0.4632852287701296, 0.45309963078789156, 0.003021407492917681, 0.027495780785726714, 0.05007654467041684, 0.003021407492917681], [0.24950339504022354, 0.5837508150339763, 0.0030094236730026113, 0.04363667177492992, 0.117090270804865, 0.0030094236730026113], [0.133604090616885, 0.4355196407490643, 0.0030047357104806996, 0.03085158079103794, 0.3940152164220513, 0.0030047357104806996], [0.5738767359355467, 0.34690224384354335, 0.003005465246590813, 0.025793304437042756, 0.04741678529068573, 0.003005465246590813], [0.6303815705148232, 0.29097221640135706, 0.003012153237475196, 0.0243997935958431, 0.048222113013026244, 0.003012153237475196], [0.6937317325671837, 0.24038844162596357, 0.003018307424046474, 0.020896804964246108, 0.038946405994513725, 0.003018307424046474], [0.6486499476999612, 0.29173705239970377, 0.003015074624159705, 0.019413729111001584, 0.03416912154101398, 0.003015074624159705], [0.08292626558683915, 0.336124964259177, 0.0030267531647405217, 0.02321451737029645, 0.5516807464542064, 0.0030267531647405217], [0.6396102796956739, 0.2895158446696578, 0.003015300313489347, 0.02272792071369, 0.04211535429399961, 0.003015300313489347], [0.6737431015701946, 0.2417300528841321, 0.0030203850217178957, 0.03088213935165623, 0.047603936150581394, 0.0030203850217178957], [0.661663924864741, 0.25906094100241334, 0.0030252432052409947, 0.023661605004520372, 0.04956304271784337, 0.0030252432052409947], [0.6878618037592362, 0.2389423046202855, 0.003007385602898497, 0.022061469649344995, 0.045119650765336285, 0.003007385602898497], [0.6494304476387203, 0.27726346355907555, 0.0030190045090925767, 0.02234200268393077, 0.044926077100088384, 0.0030190045090925767], [0.09560342559014538, 0.3459246633309736, 0.003015985986225491, 0.024260012441178726, 0.5281799266652513, 0.003015985986225491], [0.6351136238216224, 0.29076508691133807, 0.0030314358357699358, 0.02580719051198155, 0.042251227083518035, 0.0030314358357699358], [0.08861375668361529, 0.31466452926606725, 0.0030339495305740376, 0.021922488287265274, 0.5687313267019042, 0.0030339495305740376], [0.6009585582445797, 0.3252267632807705, 0.0030127402516903217, 0.02302303081142238, 0.04476616715984689, 0.0030127402516903217], [0.5858379964526216, 0.3251420318631321, 0.0030008205293458293, 0.026320709751015067, 0.056697620874539695, 0.0030008205293458293], [0.09159370208358589, 0.3023690900989997, 0.0030475896611987605, 0.027094561749970325, 0.5728474667450466, 0.0030475896611987605], [0.646052576463968, 0.2769483254745788, 0.003025678246722442, 0.022698440472326116, 0.04824930109568226, 0.003025678246722442], [0.6216984974266797, 0.2875082614666718, 0.00302355726094644, 0.02677955759328449, 0.05796656899147126, 0.00302355726094644], [0.0029993351227560394, 0.0029993351227560394, 0.0029993351227560394, 0.0029993351227560394, 0.0029993351227560394, 0.9850033243862198], [0.6489153596584113, 0.26594215180569425, 0.0030363839210724632, 0.025858388732975968, 0.05321133196077355, 0.0030363839210724632], [0.06998815588061982, 0.20288619489013118, 0.003001314890140078, 0.017158086648690216, 0.7039649328002786, 0.003001314890140078], [0.7320328382324194, 0.20599194595454576, 0.0030009600450968403, 0.019639244821521067, 0.0363340509013201, 0.0030009600450968403], [0.07191937947980029, 0.24377447308760847, 0.0030127622826334093, 0.019324094098241627, 0.6589565287690828, 0.0030127622826334093], [0.5826231033445499, 0.3469253578652456, 0.0030080024525494806, 0.022548864851963595, 0.0418866690331419, 0.0030080024525494806], [0.08602382073873016, 0.40789341203940616, 0.0030075580421274326, 0.024457199577757865, 0.4756104515598511, 0.0030075580421274326], [0.47994912943745427, 0.44673142475323724, 0.003008128722277089, 0.02491664437127406, 0.04238654399348012, 0.003008128722277089], [0.43079942892754863, 0.476391745432139, 0.0030187285852722114, 0.029221121660769848, 0.05755024680899808, 0.0030187285852722114], [0.4970391355348119, 0.1950388733700816, 0.24533989385958208, 0.022442887121310873, 0.03712258800161294, 0.0030166221126006402], [0.98500332438622, 0.002999335122756038, 0.002999335122756038, 0.002999335122756038, 0.002999335122756038, 0.002999335122756038]], [[0.98500332438622, 0.002999335122756038, 0.002999335122756038, 0.002999335122756038, 0.002999335122756038, 0.002999335122756038], [0.013036864261467043, 0.05984161097698499, 0.031639875525017104, 0.0038828685209920293, 0.8885858143289894, 0.003012966386549443], [0.8750377558614167, 0.10889096755776793, 0.003015707799258701, 0.0045665998737145575, 0.005473261108583393, 0.003015707799258701], [0.8174674131502014, 0.15657974030440494, 0.0030129056095551583, 0.008554537746797736, 0.011372497579485651, 0.0030129056095551583], [0.7922787263043656, 0.1741740322383392, 0.0030052940710478386, 0.011490309020081935, 0.016046344295117594, 0.0030052940710478386], [0.7702240692230469, 0.19565477204148868, 0.003005082734108013, 0.011705611698645084, 0.016405381568603366, 0.003005082734108013], [0.04390500479104463, 0.2534544807052712, 0.0030172769231047464, 0.015589283144035185, 0.6810166775134395, 0.0030172769231047464], [0.05323193368153577, 0.3568376061365806, 0.003052766712455801, 0.023727648953735806, 0.5600972778032363, 0.003052766712455801], [0.06706766311558857, 0.4741839454694353, 0.003021790410265738, 0.022034667476571197, 0.43067014311787355, 0.003021790410265738], [0.4657680165353482, 0.4522979725531035, 0.003020973058537227, 0.027490864278636035, 0.04840120051583785, 0.003020973058537227], [0.5129443656828466, 0.42123282242777216, 0.0030115346785849787, 0.022742881012410985, 0.037056861519800414, 0.0030115346785849787], [0.6131309970224669, 0.3209488240507455, 0.0030085459926007703, 0.021846216321509522, 0.0380568706200766, 0.0030085459926007703], [0.7143566043702331, 0.22632258883134987, 0.0030079646156053936, 0.019297321755755353, 0.03400755581145083, 0.0030079646156053936], [0.7593254572330936, 0.18954323656714367, 0.0030007627687231643, 0.016857625003648274, 0.028272155658668106, 0.0030007627687231643], [0.7316217069304088, 0.21371555123671507, 0.003005558672270376, 0.01803091354776137, 0.030620710940574093, 0.003005558672270376], [0.6577433669985414, 0.27805862719696, 0.0030384842948971624, 0.021019384838020964, 0.03710165237668332, 0.0030384842948971624], [0.6801912737510168, 0.25512720029621355, 0.0030212055619463557, 0.020003962596447846, 0.03863515223242903, 0.0030212055619463557], [0.6479573229361393, 0.2843761152808324, 0.0030185454728128528, 0.021300173682607504, 0.04032929715479522, 0.0030185454728128528], [0.5907641376000581, 0.3298698340867603, 0.0030096262738386714, 0.02471829948954638, 0.04862847627595795, 0.0030096262738386714], [0.08510064055278463, 0.2740011016565845, 0.0030409660227533808, 0.021095444256274323, 0.61372088148885, 0.0030409660227533808], [0.682702452197081, 0.24241590557154258, 0.003020001100308171, 0.022165931199638625, 0.0466757088311215, 0.003020001100308171], [0.6413896370435054, 0.2766995625776763, 0.003031191415766788, 0.02388031803231967, 0.05196809951496511, 0.003031191415766788], [0.6135382327926832, 0.3046472207333487, 0.003017826595267229, 0.025086970448011007, 0.05069192283542273, 0.003017826595267229], [0.5631689614993848, 0.34073108423134085, 0.003004951928542894, 0.02755882463450626, 0.06253122577768244, 0.003004951928542894], [0.5445323144240086, 0.3632937111366007, 0.0030001695358504734, 0.02756718680000342, 0.05860644856768645, 0.0030001695358504734], [0.314611119508153, 0.5003734867475724, 0.0030465769539499876, 0.03622902031036188, 0.1426932195260128, 0.0030465769539499876], [0.5500447618081056, 0.35445145256975863, 0.003001368700704383, 0.02686943385120673, 0.0626316143695203, 0.003001368700704383], [0.6164426112446568, 0.30694566166282844, 0.003025818098769456, 0.02305387122380036, 0.04750621967117556, 0.003025818098769456], [0.5941748788436364, 0.31884119087123697, 0.00301147720442401, 0.02600724506643049, 0.054953730809848195, 0.00301147720442401], [0.0029993351227560394, 0.0029993351227560394, 0.0029993351227560394, 0.0029993351227560394, 0.0029993351227560394, 0.9850033243862198], [0.0029993351227560394, 0.0029993351227560394, 0.0029993351227560394, 0.0029993351227560394, 0.0029993351227560394, 0.9850033243862198], [0.6850606120760874, 0.23118677616100614, 0.003086389995980951, 0.02491223214429975, 0.05269684962627051, 0.003057139996355241], [0.0029993351227560394, 0.0029993351227560394, 0.0029993351227560394, 0.0029993351227560394, 0.0029993351227560394, 0.9850033243862198], [0.0745374097188164, 0.23895145701220913, 0.0030028763462873094, 0.019716737016354992, 0.6607886435600449, 0.0030028763462873094], [0.08045695650612433, 0.3311473218816669, 0.003031230080315241, 0.021634388066313997, 0.5606988733852643, 0.003031230080315241], [0.5429555081577097, 0.3891259392700633, 0.0030047235650073737, 0.02227306190797063, 0.039636043534241494, 0.0030047235650073737], [0.46026653055480343, 0.45092868304614214, 0.0030211211935900137, 0.02821269603281137, 0.0545498479790631, 0.0030211211935900137], [0.24601843315216806, 0.6026969247622318, 0.0030021087066648368, 0.03668922461823705, 0.10859120005403347, 0.0030021087066648368], [0.46245427316057597, 0.20295953690406604, 0.2541767431955112, 0.02587177784898521, 0.05152497172280705, 0.003012697168054624], [0.98500332438622, 0.002999335122756038, 0.002999335122756038, 0.002999335122756038, 0.002999335122756038, 0.002999335122756038]], [[0.98500332438622, 0.002999335122756038, 0.002999335122756038, 0.002999335122756038, 0.002999335122756038, 0.002999335122756038], [0.015184032832771475, 0.06962079767810578, 0.03652796172501529, 0.00454663385090904, 0.8710960854359637, 0.003024488477234708], [0.023323922619941012, 0.1635689838219527, 0.003024146987371129, 0.007961017065190859, 0.7990977825181732, 0.003024146987371129], [0.7907341780323893, 0.1800162318646624, 0.003012029884450393, 0.00968049186641818, 0.013545038467629325, 0.003012029884450393], [0.7960530528381548, 0.17286107389425426, 0.0030067966494001204, 0.010521054959759834, 0.014551225009030945, 0.0030067966494001204], [0.03781765186934208, 0.19047208438197058, 0.003007572963298939, 0.012511101310044502, 0.753184016512045, 0.003007572963298939], [0.7418738690576747, 0.21831260440690956, 0.0030023329454864247, 0.013954400173572738, 0.019854460470870076, 0.0030023329454864247], [0.6676782704455216, 0.28793507353901493, 0.003017045321718464, 0.015601278745598489, 0.022751286626428092, 0.003017045321718464], [0.05132225760681548, 0.3570808715500011, 0.003046742639930226, 0.01852034613839842, 0.5669830394249246, 0.003046742639930226], [0.06515391811102118, 0.4159561475469792, 0.0030193081135414983, 0.02196373643369205, 0.4908875816812246, 0.0030193081135414983], [0.6141174833787967, 0.3343055440210315, 0.0030219791850659232, 0.017745290620947776, 0.027787723609092093, 0.0030219791850659232], [0.699453955356086, 0.25103799087781037, 0.003004449415831203, 0.016478696022974037, 0.027020458911467215, 0.003004449415831203], [0.778309346055669, 0.17980182283011886, 0.003001566146248236, 0.014074842299557105, 0.021810856522158396, 0.003001566146248236], [0.7843821709851394, 0.17278343755737413, 0.003005020991931286, 0.01421361541685862, 0.022610734056765246, 0.003005020991931286], [0.050742265001827776, 0.19303335153674642, 0.0030028920799108076, 0.014054703380881379, 0.7361638959207228, 0.0030028920799108076], [0.06794976009059558, 0.23779615915264524, 0.003009750783669015, 0.018830423885364416, 0.6694041553040567, 0.003009750783669015], [0.6366680165032043, 0.3041781847059081, 0.003016146775284352, 0.01907067131913359, 0.03405083392118533, 0.003016146775284352], [0.5363071474888657, 0.3958524383037459, 0.003005691094123581, 0.02260142330625976, 0.039227608712881556, 0.003005691094123581], [0.11662814389814788, 0.4167799292795348, 0.00300509521371811, 0.029137649853871427, 0.43144408654100974, 0.00300509521371811], [0.5433595137780309, 0.3797817254669756, 0.003001940720594289, 0.02509872002478146, 0.045756159289023435, 0.003001940720594289], [0.09630439046953307, 0.28986937999549944, 0.003043030890133757, 0.023238110948285432, 0.5845020568064145, 0.003043030890133757], [0.6238593250639628, 0.2819144618846472, 0.0030128391590913597, 0.026819572276800072, 0.06138096245640728, 0.0030128391590913597], [0.5984867055672759, 0.297267163820749, 0.003008467617539596, 0.02899276066704881, 0.06923643470984708, 0.003008467617539596], [0.36268905850455, 0.42495756011593944, 0.003067833044539728, 0.03709881627302094, 0.1691188990174102, 0.003067833044539728], [0.536549017566249, 0.3692099140495791, 0.00300077365808734, 0.0276575445470962, 0.060581976520901075, 0.00300077365808734], [0.5121287708757489, 0.3931962008710246, 0.003000681395291863, 0.02741575600365967, 0.061257909458983094, 0.003000681395291863], [0.5219367799119751, 0.38649535175294564, 0.0030008740159263927, 0.027196333842831866, 0.058369786460394646, 0.0030008740159263927], [0.54923504