{"prediction": [[[0.9498243914059921, 0.010800524618219124, 0.0075948186869834134, 0.005429095595289778, 0.023000686533955466, 0.0033504831595600267], [0.9177993061823027, 0.019998630145390953, 0.016243625589140883, 0.012897259925782225, 0.02567052688888211, 0.0073906512685010745], [0.9143785254462401, 0.020452275885309013, 0.015264780101324345, 0.013437419794517937, 0.027785575981152253, 0.008681422791456214], [0.9100536332162131, 0.02126821946834254, 0.013664379149133528, 0.013680991683072994, 0.032104248673933126, 0.00922852780930461], [0.9040403018901888, 0.02197677936890369, 0.017173326517662603, 0.017147648510088476, 0.027479497308913477, 0.012182446404242882], [0.913584950708842, 0.018974875902690393, 0.014425817868722834, 0.013899677639743972, 0.02967572662009239, 0.009438951259908325], [0.9225588903417622, 0.016975040951918173, 0.012234384317296556, 0.0109626037253152, 0.02994659639449372, 0.00732248426921417], [0.933683407834099, 0.013669950114540811, 0.011946599888738965, 0.009213721984223882, 0.02563224252492147, 0.005854077653475958], [0.927798235316432, 0.01693705494280951, 0.011408073578064103, 0.00990301902927681, 0.0276133751221982, 0.006340242011219379], [0.916932104436392, 0.016670109719864306, 0.011977704900642004, 0.010585472341183714, 0.036359083860720814, 0.007475524741197268], [0.9104685606007566, 0.01823828311019385, 0.014057877291622963, 0.012675786368195335, 0.03512198375969521, 0.009437508869536008], [0.9022646979287429, 0.02103364795248203, 0.014143116302297662, 0.013664666055443387, 0.039748502684135684, 0.009145369076898406], [0.9059984933742709, 0.02182119632099142, 0.012218957176510451, 0.013518211183454757, 0.03736579291657976, 0.009077349028192768], [0.9039421244511637, 0.02322941670981756, 0.01256452798751943, 0.014892940585088478, 0.03615824333224477, 0.009212746934166002], [0.9196653246458862, 0.019096750745043887, 0.011169776148064867, 0.010736064173898576, 0.03276206439092831, 0.006570019896178103], [0.9195968322921105, 0.016499461054821866, 0.01101976392063918, 0.008937235781044075, 0.03809424196279729, 0.005852464988586873], [0.9115783712725478, 0.01920649647368605, 0.012923660760553348, 0.010309079376264962, 0.03968468043031888, 0.006297711686628782], [0.9189718648940437, 0.019255754623776038, 0.012246254749454545, 0.011617645695943398, 0.03076033670026251, 0.00714814333651989], [0.9201352341206115, 0.0190325436105858, 0.011335276234050062, 0.010421572507302442, 0.032895646624008894, 0.0061797269034411986], [0.9158196170456906, 0.017580299268390828, 0.01158428392462579, 0.010920117247328753, 0.037230051277178065, 0.006865631236786111], [0.9242675891172636, 0.01837375155406526, 0.012564608231455195, 0.010499574108205222, 0.02824528070153089, 0.006049196287479794], [0.9151258919928363, 0.02164072529543846, 0.013003457368975105, 0.011275733402347608, 0.03254562623755222, 0.006408565702850333], [0.9226290247505381, 0.017565714757319027, 0.012335519871475329, 0.008749751073919437, 0.033190964613681956, 0.005529024933066159], [0.9358478092748346, 0.015079036013651334, 0.009879154526082524, 0.005811606633991277, 0.02973718016561582, 0.0036452133858244818], [0.9303273235161506, 0.01477302127887902, 0.010414819286100347, 0.006621238175265573, 0.03386225335475987, 0.004001344388844632], [0.9139843238734567, 0.020017840319980988, 0.012956919967512847, 0.009687900533042032, 0.03782230340534292, 0.00553071190066459], [0.9190787212837204, 0.017985353239208732, 0.012230738541435191, 0.010233686982530556, 0.03444216289879303, 0.00602933705431222], [0.9219281212565895, 0.020602504400755547, 0.011316455060080409, 0.010165952714774057, 0.030316001702840652, 0.005670964864959881], [0.927530070843432, 0.020024478123369008, 0.009757783204627878, 0.010023477726507378, 0.026555784774372284, 0.006108405327691522], [0.9295278714365299, 0.018741329208668393, 0.010565604369809408, 0.00995409258724652, 0.024866221547190148, 0.006344880850555513], [0.9367666295594781, 0.018070122566191955, 0.009308797191399517, 0.007369615849504324, 0.02439297603618651, 0.004091858797239496], [0.9472124622520709, 0.013943449576658103, 0.007096126337756358, 0.004136348673761303, 0.024192369176610287, 0.0034192439831431136], [0.9267151932635213, 0.01846528865659622, 0.00947307836685172, 0.0065573759061666815, 0.034885074120881605, 0.0039039896859825165], [0.9373203483024244, 0.01390849898926551, 0.008447177099656923, 0.006397610721743958, 0.03028519202869425, 0.003641172858214928], [0.928732677752944, 0.01768511617697095, 0.0102101551434701, 0.009136221035889156, 0.028933744800756542, 0.005302085089969225], [0.9133752320102106, 0.02177937922023997, 0.012083778122508677, 0.012424889113954115, 0.03255667668091149, 0.007780044852175163], [0.9095885124563295, 0.023160354644503996, 0.013553419511515435, 0.013326790601934594, 0.03209241474973251, 0.00827850803598394], [0.922880852685889, 0.021448204523389896, 0.010664702576246488, 0.009583842722425176, 0.03011512080692968, 0.005307276685119682], [0.9164145355370735, 0.022893666531806748, 0.013000424462228209, 0.008281643496758811, 0.0352214343427796, 0.004188295629352885], [0.9503151515267888, 0.011568996932375473, 0.008611763377522057, 0.005702388399382383, 0.020383792417029034, 0.003417907346902278]], [[0.9309231718119371, 0.016611309454573144, 0.012947403957115695, 0.009416150485585155, 0.024572947012922522, 0.005529017277866382], [0.9369909935364836, 0.0286324227668375, 0.014979303364597681, 0.0042358544902301445, 0.0121415429709734, 0.003019882870877728], [0.8760213840756027, 0.030237723579474015, 0.021633778437345322, 0.019066474254200955, 0.03975568011107076, 0.01328495954230629], [0.8693568559098656, 0.032756010947971585, 0.021203517725538537, 0.023653965235367152, 0.0354885630687194, 0.01754108711253795], [0.8733023747253977, 0.0307810334203835, 0.022973418644407367, 0.023498072310754906, 0.032406744406066085, 0.017038356492990448], [0.8775131388009345, 0.028643343951835293, 0.023878127559310135, 0.02218254562985001, 0.03241426433694566, 0.015368579721124452], [0.8990988326050422, 0.037828686597907425, 0.02681517657479648, 0.005751301865936672, 0.027444749601540103, 0.003061252754777164], [0.9340775874256322, 0.02294195732555004, 0.02114805142495005, 0.004226507317588626, 0.014592691377074881, 0.0030132051292042286], [0.9419503659285379, 0.020559737914747984, 0.020165395282871743, 0.0042368491031732165, 0.010066255477081764, 0.0030213962935875154], [0.04059430884136289, 0.02055796177301293, 0.019517981077590504, 0.004214511666210166, 0.9120956858135124, 0.0030195508283111304], [0.9350865591981773, 0.02391551236756791, 0.022514860828222575, 0.004226375841873835, 0.011243753648329849, 0.003012938115828619], [0.04152506440725428, 0.019899464989254947, 0.02000720360586708, 0.004215656489685116, 0.9113323128524942, 0.003020297655444459], [0.9344588139104405, 0.02211958829253211, 0.021647024890285617, 0.004227445643647133, 0.01453357172036488, 0.0030135555427297125], [0.9443053052544084, 0.021907668927970046, 0.016344291189225615, 0.0042429532692172, 0.01017421039976538, 0.003025570959413464], [0.9334336645047061, 0.024564965789475496, 0.021673527164354535, 0.00422438036586398, 0.013091809606065765, 0.0030116525695340407], [0.9440618527661099, 0.023906289238730623, 0.01639874032914812, 0.004243052249689977, 0.008364117383208318, 0.003025948033113081], [0.013509101907340521, 0.012313691694662182, 0.007701467961429983, 0.003006682184066202, 0.9604623740684349, 0.003006682184066202], [0.9639831746179642, 0.01655746495595918, 0.009687408468594661, 0.0030001605476178217, 0.0037716308622462334, 0.0030001605476178217], [0.9634648833261505, 0.01598894820474882, 0.009635884912854857, 0.003000468127202581, 0.004909347301840625, 0.003000468127202581], [0.9387086401698909, 0.025001507838623725, 0.019327988896047782, 0.004232431073210437, 0.009711452045648954, 0.003017979976578095], [0.9350466464507512, 0.025518235793547023, 0.02226605040417093, 0.004226188289110273, 0.00992953289346119, 0.0030133461689594155], [0.03227451200544215, 0.02062398017880176, 0.018084112189959794, 0.004215874603018145, 0.9217804247001962, 0.003021096322582015], [0.9598469143136135, 0.017857128809225728, 0.011884325586613391, 0.003001193253178994, 0.004409244784189333, 0.003001193253178994], [0.9643815585229665, 0.018022414658834328, 0.008017340520500843, 0.003001701915166919, 0.003575282467364523, 0.003001701915166919], [0.962217309851854, 0.01923250399727591, 0.009056543266451078, 0.0030020270828459766, 0.003489588718726817, 0.0030020270828459766], [0.9652513495855976, 0.01672552615888715, 0.007984307552909723, 0.0030010519215629894, 0.00403671285947969, 0.0030010519215629894], [0.8751303530515462, 0.02860595236140006, 0.023344161503728693, 0.016408228193975635, 0.046662135593514086, 0.009849169295835413], [0.033220899799845896, 0.017374237141084763, 0.014073985329814454, 0.004151830486747438, 0.928149256895775, 0.0030297903467324696], [0.026327096005977876, 0.01760812327877698, 0.016356569665017986, 0.004150513895963931, 0.9325287362533512, 0.0030289609009120214], [0.9729993554650525, 0.011687493115395065, 0.005877006037643831, 0.0030043680299291333, 0.0034274093220504494, 0.0030043680299291333], [0.009029930335711341, 0.008578863947761249, 0.005663933563926486, 0.0030058853717713765, 0.9707155014090583, 0.0030058853717713765], [0.9224065702032946, 0.021075590377666167, 0.009086700439334603, 0.004188817777525802, 0.0391125136218122, 0.004129807580366663], [0.010892609632706138, 0.010421722724973919, 0.005664661146191365, 0.003005462150912621, 0.9670100821943034, 0.003005462150912621], [0.9495509854708901, 0.021974240588239487, 0.013901500652511755, 0.004173613232936277, 0.007368382873468737, 0.003031277181953623], [0.9511700463928078, 0.02028278258277874, 0.013282572258637802, 0.004177101141882589, 0.008054057984016922, 0.0030334396398760317], [0.9191929204179771, 0.028695136249861284, 0.02900212476709299, 0.0041376661524895435, 0.01597088043068021, 0.003001271981898872], [0.038530725614028406, 0.024298775620180846, 0.018732851343470677, 0.004131949900068691, 0.9112918257261217, 0.0030138717961297134], [0.9393822489270313, 0.026418725131984525, 0.019500233243340753, 0.004155528773290129, 0.00752582768657521, 0.0030174362377781722], [0.010546482431813308, 0.013047306297951257, 0.008684644879518682, 0.0030013207596600693, 0.9617189248713967, 0.0030013207596600693], [0.9386173667725848, 0.01714022248709194, 0.010335906670740216, 0.006987243323731383, 0.02325373573616172, 0.003665525009690001]], [[0.9172177670073652, 0.017855848264971035, 0.011613958156192867, 0.010628170157473239, 0.03540425171790069, 0.007280004696097069], [0.9041383088340348, 0.03502888591478498, 0.034611913565069596, 0.005367150133151405, 0.017852325150566242, 0.003001416402393124], [0.8614264764922192, 0.05056751558834403, 0.05232528386322135, 0.008581335253425542, 0.02403993919670292, 0.0030594496060870153], [0.8093398631053276, 0.05735463873967505, 0.07414359322050484, 0.01141364366099985, 0.04473713174040804, 0.003011129533084725], [0.11950212848233419, 0.07338032140002933, 0.10320289461431378, 0.016956073910479624, 0.682037208744941, 0.004921372847902227], [0.8035803602313232, 0.05839503220159987, 0.06698577241688682, 0.012374621926353689, 0.05563401210324017, 0.003030201120596077], [0.8650583293243946, 0.03187011170992012, 0.023057990813733345, 0.025852930830660842, 0.034959127492139884, 0.019201509829151055], [0.8717024615341147, 0.028495190572112358, 0.021864083974943976, 0.023013914782301973, 0.037134675628995084, 0.017789673507531936], [0.9224977083294741, 0.025000800266305627, 0.02270581719228139, 0.004231049047805203, 0.022550358922468174, 0.0030142662416655416], [0.15109650575042574, 0.0855828721623636, 0.032198209920845065, 0.033502304877067256, 0.20782361228261456, 0.4897964950066838], [0.9210661407876188, 0.049571160846131467, 0.0030108755214301665, 0.004881389050432339, 0.01845955827295701, 0.0030108755214301665], [0.9139779829567294, 0.054382011814616486, 0.0030060941469762757, 0.0048749142307878655, 0.020752902703913778, 0.0030060941469762757], [0.9209322863949208, 0.04958241567933896, 0.0030108044635379486, 0.004880155865713859, 0.018583533132950473, 0.0030108044635379486], [0.9122382425003952, 0.057404550137836415, 0.003004313353095813, 0.004870689679721736, 0.01947789097585506, 0.003004313353095813], [0.9095263521939214, 0.058621953375799174, 0.0030034800998114146, 0.004869429278609371, 0.0209753049520471, 0.0030034800998114146], [0.9261774176485361, 0.04674709660560814, 0.0030155004727946007, 0.004887136780267103, 0.016157348019999317, 0.0030155004727946007], [0.9332515740836222, 0.043856121318544994, 0.0030243195025982162, 0.004900447633641884, 0.011943217958994513, 0.0030243195025982162], [0.9584487513304463, 0.02727013559634204, 0.003000910515007114, 0.003000910515007114, 0.0052783815281904544, 0.003000910515007114], [0.9250407354289087, 0.051780111514918147, 0.00301491931685045, 0.004885939501178026, 0.012263374921294158, 0.00301491931685045], [0.9205335864508116, 0.053316573485276186, 0.003009833761142306, 0.004877559735812627, 0.015252612805814978, 0.003009833761142306], [0.9180510428015293, 0.056015211504918394, 0.0030080512594105597, 0.004874849465132501, 0.01504279370959882, 0.0030080512594105597], [0.9202183288533238, 0.05352448797074813, 0.003009559557154271, 0.004877720421936337, 0.015360343639683062, 0.003009559557154271], [0.9282818217454181, 0.04866852451004888, 0.0030182286798398988, 0.0048910662719645745, 0.012122130112888652, 0.0030182286798398988], [0.9583034070774717, 0.02800005240293218, 0.00300062268447222, 0.00300062268447222, 0.004694672466179509, 0.00300062268447222], [0.9566224616262625, 0.028771539772217605, 0.0030019852769977004, 0.0030019852769977004, 0.005600042770526867, 0.0030019852769977004], [0.9208814490447995, 0.030066735450827713, 0.029399766843765635, 0.0041373854881730015, 0.012512970429704505, 0.0030016927427295036], [0.8772561039412403, 0.027580348642245088, 0.021638423423356735, 0.019718426122323777, 0.03898248996987177, 0.014824207900962364], [0.8744252411729172, 0.028426493036848993, 0.02239895281724768, 0.01891646501854402, 0.04214906848876027, 0.013683779465681679], [0.9424113022982122, 0.023206735507879207, 0.017741496005075207, 0.00415877466309798, 0.009462066833725845, 0.00301962469200936], [0.9439920075574916, 0.03577635981303054, 0.003037374086426615, 0.004832661741047661, 0.009324222715577103, 0.003037374086426615], [0.9714001761105323, 0.012352670436540042, 0.006815775444952978, 0.00300267242266908, 0.0034260331626364085, 0.00300267242266908], [0.9412254044211765, 0.016420780297189463, 0.008758739541810463, 0.004685312757099289, 0.02540255184457159, 0.003507211138152669], [0.032405530739825085, 0.01733753020850759, 0.015552698332549195, 0.004148208728042977, 0.9275288070149803, 0.0030272249760948827], [0.9297330930135351, 0.04800840058818055, 0.0030170088730338477, 0.004801025184563011, 0.011423463467653612, 0.0030170088730338477], [0.9013166335499772, 0.07039676830937308, 0.0030026031947747236, 0.004780100304579957, 0.017501291446520403, 0.0030026031947747236], [0.8596588276966856, 0.10132562650907066, 0.0030193943732997864, 0.006268554058774425, 0.026708202988869896, 0.0030193943732997864], [0.8950361559714988, 0.07737704591042094, 0.0030066361466519007, 0.004787624280497902, 0.01678590154427857, 0.0030066361466519007], [0.034174950915505424, 0.06411930695163887, 0.003006105611244311, 0.004834742923358934, 0.8908587879870082, 0.003006105611244311], [0.025670737227322212, 0.025691075066306204, 0.01981611906568825, 0.004131761994575907, 0.9216758259781007, 0.0030144806680066577], [0.9282720436800744, 0.01681981068329464, 0.011635512508580515, 0.009348585709222665, 0.02804346238841821, 0.00588058503040955]], [[0.9208727102306311, 0.01818834356396361, 0.012714468916353014, 0.01162749571131729, 0.028961639277178878, 0.007635342300556217], [0.8842331267635453, 0.039129908324599796, 0.044876756847998314, 0.006555347789579036, 0.022185868324086755, 0.0030189919501908678], [0.10113347234403322, 0.16335361769820916, 0.0030291883171242664, 0.00879404025845178, 0.7206604930650573, 0.0030291883171242664], [0.13195912405341978, 0.20643019598748405, 0.0031630595086807023, 0.012815390047296735, 0.642469170894438, 0.0031630595086807023], [0.1383626187887522, 0.19965564306945913, 0.0031614032423838384, 0.015247327589517768, 0.6404116040675034, 0.0031614032423838384], [0.49066866702768713, 0.25896113543610966, 0.0030200443359308018, 0.017819037387110034, 0.2265110714772315, 0.0030200443359308018], [0.8350414361291778, 0.0475114197040419, 0.05418726952899745, 0.00949566134319559, 0.050743979414496654, 0.0030202338800906594], [0.8710172389570616, 0.030050593414654745, 0.022017026114288088, 0.025058296238314855, 0.03283038348703548, 0.01902646178864523], [0.1464350955280495, 0.05222610780755239, 0.06783509933896521, 0.03549697548161545, 0.12724797391912765, 0.5707587479246898], [0.07662264786731808, 0.06429881587629264, 0.003043498043499658, 0.00556129844348633, 0.8474302417259036, 0.003043498043499658], [0.8912687169606884, 0.06833797927070993, 0.003007668826662433, 0.005221992732338754, 0.029155973382937874, 0.003007668826662433], [0.868324830793696, 0.08524968344552615, 0.003031461882809355, 0.006412012395307423, 0.03395054959985177, 0.003031461882809355], [0.8844207887240702, 0.0754104087533153, 0.0030081521197152547, 0.005798404478508849, 0.02835409380467521, 0.0030081521197152547], [0.05944980145239389, 0.06782124802345631, 0.0030095442040172153, 0.005224335866494519, 0.8614855262496208, 0.0030095442040172153], [0.07831789587486176, 0.09577933874692351, 0.003026025594987465, 0.006555251744697198, 0.8132954624435426, 0.003026025594987465], [0.9041246629029267, 0.06345816395369473, 0.0030018035360012923, 0.004867935938913928, 0.021545630132462065, 0.0030018035360012923], [0.9181974618057925, 0.05494644062526477, 0.003007912205244734, 0.004875640625023544, 0.01596463253342973, 0.003007912205244734], [0.9216102049060323, 0.053365046269100797, 0.0030110406863034338, 0.0048799399289864345, 0.014122727523273716, 0.0030110406863034338], [0.03968830982237222, 0.059303847869339454, 0.0030066282949792575, 0.004925091673943394, 0.8900694940443864, 0.0030066282949792575], [0.9069664565586467, 0.06474439416601514, 0.0030025130117908084, 0.004867550959266372, 0.017416572292490294, 0.0030025130117908084], [0.8592781362358316, 0.09413582470260749, 0.003021473884811505, 0.006388657639176528, 0.03415443365276136, 0.003021473884811505], [0.9083829049785369, 0.06329477909296893, 0.0030027825034521323, 0.004867342126365657, 0.01744940879522436, 0.0030027825034521323], [0.04753496725176887, 0.057960887197681894, 0.0030058960380733913, 0.0049257878498799625, 0.8835665656245225, 0.0030058960380733913], [0.9213089376546026, 0.050853001887358175, 0.003010539281720811, 0.004880429655317353, 0.016936552239280256, 0.003010539281720811], [0.9161796304790917, 0.0554678126320313, 0.0030064188182775697, 0.0048741172928538695, 0.017465601959467985, 0.0030064188182775697], [0.9135005875935246, 0.05999840240363462, 0.0030037759582342096, 0.004783356752909966, 0.015710101333462418, 0.0030037759582342096], [0.8957111273944638, 0.033226609032067665, 0.04178140280872062, 0.005757749769923977, 0.02051172290728548, 0.003011388087538397], [0.8654577754701404, 0.03219579664002866, 0.021785447817039862, 0.024444512282987177, 0.03771443642981518, 0.01840203135998871], [0.8786406591656463, 0.029271333636992265, 0.019931029625249033, 0.019693871681217657, 0.03824610118571139, 0.01421700470518345], [0.9385483815569797, 0.02302608975909831, 0.019364792315133408, 0.004152422746530844, 0.011893695217817345, 0.0030146184044403143], [0.9377767341968061, 0.04011841238563518, 0.0030271171489376246, 0.004816926650099809, 0.01123369246958369, 0.0030271171489376246], [0.9482625084912257, 0.022436477663588365, 0.013325421985661903, 0.004171802578072184, 0.008774314212764244, 0.0030294750686876283], [0.8957430398090173, 0.027713638885692587, 0.018861741792530893, 0.01545385168661475, 0.03285507307020145, 0.009372654755943172], [0.09603203976779237, 0.02963976042757157, 0.02857249320768223, 0.004822361703961919, 0.8379055543459575, 0.0030277905470344245], [0.8393287606098081, 0.11818924483428747, 0.00300959556243491, 0.006264574921486057, 0.03019822850954851, 0.00300959556243491], [0.78712979901608, 0.15792090095415767, 0.003001996553092895, 0.00880970164841032, 0.04013560527516625, 0.003001996553092895], [0.8273639110721551, 0.12235150685751524, 0.0030367250733703147, 0.006307670128985469, 0.03790346179460365, 0.0030367250733703147], [0.8877406129342645, 0.08329677454330167, 0.0030115762921037997, 0.004796510728413396, 0.01814294920981291, 0.0030115762921037997], [0.9260182663934615, 0.03207538642137188, 0.022997178594187696, 0.0041423291370630555, 0.01176095148811923, 0.0030058879657966896], [0.9246252665168004, 0.016391450551989543, 0.01121589315378793, 0.00932225063580939, 0.03279950363163044, 0.005645635509982418]], [[0.9366351780935732, 0.012532811203047334, 0.011157830910638242, 0.0077613010888640845, 0.02670793807715615, 0.005204940626721052], [0.051494224582455395, 0.032426462610343244, 0.025060712292556117, 0.0044695789522287465, 0.883530639933709, 0.003018381628707626], [0.072302752818417, 0.1170980523548175, 0.003098448220882514, 0.007091438783688342, 0.7973108596013121, 0.003098448220882514], [0.10882877076879013, 0.1683915490469494, 0.003041592552939974, 0.011129302506906075, 0.7055671925714745, 0.003041592552939974], [0.12196354863115758, 0.17839450701646628, 0.0030769421066480394, 0.013366188068308773, 0.6801218720707715, 0.0030769421066480394], [0.7697061080023625, 0.15688136455375393, 0.0030336273326337145, 0.010904636981962253, 0.05644063579665406, 0.0030336273326337145], [0.12602338521669118, 0.05544680225941319, 0.07523247423764555, 0.012887462770955902, 0.726445594064669, 0.003964281450625064], [0.8747461631323035, 0.029953798362003525, 0.020860175447629623, 0.023999582140576126, 0.031637438668513845, 0.018802842248973536], [0.87878057499965, 0.02875917543729841, 0.020178945189106408, 0.02240579089931083, 0.03217120774493318, 0.01770430572970115], [0.8996896909031571, 0.029111126792028635, 0.035900110132132575, 0.005542771807968317, 0.026739808704015797, 0.003016491660697454], [0.850036531401539, 0.09762001512604881, 0.003013524234026677, 0.007531209891620966, 0.038785195112737876, 0.003013524234026677], [0.815827452555473, 0.12101636152528042, 0.0030028027702386265, 0.008830645837419496, 0.04831993454134988, 0.0030028027702386265], [0.819392826409909, 0.11915592991545572, 0.003001449129777621, 0.009382941133856113, 0.04606540428122411, 0.003001449129777621], [0.09150523736940694, 0.12775493282561048, 0.0030007950295261768, 0.009883301870407767, 0.7648549378755225, 0.0030007950295261768], [0.8302918349474221, 0.11647767210237596, 0.003003061470999938, 0.008079141939823184, 0.03914522806837895, 0.003003061470999938], [0.08880107254742742, 0.10257133154034619, 0.0030120127357357, 0.008248179583811487, 0.7943553908569436, 0.0030120127357357], [0.9034022502386891, 0.06560157505914226, 0.003001453162413411, 0.0048690056357694085, 0.02012426274157237, 0.003001453162413411], [0.9148832859203935, 0.057829129989231114, 0.003005701496848854, 0.004872838632607518, 0.01640334246407, 0.003005701496848854], [0.8986805205342668, 0.0699757538455556, 0.0030015595556988294, 0.004868400031635372, 0.020472206477144643, 0.0030015595556988294], [0.8436359814526833, 0.10840411181849556, 0.0030096195135511654, 0.006824910314541605, 0.03511575738717738, 0.0030096195135511654], [0.8365529489404557, 0.10851484757550102, 0.00300560365773531, 0.007658109315634422, 0.041262886852938295, 0.00300560365773531], [0.09028879912668361, 0.10014471719580832, 0.0030156154613174098, 0.00693889124728771, 0.7965963615075855, 0.0030156154613174098], [0.9091151553435263, 0.05929552394837979, 0.003003163430681488, 0.00486975649166204, 0.02071323735506899, 0.003003163430681488], [0.9177162617731089, 0.051888861817711594, 0.003008302122456466, 0.004877519104355454, 0.019500753059911096, 0.003008302122456466], [0.9101781897425238, 0.059476954377934946, 0.003003257160180027, 0.0048695431456876395, 0.019468798413493325, 0.003003257160180027], [0.8846027155674324, 0.08019756175759428, 0.0030097322321940177, 0.005082760523445651, 0.02409749768713948, 0.0030097322321940177], [0.8292728629118956, 0.12179025370438142, 0.00300435670699693, 0.007121244913602602, 0.03580692505612655, 0.00300435670699693], [0.8181897033412103, 0.06286397697874165, 0.07148232363343741, 0.008803640807835586, 0.03564681458088591, 0.00301354065788909], [0.8659888153130856, 0.0473243881663289, 0.04418462558418606, 0.0074768279902483956, 0.03201249005197573, 0.0030128528941754423], [0.8908546963154894, 0.031483849356474684, 0.011439273452227847, 0.017655722572558704, 0.03741109860291081, 0.011155359700338607], [0.9285003297206993, 0.026448073355183288, 0.02255596046951216, 0.004142906639438165, 0.015346330664787397, 0.003006399150379714], [0.9343497245607726, 0.0238330297641845, 0.020847876932358702, 0.004148065088013839, 0.0138106396655414, 0.003010663989129069], [0.8832546098098518, 0.027612706429545778, 0.018547371636538735, 0.016050391739752323, 0.0432421180102006, 0.011292802374110702], [0.8696905535901648, 0.03143406898029829, 0.023103261702645386, 0.025422587555610204, 0.031760565574116745, 0.018588962597164464], [0.12527016986300818, 0.06168657492848707, 0.08566321251509337, 0.013345086968940737, 0.710004011317226, 0.004030944407244765], [0.7740507033636838, 0.16190186729866987, 0.003039622350187713, 0.010109600364260691, 0.04785858427301038, 0.003039622350187713], [0.7883417467355373, 0.1499655612398923, 0.003020926860772648, 0.010220974344726392, 0.045429863958298844, 0.003020926860772648], [0.8069242935137874, 0.14698820692233763, 0.0030061505842312267, 0.007158941834429932, 0.03291625656098273, 0.0030061505842312267], [0.904662993059454, 0.03434626276276937, 0.03269451890535537, 0.005335078716579284, 0.01995750722281908, 0.003003639333022973], [0.9298897153838386, 0.01449080258103036, 0.010920835402354926, 0.009572211561535744, 0.028862026877515053, 0.00626440819372538]], [[0.9434987221439692, 0.012530165452339639, 0.00925082718500294, 0.006993793178845125, 0.02351608328954382, 0.004210408750299346], [0.9276191001249998, 0.028640348476333063, 0.024195165539878806, 0.004218664009410341, 0.012320100673294811, 0.00300662117608333], [0.04744252196324399, 0.07984143689253159, 0.0030040566783611344, 0.004923818276607529, 0.8617841095108947, 0.0030040566783611344], [0.07532104508631667, 0.11703634707732428, 0.003107568047852606, 0.00915670887590893, 0.7922707628647448, 0.003107568047852606], [0.8058798652209149, 0.13412161175961335, 0.0030044107201832454, 0.008951934734678427, 0.04503776684442688, 0.0030044107201832454], [0.12231215703534161, 0.14715282232565494, 0.0030328803123293555, 0.011893514477621096, 0.7125757455367236, 0.0030328803123293555], [0.8169117962722856, 0.11525643795886512, 0.0030058198305525363, 0.009336122845538048, 0.05248400326220617, 0.0030058198305525363], [0.06955428931442062, 0.02977895514772434, 0.030972145633148384, 0.0057341587112788835, 0.8608918262611361, 0.003068624932291432], [0.8811374207591006, 0.027900324251757848, 0.021556156933455556, 0.021949673079553124, 0.03108234599364044, 0.01637407898249253], [0.8802433695004674, 0.04265822055175865, 0.03629579175362215, 0.007281342149294011, 0.030488501478557913, 0.0030327745662998744], [0.7981326189303938, 0.13534416569713353, 0.0030078023371426536, 0.009648578736089444, 0.05085903196209776, 0.0030078023371426536], [0.7855739461666595, 0.14501713323820972, 0.0030157888078342376, 0.010817039972142535, 0.05256030300731978, 0.0030157888078342376], [0.10760963053797255, 0.1503277298100316, 0.0030184162499768017, 0.010487042429389514, 0.7255387647226528, 0.0030184162499768017], [0.806550569231757, 0.13390712887651232, 0.003003842645202241, 0.009312707433109106, 0.04422190916821713, 0.003003842645202241], [0.8134640998709926, 0.11932651969019278, 0.0030033720670505377, 0.01044445627856959, 0.05075818002614381, 0.0030033720670505377], [0.09825862380100929, 0.10648401405467028, 0.0030091652242134697, 0.008191786885775787, 0.7810472448101177, 0.0030091652242134697], [0.862139802971138, 0.08462152977143689, 0.003026397613599841, 0.007744566792742224, 0.0394413052374832, 0.003026397613599841], [0.07324043580223907, 0.07100798906294933, 0.0030338826064159993, 0.007168349149137973, 0.8425154607728416, 0.0030338826064159993], [0.8475426785672013, 0.10146270383486712, 0.003011563162719184, 0.0071776212070351, 0.03779387006545807, 0.003011563162719184], [0.8289722993020021, 0.11178051433357068, 0.003003277549861444, 0.008540021763548587, 0.04470060950115577, 0.003003277549861444], [0.14462220921980923, 0.10376986640349177, 0.023168432491267852, 0.04210428879874337, 0.1347099832380725, 0.5516252198486152], [0.8280480064899775, 0.10093179056065361, 0.003015257983663671, 0.009091732373573904, 0.0558979546084678, 0.003015257983663671], [0.8670489837967051, 0.08369850236306393, 0.003031159215560625, 0.006411308542021902, 0.03677888686708774, 0.003031159215560625], [0.05600784449770907, 0.05118333395015597, 0.00301560532807342, 0.004942491331040584, 0.8818351195649475, 0.00301560532807342], [0.8808037007819483, 0.07883361219492195, 0.0030099170946290064, 0.006110076421255932, 0.02823277641261583, 0.0030099170946290064], [0.8273461641829694, 0.12023866987295333, 0.003002298102429002, 0.007888926694082777, 0.03852164304513654, 0.003002298102429002], [0.10048078852917354, 0.15271386309284443, 0.003022581227507636, 0.009412782172498446, 0.7313474037504684, 0.003022581227507636], [0.7976274503265736, 0.14125263592778614, 0.003012198180305008, 0.009489665051554845, 0.045605852333475555, 0.003012198180305008], [0.786616731326254, 0.15361791628891605, 0.0030028816753169545, 0.008116706046805556, 0.04564288298739063, 0.0030028816753169545], [0.8785003627826523, 0.04321937220640461, 0.04044042697056678, 0.006502367422937892, 0.028314533771637777, 0.0030229368458006504], [0.8910245896476282, 0.026359707115580992, 0.01875139579603461, 0.016792177245796246, 0.0348468636911054, 0.01222526650385439], [0.8857348435537639, 0.023055768545872442, 0.021180413753416106, 0.016395212826915015, 0.041700432738780956, 0.011933328581251592], [0.8724823835651683, 0.02888478600525639, 0.01905532315752335, 0.02042128585539525, 0.04357765513813983, 0.015578566278516946], [0.8812835000434708, 0.030429073639343586, 0.019646796837018293, 0.022692040976503746, 0.02994389279695991, 0.016004695706703778], [0.17476509181292904, 0.06697698002822541, 0.09050488172010598, 0.01395619228213622, 0.6499001160174689, 0.003896738139134419], [0.47896479545332127, 0.26792830203473317, 0.003007165067848225, 0.018011469892631356, 0.22908110248361774, 0.003007165067848225], [0.12233713121526686, 0.17404300617062923, 0.003083304135575559, 0.01171754979751704, 0.6857357045454358, 0.003083304135575559], [0.10643919530990802, 0.1727217402062443, 0.003014769893961714, 0.00990517298449831, 0.704904351711426, 0.003014769893961714], [0.8468745747782075, 0.05424164079645921, 0.058525149242887674, 0.008637208935133233, 0.02871977785190462, 0.003001648395407822], [0.9264155592517944, 0.01396010649383197, 0.011482973670465526, 0.009755746793869077, 0.03098297461455667, 0.007402639175482331]], [[0.9421784727342217, 0.014898544037852384, 0.00872797112765084, 0.007479670583455101, 0.022594246374121774, 0.004121095142698177], [0.9673707088126103, 0.014542792366134328, 0.008417112179249698, 0.0030007142041187035, 0.00366795823376817, 0.0030007142041187035], [0.9111238117533668, 0.06230722356900161, 0.003004368417175867, 0.004870166995400418, 0.015690060847879512, 0.003004368417175867], [0.8891372738273086, 0.0755946316634606, 0.0030040147824041464, 0.005314048008854618, 0.023946016935567874, 0.0030040147824041464], [0.8637290169211747, 0.09164721939806907, 0.0030290682729252555, 0.007479282918120694, 0.031086344216785012, 0.0030290682729252555], [0.10761973433035844, 0.11377989563957401, 0.00300867119432287, 0.0092917468256921, 0.7632912808157297, 0.00300867119432287], [0.8678375407202024, 0.08188474093192172, 0.0030322169468881225, 0.007322312242216894, 0.036890972211882776, 0.0030322169468881225], [0.9069601330511892, 0.028346098903588975, 0.028026334791280617, 0.005453825796240687, 0.028192772013244993, 0.003020835444455654], [0.8822627025172681, 0.02489397675001456, 0.020172563737772115, 0.018182652444463845, 0.04039816660859023, 0.014089937941891123], [0.8677775866087012, 0.03141448204184083, 0.02206228915885129, 0.025388076815559366, 0.03389448706975302, 0.019463078305294246], [0.8090106057846842, 0.058404608961054996, 0.07450917608028147, 0.011835038122919635, 0.043230290867024575, 0.0030102801840351263], [0.49510804623922094, 0.24910493683609158, 0.0030124722059932155, 0.01612861134052516, 0.23363346117217582, 0.0030124722059932155], [0.11566209554847864, 0.1557143889535508, 0.003032268154146975, 0.011754755909149681, 0.710804223280527, 0.003032268154146975], [0.1153867709725155, 0.1456170004679478, 0.0030224022879364, 0.010293459914493425, 0.7226579640691705, 0.0030224022879364], [0.5146639409996971, 0.22710971174673208, 0.003001871946129653, 0.017536017055080372, 0.23468658630623104, 0.003001871946129653], [0.824090116658492, 0.10814321359013264, 0.003007060491570233, 0.009818220907087071, 0.05193432786114809, 0.003007060491570233], [0.8442915433912754, 0.0885788528113186, 0.003021597780807803, 0.009358502014157688, 0.05172790622163254, 0.003021597780807803], [0.8270378611956128, 0.09409788147669985, 0.0030303497678762447, 0.009738415155044379, 0.06306514263689052, 0.0030303497678762447], [0.11640118796851269, 0.0982744784128555, 0.0030253672046303957, 0.00868701797429029, 0.7705865812350807, 0.0030253672046303957], [0.8174846600916672, 0.11081578737544644, 0.0030109703953154154, 0.009341240800486133, 0.05633637094176945, 0.0030109703953154154], [0.559516990302441, 0.16309418643042828, 0.0030344671207649383, 0.014040890294439723, 0.25727899873116117, 0.0030344671207649383], [0.13083822060852565, 0.0931036140890183, 0.02612492663176408, 0.037982745020272865, 0.1703289943947252, 0.5416214992556939], [0.860432104325376, 0.07920673212934978, 0.0030336818507627665, 0.007054067324214818, 0.04723973251953388, 0.0030336818507627665], [0.8573053842675958, 0.08550122379670916, 0.003025358565094203, 0.006983544480259811, 0.0441591303252468, 0.003025358565094203], [0.09352520372538281, 0.10127806171846575, 0.0030132973807682813, 0.007594601009954944, 0.7915755387846599, 0.0030132973807682813], [0.8025009475553317, 0.14224259424933036, 0.0030119479534533042, 0.008879906332362282, 0.040352655956069065, 0.0030119479534533042], [0.1105265930547695, 0.15309499909721805, 0.0030320628530012142, 0.010795745489325846, 0.7195185366526842, 0.0030320628530012142], [0.48586536889661625, 0.26937316745536255, 0.0030082239418915686, 0.01753235214877073, 0.22121266361546735, 0.0030082239418915686], [0.7983240073657217, 0.13535478524781103, 0.003011422610459544, 0.009578849180975993, 0.050719512984572224, 0.003011422610459544], [0.10211879411262409, 0.04869526404074087, 0.0652573049458677, 0.009726496322005911, 0.7711740451351231, 0.003028095443638381], [0.8935238935211535, 0.025801543242732698, 0.01967882818392103, 0.018922165118185584, 0.028220603635557954, 0.013852966298449364], [0.07052910590221109, 0.0324764369782522, 0.024450155100334898, 0.005715156061806984, 0.8637472610705389, 0.0030818848868560474], [0.9045945321368705, 0.030654861326371588, 0.029648338433456503, 0.0058725672927528155, 0.02621409307113755, 0.003015607739411134], [0.8694504540564015, 0.031050283590412682, 0.02290267341955475, 0.025112426265188434, 0.032122935762403375, 0.019361226906039423], [0.12179247100385332, 0.06384201917743401, 0.07609168171156405, 0.014952345966785937, 0.7188441757710698, 0.004477306369292914], [0.7662519721797091, 0.16384554260558198, 0.0030484982299440327, 0.010740353761654128, 0.05306513499316683, 0.0030484982299440327], [0.11430301178128116, 0.17319654283595537, 0.003068660538936702, 0.011843054177608031, 0.694520070127282, 0.003068660538936702], [0.8108804858169496, 0.1385679564497389, 0.0030104656175027945, 0.007705091634095257, 0.03682553486421064, 0.0030104656175027945], [0.048612030679301074, 0.032268010610154746, 0.03205885149755861, 0.004844172229898946, 0.8792038638131289, 0.0030130711699578017], [0.9283249152215792, 0.01284260398701708, 0.011635719516295282, 0.008838274110753067, 0.03220505042155194, 0.006153436742803251]], [[0.9424173007204559, 0.011075304514546162, 0.010264171493918962, 0.006090092787652714, 0.026662582423209742, 0.0034905480602164937], [0.013734182112463614, 0.01218310360757936, 0.00798532513443569, 0.0030070498157125074, 0.9600832895140963, 0.0030070498157125074], [0.9567114204185008, 0.02819244935326942, 0.003002578738803703, 0.003002578738803703, 0.006088394011818667, 0.003002578738803703], [0.0608389009077254, 0.07272162789868176, 0.003011379763542596, 0.0053821506052136306, 0.855034561061294, 0.003011379763542596], [0.8962244980943561, 0.06614265328724207, 0.0030037383650559006, 0.005333841482052668, 0.026291530406237575, 0.0030037383650559006], [0.882386513422209, 0.07451723195256134, 0.003011645621907222, 0.006259420795093096, 0.03081354258632206, 0.003011645621907222], [0.8633897950276389, 0.0824655272004686, 0.0030298556748582614, 0.006829521503061905, 0.04125544491911398, 0.0030298556748582614], [0.9154952707136356, 0.027675510471342788, 0.023522388799091805, 0.005349440359775702, 0.024941801577354056, 0.0030155880788001158], [0.8800495462389283, 0.026519797214834027, 0.022118725408675006, 0.022206174665095686, 0.03166245475489887, 0.017443301717568263], [0.08775134067856712, 0.040310563322846965, 0.0452806758725349, 0.0071808088019003615, 0.8164408135922802, 0.003035797731870537], [0.7954770847429017, 0.13988769665615577, 0.0030085280072989847, 0.010169225856779587, 0.04844893672956494, 0.0030085280072989847], [0.1286368729742364, 0.15588213908330142, 0.003052787767747757, 0.012648694969253062, 0.6967267174377136, 0.003052787767747757], [0.10684032864051728, 0.15780895005111012, 0.00302591339570153, 0.009578152560938094, 0.7197207419560314, 0.00302591339570153], [0.09874441777495059, 0.14013100770459616, 0.003006025666671871, 0.009608655808965454, 0.7455038673781441, 0.003006025666671871], [0.8132295841366702, 0.12148735232299346, 0.0030027323551537785, 0.009849573175142033, 0.04942802565488679, 0.0030027323551537785], [0.831623485866134, 0.10427824002067627, 0.0030076901834224937, 0.008953368372292103, 0.04912952537405253, 0.0030076901834224937], [0.8523558434371161, 0.08198709642449904, 0.003029719850454718, 0.008479549438189996, 0.05111807099928533, 0.003029719850454718], [0.12003290023784402, 0.08101079934014904, 0.0030478424840632958, 0.008258712981695678, 0.7846019024721846, 0.0030478424840632958], [0.118466421446442, 0.08695386938845831, 0.0030387995913432743, 0.008347083682131702, 0.7801550263002816, 0.0030387995913432743], [0.8218151016519567, 0.10628356803752394, 0.00301316594471218, 0.009216170289875779, 0.056658828131219405, 0.00301316594471218], [0.8156285374762294, 0.11102156197069277, 0.0030123096377007797, 0.009720798563390939, 0.05760448271428534, 0.0030123096377007797], [0.12873914606539943, 0.09244878169815295, 0.027728144748186235, 0.04301414628025858, 0.12633340617147623, 0.5817363750365266], [0.11385075033907402, 0.07661654306432733, 0.02989903085801174, 0.03997604028344691, 0.12950649128331915, 0.6101511441718208], [0.07272464016460342, 0.060910295933301585, 0.0030345524715230344, 0.005682429374512401, 0.8546135295845365, 0.0030345524715230344], [0.06349621248399386, 0.07143919508360534, 0.0030147615505177654, 0.00576785138362821, 0.8532672179477371, 0.0030147615505177654], [0.8339164513862211, 0.11569884100210959, 0.0030035467324906313, 0.007206038837924342, 0.03717