{"prediction": [[[0.8522948893659681, 0.03135285027123098, 0.02486079749854344, 0.01091685638223452, 0.07673794039433966, 0.003836666087683194], [0.7729627559637074, 0.06156328568552248, 0.05210832522838287, 0.020050219147828365, 0.08703232438943026, 0.006283089585128357], [0.7437332631366317, 0.06597347699858723, 0.052672419493934676, 0.025309339649252797, 0.10365181240463318, 0.00865968831696055], [0.7577842662624462, 0.07347596354478456, 0.04941853949684616, 0.024387303560637768, 0.08814459630896374, 0.006789330826321564], [0.7825705943231914, 0.06122537438163964, 0.04224673503641308, 0.0282905635279478, 0.07731818591828905, 0.008348546812519064], [0.7813587768581065, 0.06339155674001962, 0.039589853798021726, 0.026026120599771174, 0.08172198617501542, 0.007911705829065675], [0.7574691827577932, 0.06165337774642914, 0.039850638344400134, 0.02524990215252739, 0.10826308059312319, 0.007513818405727008], [0.7897459917575231, 0.05437734903492711, 0.03325128054675265, 0.016959970160248448, 0.10125478013782818, 0.004410628362720544], [0.7843558363664315, 0.04999977500462106, 0.03278514564355122, 0.01873424366631017, 0.10960752723993894, 0.0045174720791471374], [0.7893401089182632, 0.05048603798746336, 0.02920974804944952, 0.01628100480372994, 0.11020768401186899, 0.004475416229224981], [0.7780395052727997, 0.054426548287786675, 0.034292415642271534, 0.021701422043372418, 0.10505962529660472, 0.006480483457164699], [0.7850943871670167, 0.05802208940784283, 0.03544405237527658, 0.020407771594803958, 0.09563639792018745, 0.005395301534872248], [0.786202226893468, 0.05774857152897934, 0.03542855686350338, 0.020796052818593914, 0.0936872067039192, 0.006137385191536227], [0.7771393192193762, 0.05523261927728281, 0.0403194436997792, 0.018704768277717353, 0.1031154272538974, 0.00548842227194692], [0.7987263364972566, 0.044554294735457536, 0.0404311374007775, 0.014872810699606227, 0.09710648908373458, 0.004308931583167495], [0.8502466191084672, 0.04181890830624118, 0.0341544379235508, 0.011619812391754433, 0.05841751680995912, 0.003742705460027255], [0.8423967692112916, 0.040388981349205134, 0.03780295156503372, 0.011879257958421654, 0.06371393785375362, 0.0038181020622942425], [0.8367416737282638, 0.04553343289389174, 0.040943050773885714, 0.012876138588211006, 0.060054652532610914, 0.003851051483136864], [0.8602123357656435, 0.044723343116619275, 0.03588089525904022, 0.010713666085851014, 0.044826610151140554, 0.0036431496217054554], [0.8201770268532587, 0.050728125463339935, 0.0394257349142327, 0.009050701927376064, 0.07655098791029721, 0.004067422931495243], [0.8134462988979781, 0.05454274909409087, 0.03705001381695649, 0.010788065922017984, 0.08003911843274888, 0.004133753836207614], [0.806839924462652, 0.05113750936093824, 0.037797201090264375, 0.013567824132234061, 0.08645945188077525, 0.004198089073136233], [0.7949864348885775, 0.053776850643358916, 0.041710631385307124, 0.01672272013892834, 0.08851075661762675, 0.004292606326201406], [0.7758189225632369, 0.0543174371474687, 0.040172716694746605, 0.015694095681556428, 0.10942420612041752, 0.004572621792573579], [0.7468021903275984, 0.054915755778308206, 0.02880220461078103, 0.01411994309557106, 0.15022308797743616, 0.005136818210305081], [0.7950475359251858, 0.0533131576590389, 0.035263716937632174, 0.01599378323855319, 0.09604356321973744, 0.004338243019852582], [0.7896181416617645, 0.04796743016043619, 0.033109996961255876, 0.014722748260850666, 0.11011026691240011, 0.004471416043292513], [0.7968499450608766, 0.05570900731569151, 0.03266090544576065, 0.015062938187675802, 0.09538664510156081, 0.004330558888434687], [0.7711269784573153, 0.056844085245269155, 0.03489341547929603, 0.014437133430571552, 0.11801697802339667, 0.004681409364151228], [0.7856510270056861, 0.05185714976854044, 0.03773481834294283, 0.013723507088376656, 0.10655054899095527, 0.0044829488034987515], [0.811642664331062, 0.04950071719325476, 0.03902975442465195, 0.01295628638020612, 0.08272861870885267, 0.00414195896197245], [0.795528515459708, 0.05177748784796074, 0.04034674728939911, 0.01696566724217513, 0.09108337096524557, 0.00429821119551144], [0.795384404815911, 0.05140169029512422, 0.03279205587436432, 0.014079573104290831, 0.10196312207825288, 0.004379153832056792], [0.8100192808843545, 0.05092939201772876, 0.03430654981359216, 0.012772787985005305, 0.08778654457502323, 0.004185444724296129], [0.8193381605198549, 0.0502721757093992, 0.02947779937436756, 0.011308475321131226, 0.08549166623377671, 0.004111722841470365], [0.858373298020606, 0.0540608475844092, 0.03212731189058792, 0.008369585770601113, 0.04338200087927344, 0.0036869558545222906], [0.813224231940071, 0.06665970776910023, 0.04005795045919513, 0.008444807031077115, 0.06748445734114665, 0.004128845459410023], [0.8601464413374019, 0.05704588045844107, 0.036665695430307454, 0.008243523647600516, 0.03422143625136009, 0.00367702287488905], [0.8406139038371394, 0.06456083904291088, 0.04168116041891052, 0.011218388779971777, 0.03808680019537086, 0.0038389077256964187], [0.8822926237049338, 0.03608705672455876, 0.022169034604181365, 0.0092008916271922, 0.04675984712651615, 0.003490546212617607]], [[0.7602347107824494, 0.06330958041471972, 0.0491065487695735, 0.021306951708351597, 0.09912027638705653, 0.006921931937849236], [0.7456432382959242, 0.12404080331881373, 0.09205189623259089, 0.010874755893189427, 0.0243742113038967, 0.0030150949555851603], [0.5083556285100091, 0.16343614264606082, 0.0969170491007161, 0.046961006900754505, 0.17073444594556067, 0.013595726896898874], [0.058140158015588, 0.17466538089200478, 0.16347074608035908, 0.014815503402193996, 0.5858809840823623, 0.00302722752749181], [0.5920333824524711, 0.1870888602271953, 0.16547237397937484, 0.015439886907142533, 0.03695547750833858, 0.0030100189254776604], [0.5819778803517778, 0.18728690528137085, 0.1777875992843429, 0.01744984106103045, 0.03248605882787446, 0.003011715193603605], [0.6509012857813807, 0.17529259178409998, 0.12855935542666178, 0.014473722025422043, 0.027753620267910957, 0.003019424714524538], [0.7225712406276139, 0.1324806247309494, 0.10068149975193953, 0.012566138881211351, 0.02867470479805763, 0.0030257912102282123], [0.7352020306807904, 0.13045573897344614, 0.0892380862606033, 0.012364384762892623, 0.029718759069292434, 0.0030210002529751506], [0.7001451402051653, 0.135752025970677, 0.10661146550041689, 0.013370672139650604, 0.041079249402704, 0.0030414467813861903], [0.6168286379696155, 0.17981991296564973, 0.15648915016842654, 0.014668887461135585, 0.02918278933467713, 0.003010622100495486], [0.5692194071071209, 0.17663391789139038, 0.191949231767103, 0.017898932492424264, 0.041289097874926434, 0.0030094128670350756], [0.6126898392406042, 0.17453680983417788, 0.1724541192474668, 0.012624543161892656, 0.02468250389407078, 0.0030121846217878055], [0.7239150151660025, 0.14204294129780617, 0.09118218570900337, 0.013100151642580962, 0.026723070372933044, 0.0030366358116738754], [0.5577412037595176, 0.1316419747137078, 0.09205887188801493, 0.032209530865137906, 0.17924352870295532, 0.007104890070666467], [0.5783657490604939, 0.11784891192310873, 0.06813675419981803, 0.030093427378826174, 0.1976974154994179, 0.007857741938335274], [0.6049094598272436, 0.12522673763336403, 0.1026014632008012, 0.027703994210084973, 0.1331312583802466, 0.006427086748259697], [0.03765819951389494, 0.10036986173120183, 0.052661900886057364, 0.006110697054135082, 0.8001787067677872, 0.0030206340469234993], [0.6020688035428499, 0.12863167325959574, 0.10717455577335072, 0.02817629120150281, 0.12749544872116805, 0.006453227501532721], [0.5425458473141921, 0.13272148069211415, 0.07215115731496008, 0.025957723284151555, 0.21907191729845799, 0.007551874096124221], [0.8203429191513193, 0.11049192138085233, 0.05165085555178171, 0.0052604142607007584, 0.00922483757033642, 0.0030290520850092587], [0.7733186308623448, 0.11843843633005297, 0.08331667878319758, 0.007271109700688352, 0.014638732609068368, 0.003016411714647951], [0.797074206270954, 0.11110659695053277, 0.07068147233919544, 0.006299356776621428, 0.011822035760023816, 0.0030163319026724456], [0.7836954803582075, 0.11338356543773678, 0.07769836574286128, 0.007265911867743153, 0.014943510529446003, 0.003013166064005399], [0.03125419120867604, 0.11719915683410044, 0.08276866350230855, 0.007515562376515525, 0.7582451039081907, 0.0030173221702087813], [0.7388980451387217, 0.1313155750944577, 0.09639243918151116, 0.008950723618525582, 0.02143408070132484, 0.003009136265459077], [0.041068383329157354, 0.14952830095296762, 0.11060958557233562, 0.010312707532616736, 0.685413168297191, 0.0030678543157315933], [0.7664054754376817, 0.110353380364478, 0.0893750699841875, 0.0075837495314098535, 0.023255105456487665, 0.0030272192257552975], [0.7996722642611983, 0.11458819280436612, 0.06413077936214272, 0.006366178164413692, 0.012232390519119184, 0.003010194888759974], [0.7950777187362746, 0.1082183035641684, 0.07509144239738637, 0.0064237554144521225, 0.012174705133851264, 0.0030140747538672566], [0.026866187003930057, 0.1107681649898169, 0.0801902247329416, 0.006295524555272547, 0.7728609337339822, 0.003018964984056655], [0.6933442848350578, 0.1566718379787339, 0.11813250688841982, 0.01046054825327183, 0.018358291201484158, 0.003032530843032583], [0.7139797872339845, 0.12834206348379731, 0.11428414998223288, 0.010965059388143801, 0.029383648856484305, 0.0030452910553572074], [0.7945414584019227, 0.1085321806976818, 0.07449538661829085, 0.006619814788213069, 0.012786869949535578, 0.0030242895443560636], [0.8027583743353922, 0.11603500692080794, 0.06501929140321383, 0.004883984609124728, 0.008287539530730545, 0.0030158032007307355], [0.8892228424935822, 0.07213302647200992, 0.02795967859746808, 0.003500127631411958, 0.004168273160609225, 0.003016051644918657], [0.01087887742888262, 0.0749399078931317, 0.041033342494558, 0.003846991328184835, 0.8662675422442017, 0.003033338611041148], [0.8791686836624507, 0.07998395977682954, 0.030140301744768658, 0.0035063966473416826, 0.004175738880032936, 0.003024919288576474], [0.8727339892081205, 0.08691427183612226, 0.02960860845496515, 0.0035187297638819555, 0.0041904262869149386, 0.00303397444999531], [0.8198658695916303, 0.07425814736747897, 0.04566118843903441, 0.011779449884862583, 0.0443935625293291, 0.004041782187664605]], [[0.7502896553212339, 0.05566233900101667, 0.04743734543787151, 0.020894096713469024, 0.11791039313499121, 0.0078061703914177], [0.638916954293601, 0.1534925803887108, 0.163304169448295, 0.011180348715615438, 0.03009860124326803, 0.0030073459105097637], [0.5774814882667718, 0.13137766034595263, 0.09485328186799866, 0.042080984762704846, 0.14385780608998544, 0.010348778666586565], [0.5882921117458818, 0.18655484657445895, 0.1652458086235945, 0.01366443713347665, 0.043232356806289285, 0.00301043911629881], [0.34389360837979416, 0.4746381196659553, 0.0030121944475452744, 0.02546598270316188, 0.1499779003559981, 0.0030121944475452744], [0.6257364310253271, 0.31325104645348806, 0.0030110903930444283, 0.014575817059511251, 0.04041452467558475, 0.0030110903930444283], [0.10921254168384986, 0.29896843972376264, 0.0030097901436681473, 0.017009605131560194, 0.568789833173491, 0.0030097901436681473], [0.6655346131396697, 0.2654238474881391, 0.0030099341673624092, 0.014815768300506614, 0.04820590273696001, 0.0030099341673624092], [0.7128570972457933, 0.209280844303868, 0.0030241681947107417, 0.013578171486592046, 0.05823555057432516, 0.0030241681947107417], [0.672129365445252, 0.2592171407761083, 0.003011948544629271, 0.014555405331940852, 0.04807419135744024, 0.003011948544629271], [0.6040976428519037, 0.3159062932763832, 0.003004553784983289, 0.017385534549623053, 0.056601421752123446, 0.003004553784983289], [0.5747258222859166, 0.3550097700770422, 0.0030189264352919335, 0.01774234591761467, 0.04648420884884278, 0.0030189264352919335], [0.07222715468077913, 0.2034947130073658, 0.16866937325081688, 0.019466426788635336, 0.5331264529669705, 0.003015879305432393], [0.5710571467999487, 0.1462088785541729, 0.08006583517172017, 0.04625597578005434, 0.14546036511919658, 0.010951798574907344], [0.6465412212402603, 0.11638119913666395, 0.067949130480621, 0.04377390151474227, 0.11240353115312757, 0.012951016474585], [0.5949220369647856, 0.13293183114534313, 0.07760546958685349, 0.04729902685506428, 0.13525108683488274, 0.011990548613070801], [0.7526019195564169, 0.12249144870952937, 0.07788015637105344, 0.010437069149143394, 0.033570324602180616, 0.003019081611676314], [0.6840562612460641, 0.1476573858221594, 0.02294970933308654, 0.04628659477395488, 0.09010606003952003, 0.008943988785215047], [0.04821259832927515, 0.12565669362961332, 0.08509228453436318, 0.008781788658492315, 0.7292416483761598, 0.003014986472096244], [0.781575165325724, 0.12071029926830326, 0.07476384802421811, 0.006650368314250184, 0.013280617843356176, 0.003019701224148322], [0.03212630850600599, 0.18109409980027158, 0.0030404117587141902, 0.006142863451550577, 0.7745559047247436, 0.0030404117587141902], [0.04188145807186126, 0.22677112118415316, 0.0031537136638198696, 0.007550896081798425, 0.7174890973345474, 0.0031537136638198696], [0.04445846441318752, 0.18287903096450767, 0.003020133536009967, 0.008129829596566041, 0.7584924079537189, 0.003020133536009967], [0.7808958282829734, 0.18404792734648773, 0.00301277348753059, 0.007985274396587201, 0.021045422998890475, 0.00301277348753059], [0.7554920085780746, 0.19808108856303874, 0.0030118207427666742, 0.0099877238263041, 0.030415537547049294, 0.0030118207427666742], [0.7066230636634518, 0.2482895222688734, 0.0030209958907790354, 0.01037289129810717, 0.028672530988009485, 0.0030209958907790354], [0.6885371706453042, 0.25317022524349264, 0.0030090963491331184, 0.013104628561843816, 0.03916978285109309, 0.0030090963491331184], [0.7080151632353878, 0.2445927910707894, 0.0030472530535646447, 0.010226147606512847, 0.031071391980180614, 0.0030472530535646447], [0.7694287549843098, 0.19632183045382748, 0.0030099322211199864, 0.007106045867707982, 0.02112350425191472, 0.0030099322211199864], [0.03748810059785038, 0.20027779104102508, 0.003025401139350518, 0.00716545749069272, 0.7490178485917308, 0.003025401139350518], [0.7058382658051685, 0.254231443717327, 0.0030295805965877666, 0.009497810747284629, 0.024373318537044473, 0.0030295805965877666], [0.6315184079878582, 0.311408073769791, 0.003032842675858211, 0.01245800878267804, 0.03854982410795636, 0.003032842675858211], [0.6758264072795628, 0.2834099150119, 0.003029169011864939, 0.010468810303721054, 0.024236529381086443, 0.003029169011864939], [0.7323587806097015, 0.2352408729342435, 0.0030222392430404896, 0.007862942864244347, 0.018492925105729627, 0.0030222392430404896], [0.8250201208033567, 0.15217428896686674, 0.0030223044744759966, 0.0054487731725194315, 0.011312208108305103, 0.0030223044744759966], [0.01714545468545832, 0.13967002399588535, 0.003063250666856775, 0.005506899798501122, 0.8315511201864417, 0.003063250666856775], [0.8990349689727845, 0.08731348967529425, 0.003009653232107306, 0.003580278655840702, 0.004051956231865984, 0.003009653232107306], [0.006951282441227082, 0.08883973206385389, 0.0030108488750818043, 0.003681213422507457, 0.8945060743222479, 0.0030108488750818043], [0.8897111980928996, 0.07358659194493748, 0.026023068819438108, 0.0034970268510933775, 0.004164580466873462, 0.0030175338247579813], [0.8752050493828204, 0.06305731628782807, 0.027148572343168823, 0.00859606977367512, 0.022394290446851175, 0.0035987017656564095]], [[0.7337903755174927, 0.0659307602561004, 0.05259763622449133, 0.017387442881065952, 0.12526416057296294, 0.005029624547886749], [0.7568263820390947, 0.127145691862261, 0.07915382014818664, 0.009985444981545997, 0.02387208346449599, 0.0030165775044157564], [0.5630045805845934, 0.16454448980386002, 0.06157310865988495, 0.05396461428045005, 0.1453731096670287, 0.011540097004182926], [0.06366137172158601, 0.18936562404105992, 0.14636520684950385, 0.015947089846490136, 0.5816311149194797, 0.003029592621880357], [0.6307960082261901, 0.3144294271197173, 0.0030158380788049997, 0.012465957063101302, 0.03627693143338137, 0.0030158380788049997], [0.6336547321259719, 0.30254493506685554, 0.003008876503050579, 0.013984293319067356, 0.043798286482003956, 0.003008876503050579], [0.6442498727017588, 0.27912218070029726, 0.0030048573071010383, 0.015072236898428968, 0.055545995085312924, 0.0030048573071010383], [0.6932560003670833, 0.2233910325402701, 0.0030351959089755087, 0.017004242978003164, 0.060278332296692314, 0.0030351959089755087], [0.10239638778653831, 0.24114687460325482, 0.0030369312875781086, 0.01566087415554349, 0.6347220008795071, 0.0030369312875781086], [0.6572537239331702, 0.2695841107270152, 0.0030069694000143267, 0.015724663890736644, 0.05142356264904936, 0.0030069694000143267], [0.5958024035132401, 0.31756225479148004, 0.0030058213874709135, 0.016480773053999028, 0.0641429258663391, 0.0030058213874709135], [0.3196474185704568, 0.5086726635645615, 0.003003850711260495, 0.026587590232422336, 0.13908462621003836, 0.003003850711260495], [0.577634992074509, 0.19894190325674072, 0.16062368787454298, 0.01584695795604674, 0.043936137076546554, 0.003016321761614111], [0.6892723189683185, 0.12207214756655592, 0.04967336454539455, 0.04445997395827038, 0.08534998228281578, 0.009172212678644851], [0.07445210594412445, 0.160265895063441, 0.1233966059036338, 0.013479129597603058, 0.6253442069548577, 0.0030620565363399335], [0.6911879643884865, 0.14240214097371012, 0.10043365922027313, 0.013768614071012113, 0.049143938309440874, 0.003063683037077214], [0.6992952832681176, 0.14034373515379428, 0.009665386598022494, 0.0438819947133706, 0.0996873793597058, 0.007126220906989245], [0.06496754464355664, 0.15281958190725606, 0.13964707990308906, 0.011405546670366048, 0.6281255831742696, 0.0030346637014627815], [0.04327269821217191, 0.262958844830273, 0.003116215595229603, 0.008131966463563118, 0.6794040593035328, 0.003116215595229603], [0.06463455309931261, 0.22321192754952748, 0.003006838793895631, 0.010601121280088749, 0.6955387204832799, 0.003006838793895631], [0.7216915742799841, 0.23934266723158668, 0.003041848776905573, 0.009358549193618003, 0.023523511741000078, 0.003041848776905573], [0.7102958370133499, 0.23684676524088474, 0.0030270452269607995, 0.011076971708756172, 0.03572633558308747, 0.0030270452269607995], [0.6880474097270474, 0.24425742266167755, 0.003013397878432721, 0.013355471653543253, 0.04831290020086658, 0.003013397878432721], [0.718182505363435, 0.21717815014622388, 0.0030243895734358393, 0.012874697239627734, 0.04571586810384175, 0.0030243895734358393], [0.6904410487355422, 0.25432665024615964, 0.0030184468912885765, 0.011436087772671738, 0.03775931946304935, 0.0030184468912885765], [0.6517541501879677, 0.2892773403566655, 0.0030337703374448055, 0.015719639051671935, 0.037181329728805286, 0.0030337703374448055], [0.6347101217851318, 0.29802377310196504, 0.0030043566050586877, 0.013385134148410341, 0.04787225775437546, 0.0030043566050586877], [0.6640712770596429, 0.27510217077067356, 0.0030094868426121463, 0.012363131932552686, 0.04244444655190657, 0.0030094868426121463], [0.6849283640320113, 0.25496859869823674, 0.003020776789262567, 0.012480607985277318, 0.04158087570594959, 0.003020776789262567], [0.6884309579913092, 0.25727737646161614, 0.0030244460373468067, 0.011203364050570321, 0.03703940942181089, 0.0030244460373468067], [0.6458197055410705, 0.2914946414914913, 0.0030072438800513514, 0.014742072694366736, 0.041929092512968745, 0.0030072438800513514], [0.6024976985308178, 0.31719024266610735, 0.0030168093391893342, 0.014975557205929494, 0.059302882918766606, 0.0030168093391893342], [0.07531594183050444, 0.34499776177210995, 0.0030271110325347755, 0.014121253469599223, 0.5595108208627169, 0.0030271110325347755], [0.05752286974270926, 0.27632882626148225, 0.0030674584563311607, 0.010402596714296252, 0.6496107903688499, 0.0030674584563311607], [0.04247309163844811, 0.1806689889694149, 0.003047617922561979, 0.006430364130468191, 0.7643323194165448, 0.003047617922561979], [0.024562160081690054, 0.13939480411273925, 0.003050777263724296, 0.005485480625918951, 0.8244560006522031, 0.003050777263724296], [0.01926150592489342, 0.14108152072537283, 0.003090410909171669, 0.00808272068204961, 0.8253934308493408, 0.003090410909171669], [0.00899220395280996, 0.1219539152535503, 0.0030036414617412317, 0.0036730979549170857, 0.8593734999152403, 0.0030036414617412317], [0.009828093950221233, 0.0655503683546311, 0.02851023429104107, 0.0038264545368294524, 0.8892672459047616, 0.003017602962515675], [0.8098802870861265, 0.07546417885535797, 0.044374255044279366, 0.011713771666678712, 0.054429629907140814, 0.0041378774404165625]], [[0.8058189357587373, 0.05461752306976593, 0.041270907189010685, 0.01052995629883325, 0.08355134934101295, 0.0042113283426397806], [0.6365756666825965, 0.12906296530202913, 0.09997796253922844, 0.02841350549288259, 0.0999506794896969, 0.006019220493566623], [0.7487011256114955, 0.1178177484926925, 0.10178155095379732, 0.008632476981688926, 0.020052467200508677, 0.003014630759817034], [0.697426933666867, 0.26631060325122, 0.0030417071091146056, 0.008765773369345007, 0.02141327549433876, 0.0030417071091146056], [0.6661668326669637, 0.2851540967705302, 0.0030218099405703628, 0.0112082923447251, 0.03142715833664034, 0.0030218099405703628], [0.6606297762478066, 0.2794601274571343, 0.0030128781928340617, 0.01293709628466887, 0.040947243624722164, 0.0030128781928340617], [0.7348719124231896, 0.20562722397959168, 0.0030121172938051867, 0.012167744569155774, 0.04130888444045257, 0.0030121172938051867], [0.0767487704734719, 0.17950699192730082, 0.0030022769546494445, 0.011476922834546384, 0.7262627608553821, 0.0030022769546494445], [0.7653896312897785, 0.17157714420843373, 0.003004473449277442, 0.010719022396882173, 0.04630525520635077, 0.003004473449277442], [0.6894014473322893, 0.24470399376537558, 0.0030200931473017816, 0.011912024193741093, 0.04794234841399058, 0.0030200931473017816], [0.5855488171051907, 0.19947040310823316, 0.15286699634169534, 0.01726159024422159, 0.041835787431795765, 0.00301640576886349], [0.09396425954788604, 0.2071486856927422, 0.14671077803513038, 0.016801462943415592, 0.5323565292236052, 0.003018284557220522], [0.6940719572852577, 0.16116452577611246, 0.005953183297716154, 0.041146062727007236, 0.09190337673536804, 0.005760894178538341], [0.6495506037446513, 0.1770622087982993, 0.11351246236403491, 0.014403363710061085, 0.04245004753950819, 0.003021313843445105], [0.7199416464985944, 0.2258008864038426, 0.00300827501715171, 0.010760083799018908, 0.03748083326424067, 0.00300827501715171], [0.07354462465051011, 0.25371662898262887, 0.0030493293734844885, 0.012747354010393286, 0.6538927336094986, 0.0030493293734844885], [0.07831906473990859, 0.16853836389984667, 0.1364055001406116, 0.014287907925829915, 0.5994275196462224, 0.0030216436475808063], [0.6633390291731353, 0.2768613241380789, 0.003011216986362426, 0.011153942899115643, 0.04262326981694536, 0.003011216986362426], [0.6673956559329656, 0.2729686252849797, 0.003020309852881677, 0.0106721779149144, 0.042922921161377026, 0.003020309852881677], [0.6857052187021782, 0.2708004043547869, 0.0030364133306275, 0.009092890264847303, 0.028328660016932707, 0.0030364133306275], [0.6584175871768978, 0.2742470265954463, 0.003014781606167391, 0.012262141012606878, 0.04904368200271426, 0.003014781606167391], [0.6367669550568343, 0.2786766418023106, 0.003007889043035916, 0.01539264160669433, 0.06314798344808892, 0.003007889043035916], [0.6409704219525704, 0.2693522320558422, 0.003011176263244462, 0.015454876658098285, 0.0682001168070003, 0.003011176263244462], [0.6606806578322238, 0.26112786826301954, 0.003005294641636486, 0.014822463695752606, 0.05735842092573122, 0.003005294641636486], [0.6745916396867381, 0.24998726365021168, 0.0030099424562410725, 0.012588137284100288, 0.05681307446646794, 0.0030099424562410725], [0.6450584005516612, 0.2878086773920694, 0.00300743386493365, 0.011502202379359661, 0.04961585194704254, 0.00300743386493365], [0.3394169186211432, 0.4878832577921767, 0.003024818258998815, 0.024443329403945082, 0.14220685766473734, 0.003024818258998815], [0.6162805878645589, 0.2970273581123457, 0.003006135424555255, 0.01537662988249616, 0.0653031532914888, 0.003006135424555255], [0.6509660266901509, 0.2706682822969029, 0.0030206685732664324, 0.013029876222847958, 0.05929447764356528, 0.0030206685732664324], [0.14106151699323793, 0.25810948585481763, 0.003015635518832772, 0.015703449277516948, 0.579094276836762, 0.003015635518832772], [0.6095057028012105, 0.30275308384752714, 0.0030028848627638785, 0.016554884738491916, 0.06518055888724268, 0.0030028848627638785], [0.3102723833107893, 0.5251967958214661, 0.0030019008614782885, 0.026270515306478538, 0.13225650383830953, 0.0030019008614782885], [0.10695865747317912, 0.3184983287675929, 0.0030064162363366, 0.01624962961495933, 0.5522805516715955, 0.0030064162363366], [0.6633497752840662, 0.28287931161877927, 0.0030426587404550997, 0.010834543222331025, 0.0368510523939133, 0.0030426587404550997], [0.7302649710519841, 0.22267272176755354, 0.003052471997445768, 0.009576284960863343, 0.03138107822470747, 0.003052471997445768], [0.14567977634464666, 0.27516736901039635, 0.02950546472396479, 0.050442896473948014, 0.3960687895011345, 0.1031357039459097], [0.021143527708899386, 0.15129870905066486, 0.003065728650141281, 0.005512711989959927, 0.8159135939501932, 0.003065728650141281], [0.8155819909990644, 0.1634292177617551, 0.0030289161242802684, 0.005462117450041792, 0.009468841540578244, 0.0030289161242802684], [0.873523381382657, 0.07457220105443395, 0.03743494574393785, 0.007224137750130728, 0.004203434980687754, 0.0030418990881528316], [0.8668310566990527, 0.05437752848980305, 0.030519414079451794, 0.011121018025684383, 0.03354572180353202, 0.003605260902476179]], [[0.8248491287569351, 0.05833938678876694, 0.0425788503420065, 0.011126857806971069, 0.05913139281686586, 0.00397438348845461], [0.8252857307975545, 0.09983739767412075, 0.05808975494972436, 0.005226480535704808, 0.008536643956396072, 0.003023992086499543], [0.8179289901485335, 0.1604000938533867, 0.003027501309893418, 0.005584532107255152, 0.010031381271037882, 0.003027501309893418], [0.7705982988642772, 0.192119394852837, 0.0030126718282779924, 0.008992529285562342, 0.022264433340767425, 0.0030126718282779924], [0.06499741195527714, 0.2505033759207594, 0.0030764708087214297, 0.010536771578657468, 0.6678094989278631, 0.0030764708087214297], [0.7513604971019366, 0.1921349393431071, 0.003006339971797688, 0.011685529286887791, 0.03880635432447313, 0.003006339971797688], [0.777370233617599, 0.16975510327176918, 0.0030028488506949726, 0.010058289038032422, 0.03681067637120945, 0.0030028488506949726], [0.8171301937002992, 0.14027414090641843, 0.0030099545417668935, 0.008766148342750791, 0.02780960796699785, 0.0030099545417668935], [0.8130712219315026, 0.14984461801374574, 0.003011396351603894, 0.007566035244191695, 0.023495332107352246, 0.003011396351603894], [0.7439183083224091, 0.12255569878743507, 0.08028688017686231, 0.012124394293416886, 0.03809530275741471, 0.0030194156624620415], [0.704058140719143, 0.11932041580854386, 0.038336529546122225, 0.03766933962238536, 0.09445321821412826, 0.006162356089677304], [0.6895695667711736, 0.11776725650010403, 0.057494177253549175, 0.03987525602515764, 0.08846569880438597, 0.0068280446456294415], [0.6778370783098704, 0.17562372510617622, 0.09624310088638627, 0.013259096926346694, 0.033996936575323, 0.0030400621958973275], [0.7264793159670554, 0.21304790321047423, 0.0030209063081673166, 0.01130230065271841, 0.04312866755341727, 0.0030209063081673166], [0.7093748820623601, 0.23808841836442515, 0.00304464365245859, 0.010483171361293358, 0.03596424090700421, 0.00304464365245859], [0.7175280070004247, 0.23042442735132107, 0.003031228888527057, 0.010101665784691126, 0.035883442086509086, 0.003031228888527057], [0.6532439518806509, 0.2786664734527643, 0.003014071415937526, 0.010888249277511735, 0.05117318255719791, 0.003014071415937526], [0.4096149208747252, 0.37448692877552714, 0.003099523831282516, 0.02118106720744474, 0.18851803547973792, 0.003099523831282516], [0.6592207054117311, 0.2694975167412666, 0.003008276746129653, 0.010768543165387987, 0.054496681189355, 0.003008276746129653], [0.1028559767488994, 0.2700932767665539, 0.0030433112203010833, 0.01861956623507009, 0.6023445578088745, 0.0030433112203010833], [0.6313492340796133, 0.2905932390127759, 0.0030039717748464377, 0.014313412264347927, 0.05773617109356998, 0.0030039717748464377], [0.38872199723299966, 0.4133359424934267, 0.0030588868350839857, 0.023699342993384827, 0.16812494361002098, 0.0030588868350839857], [0.6344799999579038, 0.2686452763841406, 0.0030064213413947367, 0.01611085683953232, 0.0747510241356338, 0.0030064213413947367], [0.6548438426083252, 0.2635756863239347, 0.0030140542966018524, 0.014144529013896151, 0.06140783346064011, 0.0030140542966018524], [0.1274711488508691, 0.2585258243708844, 0.0030233896314146584, 0.01512316398690359, 0.5928330835285136, 0.0030233896314146584], [0.6391026322841055, 0.2868535301479545, 0.0030090843234510433, 0.014012161912171773, 0.05401350700886623, 0.0030090843234510433], [0.6428819746878373, 0.2837491971581342, 0.0030118809016293152, 0.011874308273890447, 0.055470758076879484, 0.0030118809016293152], [0.6869474944150071, 0.24957760156066164, 0.0030076535194514913, 0.012099425509777608, 0.04536017147565066, 0.0030076535194514913], [0.13147364440064907, 0.2480654790666113, 0.0030364067286773482, 0.013691530552536808, 0.6006965325228482, 0.0030364067286773482], [0.12231185805425042, 0.2489378257672188, 0.003042283561530311, 0.013466096970240673, 0.6091996520852295, 0.003042283561530311], [0.6376833703591225, 0.27536213530320836, 0.0030136277761323477, 0.014375033130303473, 0.06655220565510105, 0.0030136277761323477], [0.139133472179861, 0.28312358371792107, 0.0030069644636596614, 0.015770732547489726, 0.5559582826274089, 0.0030069644636596614], [0.6472501354237934, 0.2838205573510318, 0.0030051523353978697, 0.013252076887055996, 0.04966692566732309, 0.0030051523353978697], [0.7019416087738048, 0.24551214641349967, 0.0030316080149118416, 0.011573107617472133, 0.034909921165399656, 0.0030316080149118416], [0.22262592475726495, 0.2612497219642734, 0.013462126003979098, 0.04861148436372309, 0.3519759149307199, 0.10207482798003956], [0.039581726163810144, 0.15787207439690723, 0.0030251572580977494, 0.006312674368560829, 0.7901832105545263, 0.0030251572580977494], [0.8126703357113879, 0.16030250057914988, 0.003016648019817408, 0.006384639776011008, 0.014609227893816447, 0.003016648019817408], [0.8772107917290175, 0.10797319160691718, 0.0030272958545042414, 0.0036079918840586705, 0.005153433070998183, 0.0030272958545042414], [0.8642194209605063, 0.07778547353680101, 0.0469796470329607, 0.0035218629148973963, 0.00446097525272968, 0.003032620302104806], [0.8063709154566603, 0.06754071438145673, 0.03197526971983833, 0.0128050306413461, 0.0771038641315297, 0.004204205669168958]], [[0.8095991142001774, 0.06336554801453134, 0.04014128942051198, 0.009435475943836225, 0.07329593089754079, 0.004162641523402444], [0.8819993601144706, 0.07224391405500268, 0.03471977899643831, 0.0035783605327490914, 0.004444841047369284, 0.003013745253970082], [0.8357093056905798, 0.1415594796578993, 0.0030300734721891206, 0.00558926172118875, 0.01108180598595402, 0.0030300734721891206], [0.8169638308316997, 0.15492805994876419, 0.003019393853441036, 0.006018790618112624, 0.016050530894541472, 0.003019393853441036], [0.7719696881261796, 0.17669751395503563, 0.003003366334309284, 0.01044222162612891, 0.034883843624037215, 0.003003366334309284], [0.8017225579358385, 0.15066147165448246, 0.0030053576931589514, 0.009002885775544442, 0.03260236924781691, 0.0030053576931589514], [0.821885546128675, 0.13637337667332336, 0.003011784279050826, 0.00868911095305724, 0.027028397686842565, 0.003011784279050826], [0.8302027052704944, 0.12915553286893103, 0.0030156524637284755, 0.008218341845999528, 0.026392115087118057, 0.0030156524637284755], [0.8346830246429466, 0.12937481250887717, 0.0030193958558034006, 0.007117505009969765, 0.022785866126599667, 0.0030193958558034006], [0.7972605853481899, 0.1088297981569313, 0.05766226504384061, 0.008523420593997747, 0.024710467487719334, 0.003013463369321028], [0.6530160096201489, 0.10571006667659287, 0.05770434168845951, 0.03269851130734493, 0.14496459134074008, 0.005906479366713708], [0.6303766190584185, 0.12922644667336913, 0.04856810366117723, 0.03583665944549182, 0.1497561477170629, 0.006236023444480459], [0.7505752033763547, 0.12162306206476106, 0.08384099703800627, 0.010173179571614685, 0.030773469324512515, 0.0030140886247506434], [0.05394948822978001, 0.16064950769465577, 0.0030150109622847205, 0.00677206406831549, 0.7725989180826793, 0.0030150109622847205], [0.7752867024143743, 0.18015805030528817, 0.0030066948312548344, 0.008852146537936293, 0.02968971107989163, 0.0030066948312548344], [0.07238109362571578, 0.2434702031031948, 0.003059384961632179, 0.010549552552915707, 0.6674803807949095, 0.003059384961632179], [0.054156411899187705, 0.2397382554495277, 0.003087109961355766, 0.010025757959307706, 0.6899053547692654, 0.003087109961355766], [0.6666964434624485, 0.2641357145031071, 0.0030092017170928733, 0.011154249689574198, 0.051995188910684435, 0.0030092017170928733], [0.11541903180335443, 0.2782264133722157, 0.003019611377968841, 0.014095963918605917, 0.5862193681498863, 0.003019611377968841], [0.6528680247006323, 0.2677340573337752, 0.00301769941129181, 0.011825022801559547, 0.06153749634144929, 0.00301769941129181], [0.10622814819826291, 0.27712432078535915, 0.0030141038373214333, 0.013197646224361719, 0.5974216771173734, 0.0030141038373214333], [0.644185239952327, 0.281488983853122, 0.003004055644896868, 0.014325448615487879, 0.053992216289269326, 0.003004055644896868], [0.6375177789405578, 0.2813793488109389, 0.003008507488432986, 0.01375318653349813, 0.06133267073813927, 0.003008507488432986], [0.6348149281085466, 0.27539251324637776, 0.0030098649479805067, 0.014887982618570791, 0.06888484613054381, 0.0030098649479805067], [0.6748533706990865, 0.247965055374726, 0.003022594911434719, 0.01344896435357187, 0.05768741974974616, 0.003022594911434719], [0.6681968366895196, 0.23568449518645934, 0.003020447842720134, 0.0139302444749679, 0.07614752796361288, 0.003020447842720134], [0.6961322173880772, 0.2295642169215213, 0.0030214497949190475, 0.013436701546086394, 0.05482396455447705, 0.0030214497949190475], [0.7051801494901753, 0.22962505649105613, 0.00304432472457254, 0.012484307228210792, 0.04662183734141282, 0.00304432472457254], [0.7660446065466305, 0.17924715655654624, 0.003003154271438826, 0.009371133875660138, 0.03933079447828545, 0.003003154271438826], [0.11005198008366468, 0.19100511337426596, 0.003012034077542656, 0.011040859113351316, 0.6818779792736328, 0.003012034077542656], [0.7048899236194623, 0.22222008848805236, 0.0030161628804722873, 0.013058446353719033, 0.05379921577782187, 0.0030161628804722873], [0.6797486940137349, 0.24080841169881329, 0.003019726309125006, 0.01404986617894422, 0.05935357549025755, 0.003019726309125006], [0.7093233692007322, 0.23180735479933814, 0.003034750319084341, 0.011344369088697575, 0.04145540627306339, 0.003034750319084341], [0.28681546923641, 0.25730998179592957, 0.013330228297220916, 0.05167429079547335, 0.28983474998900915, 0.10103527988595706], [0.7980482748681474, 0.16283232701076092, 0.003010045742375055, 0.007064796949307169, 0.026034509687034395, 0.003010045742375055], [0.031779188907861855, 0.17086326680266822, 0.0030399298764918798, 0.005665230496645949, 0.7856124540398403, 0.0030399298764918798], [0.030321683496468896, 0.15897070088326584, 0.0030368093508995405, 0.005590084209125702, 0.7990439127093405, 0.0030368093508995405], [0.8621631223035514, 0.12132611505237097, 0.003043738739489728, 0.0037920967855126714, 0.00663118837958568, 0.003043738739489728], [0.009825395335999697, 0.06562200571586423, 0.03746035123826633, 0.0038299563423345477, 0.8802423193842016, 0.0030199719833336382], [0.8009167079395937, 0.06312341314763706, 0.04380259033788492, 0.013718660085132383, 0.0742246197545573, 0.004214008735194732]], [[0.8744929103986997, 0.04892719716193173, 0.029251054577628693, 0.0069387502454271565, 0.03683351109111869, 0.0035565765251941574], [0.8883897332437096, 0.07075973517520368, 0.029752456136226676, 0.0035759801485251174, 0.0045104340804695536, 0.0030116612158654155], [0.009672495090177183, 0.0820775906805067, 0.0030047004644764984, 0.0037589010895426925, 0.8984816122108203, 0.0030047004644764984], [0.8209715270273141, 0.14384994618751262, 0.003014355566518132, 0.007632201673596828, 0.021517613978540386, 0.003014355566518132], [0.829457306492138, 0.1360439438433767, 0.003017930251277689, 0.00668063456072806, 0.021782254601201867, 0.003017930251277689], [0.831653385293887, 0.13067786398164527, 0.003017423999319666, 0.007230550523919405, 0.024403352201909007, 0.003017423999319666], [0.8386927005063716, 0.12525702903257363, 0.0030214274615153595, 0.006945941771983327, 0.02306147376604075, 0.0030214274615153595], [0.7901724740583842, 0.10316912169435641, 0.06491479368679194, 0.010024699723190443, 0.02871124462291405, 0.003007666214362874], [0.8186491479191582, 0.09326635765534019, 0.05795015743842408, 0.007406961666943426, 0.019715860083061993, 0.0030115152370720328], [0.789415680175243, 0.08672068073013225, 0.01201564136935411, 0.022888701234057313, 0.08448992628712079, 0.004469370204092584], [0.8084312432714031, 0.10143976365753705, 0.05808359439613999, 0.007387128784557565, 0.02164619900482286, 0.0030120708855393735], [0.7761540077723172, 0.11322944543935305, 0.06467152300394384, 0.010801413405887628, 0.03213074767540631, 0.003012862703091885], [0.04045214577520611, 0.13474674489918823, 0.00304263005711565, 0.005773514172318991, 0.8129423350390554, 0.00304263005711565], [0.040915736305641326, 0.14967434127589632, 0.0030286102067975025, 0.006940952167129201, 0.7964117498377382, 0.0030286102067975025], [0.7963315847455265, 0.16326762064146502, 0.003006591909632669, 0.007754470991046115, 0.02663313980269707, 0.003006591909632669], [0.780029265914831, 0.17767376795220113, 0.00300745655392692, 0.00785641485467179, 0.028425638170442295, 0.00300745655392692], [0.7082443076951682, 0.2411812040592781, 0.003044779491043873, 0.00979327278357869, 0.03469165647988734, 0.003044779491043873], [0.7137834943705738, 0.23128110544429126, 0.0030477546227619797, 0.009576934071911227, 0.039262956867699844, 0.0030477546227619797], [0.7097118229915271, 0.23215018420302802, 0.0030250788312329623, 0.010987625427125922, 0.04110020971585305, 0.0030250788312329623], [0.6549046224578959, 0.2734728798721491, 0.0030134635192481858, 0.012383050466071521, 0.053212520165387155, 0.0030134635192481858], [0.6972124968630966, 0.24503842958859703, 0.0030198222009388646, 0.011142600485283231, 0.04056682866114547, 0.0030198222009388646], [0.6650574534016674, 0.2666490210022534, 0.003008540981382635, 0.011749111108687559, 0.05052733252462636, 0.003008540981382635], [0.3976157610105869, 0.40124249205214624, 0.003045851913337447, 0.020423593499079663, 0.1746264496115125, 0.003045851913337447], [0.1092985594017675, 0.2796801504539389, 0.0030219384291302926, 0.014067794456621372, 0.5909096188294116, 0.0030219384291302926], [0.14057148718050283, 0.24754267659814266, 0.003013405363667132, 0.014021050177749402, 0.5918379753162707, 0.003013405363667132], [0.09765257198071976, 0.21249843533962073, 0.003119676705224698, 0.012465205685532546, 0.6711444335836776, 0.003119676705224698], [0.69169141337105, 0.22299791431257016, 0.00304456128502724, 0.013052506157893615, 0.06616904358843166, 0.00304456128502724], [0.7348286748666408, 0.18182750948536722, 0.0030009838334541573, 0.011583605260960276, 0.06575824272012337, 0.0030009838334541573], [0.312712309764073