{"prediction": [[[0.9852216748768479, 0.0029556650246305434, 0.0029556650246305434, 0.0029556650246305434, 0.0029556650246305434, 0.0029556650246305434], [0.9852216748768479, 0.0029556650246305434, 0.0029556650246305434, 0.0029556650246305434, 0.0029556650246305434, 0.0029556650246305434], [0.9852216748768479, 0.0029556650246305434, 0.0029556650246305434, 0.0029556650246305434, 0.0029556650246305434, 0.0029556650246305434], [0.9852216748768479, 0.0029556650246305434, 0.0029556650246305434, 0.0029556650246305434, 0.0029556650246305434, 0.0029556650246305434], [0.9852216748768479, 0.0029556650246305434, 0.0029556650246305434, 0.0029556650246305434, 0.0029556650246305434, 0.0029556650246305434], [0.9852216748768479, 0.0029556650246305434, 0.0029556650246305434, 0.0029556650246305434, 0.0029556650246305434, 0.0029556650246305434], [0.9852216748768479, 0.0029556650246305434, 0.0029556650246305434, 0.0029556650246305434, 0.0029556650246305434, 0.0029556650246305434], [0.9852216748768479, 0.0029556650246305434, 0.0029556650246305434, 0.0029556650246305434, 0.0029556650246305434, 0.0029556650246305434], [0.9852216748768479, 0.0029556650246305434, 0.0029556650246305434, 0.0029556650246305434, 0.0029556650246305434, 0.0029556650246305434], [0.9852216748768479, 0.0029556650246305434, 0.0029556650246305434, 0.0029556650246305434, 0.0029556650246305434, 0.0029556650246305434], [0.9852216748768479, 0.0029556650246305434, 0.0029556650246305434, 0.0029556650246305434, 0.0029556650246305434, 0.0029556650246305434], [0.9852216748768479, 0.0029556650246305434, 0.0029556650246305434, 0.0029556650246305434, 0.0029556650246305434, 0.0029556650246305434], [0.9852216748768479, 0.0029556650246305434, 0.0029556650246305434, 0.0029556650246305434, 0.0029556650246305434, 0.0029556650246305434], [0.9852216748768479, 0.0029556650246305434, 0.0029556650246305434, 0.0029556650246305434, 0.0029556650246305434, 0.0029556650246305434], [0.9852216748768479, 0.0029556650246305434, 0.0029556650246305434, 0.0029556650246305434, 0.0029556650246305434, 0.0029556650246305434], [0.9852216748768479, 0.0029556650246305434, 0.0029556650246305434, 0.0029556650246305434, 0.0029556650246305434, 0.0029556650246305434], [0.9852216748768479, 0.0029556650246305434, 0.0029556650246305434, 0.0029556650246305434, 0.0029556650246305434, 0.0029556650246305434], [0.9852216748768479, 0.0029556650246305434, 0.0029556650246305434, 0.0029556650246305434, 0.0029556650246305434, 0.0029556650246305434], [0.9852216748768479, 0.0029556650246305434, 0.0029556650246305434, 0.0029556650246305434, 0.0029556650246305434, 0.0029556650246305434], [0.9852216748768479, 0.0029556650246305434, 0.0029556650246305434, 0.0029556650246305434, 0.0029556650246305434, 0.0029556650246305434], [0.9852216748768479, 0.0029556650246305434, 0.0029556650246305434, 0.0029556650246305434, 0.0029556650246305434, 0.0029556650246305434], [0.9852216748768479, 0.0029556650246305434, 0.0029556650246305434, 0.0029556650246305434, 0.0029556650246305434, 0.0029556650246305434], [0.9852216748768479, 0.0029556650246305434, 0.0029556650246305434, 0.0029556650246305434, 0.0029556650246305434, 0.0029556650246305434], [0.9852216748768479, 0.0029556650246305434, 0.0029556650246305434, 0.0029556650246305434, 0.0029556650246305434, 0.0029556650246305434], [0.9852216748768479, 0.0029556650246305434, 0.0029556650246305434, 0.0029556650246305434, 0.0029556650246305434, 0.0029556650246305434], [0.9852216748768479, 0.0029556650246305434, 0.0029556650246305434, 0.0029556650246305434, 0.0029556650246305434, 0.0029556650246305434], [0.9852216748768479, 0.0029556650246305434, 0.0029556650246305434, 0.0029556650246305434, 0.0029556650246305434, 0.0029556650246305434], [0.9852216748768479, 0.0029556650246305434, 0.0029556650246305434, 0.0029556650246305434, 0.0029556650246305434, 0.0029556650246305434], [0.9852216748768479, 0.0029556650246305434, 0.0029556650246305434, 0.0029556650246305434, 0.0029556650246305434, 0.0029556650246305434], [0.9852216748768479, 0.0029556650246305434, 0.0029556650246305434, 0.0029556650246305434, 0.0029556650246305434, 0.0029556650246305434], [0.9852216748768479, 0.0029556650246305434, 0.0029556650246305434, 0.0029556650246305434, 0.0029556650246305434, 0.0029556650246305434], [0.9852216748768479, 0.0029556650246305434, 0.0029556650246305434, 0.0029556650246305434, 0.0029556650246305434, 0.0029556650246305434], [0.9852216748768479, 0.0029556650246305434, 0.0029556650246305434, 0.0029556650246305434, 0.0029556650246305434, 0.0029556650246305434], [0.9852216748768479, 0.0029556650246305434, 0.0029556650246305434, 0.0029556650246305434, 0.0029556650246305434, 0.0029556650246305434], [0.9852216748768479, 0.0029556650246305434, 0.0029556650246305434, 0.0029556650246305434, 0.0029556650246305434, 0.0029556650246305434], [0.9852216748768479, 0.0029556650246305434, 0.0029556650246305434, 0.0029556650246305434, 0.0029556650246305434, 0.0029556650246305434], [0.9852216748768479, 0.0029556650246305434, 0.0029556650246305434, 0.0029556650246305434, 0.0029556650246305434, 0.0029556650246305434], [0.9852216748768479, 0.0029556650246305434, 0.0029556650246305434, 0.0029556650246305434, 0.0029556650246305434, 0.0029556650246305434], [0.9852216748768479, 0.0029556650246305434, 0.0029556650246305434, 0.0029556650246305434, 0.0029556650246305434, 0.0029556650246305434], [0.9852216748768479, 0.0029556650246305434, 0.0029556650246305434, 0.0029556650246305434, 0.0029556650246305434, 0.0029556650246305434]], [[0.9852216748768479, 0.0029556650246305434, 0.0029556650246305434, 0.0029556650246305434, 0.0029556650246305434, 0.0029556650246305434], [0.9852216748768479, 0.0029556650246305434, 0.0029556650246305434, 0.0029556650246305434, 0.0029556650246305434, 0.0029556650246305434], [0.9775593717405923, 0.007241726585115946, 0.004799380717403957, 0.003003383857472689, 0.004392753241942506, 0.003003383857472689], [0.9770554928589638, 0.0073699262951982345, 0.004922487653376331, 0.0030047735366904053, 0.0046425461190809265, 0.0030047735366904053], [0.9852216748768479, 0.0029556650246305434, 0.0029556650246305434, 0.0029556650246305434, 0.0029556650246305434, 0.0029556650246305434], [0.9852216748768479, 0.0029556650246305434, 0.0029556650246305434, 0.0029556650246305434, 0.0029556650246305434, 0.0029556650246305434], [0.9852216748768479, 0.0029556650246305434, 0.0029556650246305434, 0.0029556650246305434, 0.0029556650246305434, 0.0029556650246305434], [0.0509984046569022, 0.015994797544683977, 0.016095381687045843, 0.004620677868040877, 0.9091659933193993, 0.0031247449239278674], [0.09463959635877196, 0.02324965991349982, 0.025580915752341657, 0.006727700201811056, 0.8467264499445301, 0.0030756778290455273], [0.9036192982631222, 0.02154449436922539, 0.028659351992566195, 0.006382574621766237, 0.036785674621307836, 0.0030086061320121825], [0.9040780990259529, 0.021600717489473627, 0.027237637644716983, 0.006300447228538164, 0.037771665235289104, 0.0030114333760291982], [0.09194774686334438, 0.021893006200860415, 0.026218459195431892, 0.00699284124371506, 0.8498852479269042, 0.0030626985697440544], [0.9135914295573717, 0.01931984481465034, 0.02163542264795724, 0.005600529642139063, 0.03683531190764004, 0.0030174614302416044], [0.9462562797732725, 0.013825164676628794, 0.013025256533744816, 0.003751245239709405, 0.02011312777643462, 0.0030289260002099258], [0.9474288981754736, 0.013659648411952184, 0.01244462206987978, 0.0036353496420235267, 0.0198038052017187, 0.003027676498952289], [0.9454669042219389, 0.014057581337603592, 0.012887926263343081, 0.003776742639044696, 0.020782402152881834, 0.0030284433851879115], [0.9470337753456175, 0.014065902173116807, 0.012748146355996243, 0.003755567265124769, 0.019376209979512705, 0.0030203988806321], [0.9464439113220016, 0.014378145117946953, 0.01328961463842277, 0.003778146867027941, 0.019092399164919095, 0.0030177828896814965], [0.945735539864236, 0.014296691724076327, 0.013462984775610766, 0.0038272295470737597, 0.01965709404196086, 0.0030204600470423297], [0.9145105518507002, 0.018947537011030524, 0.0209462229350091, 0.005374098236185711, 0.037201073728078904, 0.0030205162389954194], [0.04978323618771657, 0.014435936075107925, 0.014192005463616437, 0.0041916845235005756, 0.914297074633501, 0.0031000631165575237], [0.9475585777311004, 0.014011049939366313, 0.013140302447629412, 0.00374964011360845, 0.01852459289178588, 0.0030158368765095364], [0.04525018247609398, 0.013448657563825116, 0.012142746193991066, 0.004085415040769276, 0.9220079702229861, 0.0030650285023345347], [0.948641235290013, 0.013355953423681708, 0.012057255928325242, 0.0037561876568085665, 0.019167929841426914, 0.0030214378597445985], [0.9852216748768479, 0.0029556650246305434, 0.0029556650246305434, 0.0029556650246305434, 0.0029556650246305434, 0.0029556650246305434], [0.9852216748768479, 0.0029556650246305434, 0.0029556650246305434, 0.0029556650246305434, 0.0029556650246305434, 0.0029556650246305434], [0.9852216748768479, 0.0029556650246305434, 0.0029556650246305434, 0.0029556650246305434, 0.0029556650246305434, 0.0029556650246305434], [0.10076886937731701, 0.02362844348103168, 0.02772123123112167, 0.007355216542668759, 0.8374169537343453, 0.0031092856335155575], [0.8999416914358879, 0.022718470259393168, 0.030060610132673193, 0.00656808838886981, 0.037703119900716675, 0.003008019882459378], [0.09344342822669789, 0.022672680867376376, 0.040570737432744745, 0.0068717791273608395, 0.8333607457385053, 0.0030806286073149394], [0.9436574409199765, 0.014807359508758866, 0.015128230387696407, 0.0038867175546094404, 0.0195031614219048, 0.0030170902070539387], [0.948591474894108, 0.013877114160952145, 0.012231723240778569, 0.003751874098889122, 0.018530223802115213, 0.003017589803157027], [0.9509824978210961, 0.013464602250721092, 0.011429214746563028, 0.0037487308580334043, 0.017359541722774065, 0.003015412600812297], [0.95147200396447, 0.013276256931567133, 0.011456625844285391, 0.003747580266739875, 0.017032881666028277, 0.0030146513269095295], [0.013770998599839256, 0.007208696897056536, 0.004799225051427378, 0.003057067358197055, 0.9681069447352827, 0.003057067358197055], [0.9759375171031053, 0.00764664869909112, 0.004857346730260641, 0.0030130120922685737, 0.005532463283005837, 0.0030130120922685737], [0.9519978186504252, 0.013417604525100548, 0.011225251293186913, 0.0037464953687372173, 0.01659900219870602, 0.003013827963844154], [0.9758670377271654, 0.007837497351737431, 0.00498925241685231, 0.0030102186180987205, 0.0052857752680473945, 0.0030102186180987205], [0.9759978233465789, 0.00787470111769478, 0.005040102955573073, 0.003008137336024852, 0.005071097908103542, 0.003008137336024852], [0.9852216748768479, 0.0029556650246305434, 0.0029556650246305434, 0.0029556650246305434, 0.0029556650246305434, 0.0029556650246305434]], [[0.9852216748768479, 0.0029556650246305434, 0.0029556650246305434, 0.0029556650246305434, 0.0029556650246305434, 0.0029556650246305434], [0.9852216748768479, 0.0029556650246305434, 0.0029556650246305434, 0.0029556650246305434, 0.0029556650246305434, 0.0029556650246305434], [0.9852216748768479, 0.0029556650246305434, 0.0029556650246305434, 0.0029556650246305434, 0.0029556650246305434, 0.0029556650246305434], [0.9852216748768479, 0.0029556650246305434, 0.0029556650246305434, 0.0029556650246305434, 0.0029556650246305434, 0.0029556650246305434], [0.9852216748768479, 0.0029556650246305434, 0.0029556650246305434, 0.0029556650246305434, 0.0029556650246305434, 0.0029556650246305434], [0.9852216748768479, 0.0029556650246305434, 0.0029556650246305434, 0.0029556650246305434, 0.0029556650246305434, 0.0029556650246305434], [0.9430138437589696, 0.014928866903109909, 0.014187062827583122, 0.003846661439815516, 0.020993170136246162, 0.0030303949342758555], [0.8764564898652392, 0.06997610731164912, 0.003013993300932737, 0.006171284888087699, 0.04136813133315847, 0.003013993300932737], [0.09974664390232443, 0.07702441922816641, 0.003061234150061647, 0.006810366780860746, 0.8102961017885252, 0.003061234150061647], [0.8674582735974646, 0.07528877343542574, 0.0030311749291259535, 0.006854921478450973, 0.04433568163040664, 0.0030311749291259535], [0.6008320288508431, 0.1283118947650131, 0.0030191201835041118, 0.011343806914104986, 0.2534740291030307, 0.0030191201835041118], [0.8743514335578704, 0.0689660913324869, 0.003017010385821959, 0.00648657707762996, 0.044161877260368895, 0.003017010385821959], [0.882701126782387, 0.06219487290516395, 0.0030074493618619164, 0.006222652515031674, 0.042866449073693684, 0.0030074493618619164], [0.8849763889824435, 0.0613037840045292, 0.0030084687205836516, 0.005877457794536505, 0.041825431777323493, 0.0030084687205836516], [0.05573512867031481, 0.046781849694450164, 0.0031032361422606547, 0.004572654148942655, 0.8867038952017711, 0.0031032361422606547], [0.8792535988524471, 0.06429971879984436, 0.00300852341578295, 0.006031303127756205, 0.044398332388386405, 0.00300852341578295], [0.9203918739169206, 0.0455759698728183, 0.0030261957871478397, 0.004355522685510026, 0.023624241950455562, 0.0030261957871478397], [0.05649896552983961, 0.04821895849173874, 0.0030833537940789667, 0.004628783418189028, 0.8844865849720748, 0.0030833537940789667], [0.8768770042992988, 0.06813685456313363, 0.003009096864908913, 0.006092773806188269, 0.042875173601561414, 0.003009096864908913], [0.8766402758713202, 0.06805914780560793, 0.0030094706519832163, 0.006094190466155293, 0.043187444552950045, 0.0030094706519832163], [0.09879903230544676, 0.062188623907723894, 0.003027450807421247, 0.006136674781918554, 0.8268207673900684, 0.003027450807421247], [0.05438254106661997, 0.04136885758017459, 0.0030604241971975746, 0.004593897255135003, 0.8935338557036754, 0.0030604241971975746], [0.9305919988222221, 0.03727265280445092, 0.003011552088341357, 0.004332296329508887, 0.021779947867135364, 0.003011552088341357], [0.9077227948066311, 0.05795242202486273, 0.0030299031946746406, 0.004359653275416369, 0.02390532350374055, 0.0030299031946746406], [0.9109128861030263, 0.020121288560960907, 0.020151655703986197, 0.005891385406062333, 0.03989626397147677, 0.003026520254487278], [0.9852216748768479, 0.0029556650246305434, 0.0029556650246305434, 0.0029556650246305434, 0.0029556650246305434, 0.0029556650246305434], [0.9005120333213418, 0.022188359075745845, 0.024198352996321407, 0.006520296501183344, 0.043544827700390705, 0.0030361304050169334], [0.5712162002764993, 0.15910414510999557, 0.003014121121220829, 0.012110570615810981, 0.2515408417552524, 0.003014121121220829], [0.13788861408879532, 0.08106488682594161, 0.0030639816119072657, 0.007176067271679844, 0.7677424685897687, 0.0030639816119072657], [0.8443613888150661, 0.10132684391920183, 0.003007317336264286, 0.006271979940061689, 0.04202515265314184, 0.003007317336264286], [0.8803033555945597, 0.06595948614263952, 0.003005653924089197, 0.006025304153896664, 0.041700546260725724, 0.003005653924089197], [0.9256141537711637, 0.041660861480329575, 0.0030150284543439985, 0.004337128370130089, 0.02235779946968869, 0.0030150284543439985], [0.9350012925257696, 0.033134489765641754, 0.0030130515047541153, 0.00433406203188179, 0.0215040526671988, 0.0030130515047541153], [0.9372434216571623, 0.03131377357550133, 0.003013603217105411, 0.004334774562612656, 0.021080823770512742, 0.003013603217105411], [0.9380053032325736, 0.030811946783135487, 0.0030134109056849305, 0.004334599001583688, 0.02082132917133732, 0.0030134109056849305], [0.9377001600292939, 0.03173175633963534, 0.003010439398939477, 0.004330057955849925, 0.0202171468773418, 0.003010439398939477], [0.9373354047643541, 0.033021904667943705, 0.0030067885163738207, 0.004324743441794817, 0.019304370093159814, 0.0030067885163738207], [0.9366946504773097, 0.03389149319836192, 0.0030055043852239, 0.004323228761820706, 0.019079618792059994, 0.0030055043852239], [0.013490123591518183, 0.007563764721799947, 0.0051105794161723705, 0.0030518113882580817, 0.9677319094939933, 0.0030518113882580817], [0.9852216748768479, 0.0029556650246305434, 0.0029556650246305434, 0.0029556650246305434, 0.0029556650246305434, 0.0029556650246305434]], [[0.9852216748768479, 0.0029556650246305434, 0.0029556650246305434, 0.0029556650246305434, 0.0029556650246305434, 0.0029556650246305434], [0.9852216748768479, 0.0029556650246305434, 0.0029556650246305434, 0.0029556650246305434, 0.0029556650246305434, 0.0029556650246305434], [0.9852216748768479, 0.0029556650246305434, 0.0029556650246305434, 0.0029556650246305434, 0.0029556650246305434, 0.0029556650246305434], [0.9852216748768479, 0.0029556650246305434, 0.0029556650246305434, 0.0029556650246305434, 0.0029556650246305434, 0.0029556650246305434], [0.9505469863338646, 0.013287922190598697, 0.012409540948918267, 0.003660530315835114, 0.017082099895140222, 0.003012920315643169], [0.9479716589070443, 0.014300842107325665, 0.012602950674763537, 0.003666224585516756, 0.018441238430261554, 0.00301708529508819], [0.888255804203497, 0.05910703342931086, 0.0030039038104323203, 0.005884532444767727, 0.040744822301559756, 0.0030039038104323203], [0.8749699334726238, 0.07107261162144846, 0.00301600159130308, 0.006426961827851055, 0.04149848989547062, 0.00301600159130308], [0.10396120040423316, 0.07816485822724625, 0.0030800235839794203, 0.00704672674323577, 0.804667167457326, 0.0030800235839794203], [0.13244425759370732, 0.0794705959440404, 0.003061743336974368, 0.007277281444820381, 0.7746843783434831, 0.003061743336974368], [0.1070283295063079, 0.07408055538398368, 0.0030823116737445666, 0.007126868033668987, 0.8055996237285502, 0.0030823116737445666], [0.8727271569431435, 0.06940967288945386, 0.0030198512996114377, 0.0067074117315054655, 0.04511605583667417, 0.0030198512996114377], [0.8789600484940131, 0.06439259384598174, 0.003011977972661973, 0.006254931400848492, 0.044368470313832745, 0.003011977972661973], [0.9187247871395728, 0.0467086182725719, 0.0030452969872149654, 0.004463195963957363, 0.0240128046494679, 0.0030452969872149654], [0.8774696497568475, 0.06628786410648238, 0.003019009204883106, 0.006046959348329747, 0.04415750837857422, 0.003019009204883106], [0.10472238373432236, 0.07073473002162871, 0.0030517181654269106, 0.006556552927554852, 0.8118828969856403, 0.0030517181654269106], [0.8733517327314115, 0.0694366138006656, 0.0030134854506998375, 0.00642966189447714, 0.04475502067204621, 0.0030134854506998375], [0.8682963915192302, 0.07374448628657003, 0.0030221694653741306, 0.006494785069029913, 0.0454199981944216, 0.0030221694653741306], [0.10419295826499773, 0.07757393076728868, 0.00306271132682247, 0.0067222843023715265, 0.8053854040116971, 0.00306271132682247], [0.8686832236033726, 0.07402671981815954, 0.0030213265053612684, 0.006508121324818918, 0.04473928224292642, 0.0030213265053612684], [0.8762704257821585, 0.06810106838275905, 0.0030096628657498604, 0.006220955315204278, 0.04338822478837843, 0.0030096628657498604], [0.8830169899159546, 0.0619132721827935, 0.0030054267939434, 0.006038603428479431, 0.043020280884885596, 0.0030054267939434], [0.9217064610423071, 0.04366032678843972, 0.003026996388187861, 0.004354810054076423, 0.02422440933880111, 0.003026996388187861], [0.9098024044975742, 0.015351414761551265, 0.013856285556610908, 0.004226669083451715, 0.05375327108858974, 0.0030099550122222145], [0.9852216748768479, 0.0029556650246305434, 0.0029556650246305434, 0.0029556650246305434, 0.0029556650246305434, 0.0029556650246305434], [0.9852216748768479, 0.0029556650246305434, 0.0029556650246305434, 0.0029556650246305434, 0.0029556650246305434, 0.0029556650246305434], [0.9852216748768479, 0.0029556650246305434, 0.0029556650246305434, 0.0029556650246305434, 0.0029556650246305434, 0.0029556650246305434], [0.8887242150161774, 0.024714514310530306, 0.03644846810684166, 0.0073886788538456896, 0.03969707408716417, 0.003027049625440846], [0.1059139787443986, 0.08490458088729788, 0.0030916386102380886, 0.007310339021653091, 0.7956878241261742, 0.0030916386102380886], [0.8676137545889793, 0.07608633973345498, 0.003024385715837844, 0.006455769751535405, 0.04379536449435474, 0.003024385715837844], [0.9155259841570594, 0.05052673556021758, 0.003037337342331246, 0.004369758392185462, 0.023502847205875088, 0.003037337342331246], [0.9258844368515103, 0.04112819448350166, 0.0030158860499539257, 0.0043384998525539805, 0.022617096712526093, 0.0030158860499539257], [0.9295409927883631, 0.037268123234264476, 0.0030161930707764246, 0.004338970982324631, 0.022819526853495125, 0.0030161930707764246], [0.05354025353636358, 0.035053188552084405, 0.0030562410594757337, 0.004586985962429097, 0.9007070898301714, 0.0030562410594757337], [0.9317863246193644, 0.03604645701837034, 0.003012106531533788, 0.004333053588287327, 0.02180995171091028, 0.003012106531533788], [0.9292461564374046, 0.038408531380916634, 0.003012269781533459, 0.00433331417370669, 0.02198745844490522, 0.003012269781533459], [0.9295781401439829, 0.03938267823707095, 0.0030076129423689158, 0.004326372229376906, 0.020697583504831373, 0.0030076129423689158], [0.0484535429826527, 0.03964059018394603, 0.0030277538362730827, 0.004543977473252817, 0.9013063816876024, 0.0030277538362730827], [0.9500063847201818, 0.014353639111366306, 0.012737689429341332, 0.003740639962763053, 0.016152818349374907, 0.003008828426972593], [0.9852216748768479, 0.0029556650246305434, 0.0029556650246305434, 0.0029556650246305434, 0.0029556650246305434, 0.0029556650246305434]], [[0.9852216748768479, 0.0029556650246305434, 0.0029556650246305434, 0.0029556650246305434, 0.0029556650246305434, 0.0029556650246305434], [0.010461397844345733, 0.006639138611090079, 0.004627133171940718, 0.003016756366074978, 0.9722388176404735, 0.003016756366074978], [0.9852216748768479, 0.0029556650246305434, 0.0029556650246305434, 0.0029556650246305434, 0.0029556650246305434, 0.0029556650246305434], [0.9529118781162773, 0.013715601935116523, 0.01131578517000283, 0.0036570328459222846, 0.015389541841500532, 0.003010160091180379], [0.049536393711334205, 0.03108314381643029, 0.00304393023217303, 0.004464578348852063, 0.9088280236590375, 0.00304393023217303], [0.09362291196226008, 0.05390327362487505, 0.003023304361569542, 0.005987246485082101, 0.8404399592046438, 0.003023304361569542], [0.886242389471181, 0.06140234139372862, 0.003004059568902638, 0.005884696529815093, 0.04046245346747023, 0.003004059568902638], [0.8758371109965185, 0.0682245239925994, 0.003014649949341746, 0.006361442528147334, 0.04354762258405136, 0.003014649949341746], [0.5995750920935882, 0.12801250531972067, 0.0030185983044051148, 0.01145045468594512, 0.25492475129193576, 0.0030185983044051148], [0.8678991224002065, 0.0724317139620374, 0.003030333808897056, 0.006866791082240674, 0.046741704937721396, 0.003030333808897056], [0.8706991732512012, 0.06916962258952435, 0.0030255923551708096, 0.006798521446089122, 0.04728149800284368, 0.0030255923551708096], [0.10637406927929742, 0.06705136874169215, 0.00306758747644857, 0.006688469137395316, 0.813750917888718, 0.00306758747644857], [0.061753096055649305, 0.05209453734567261, 0.00315917227398785, 0.005182838437755384, 0.8746511836129469, 0.00315917227398785], [0.10313538870845874, 0.06582880691791719, 0.0030663002274367002, 0.006553857348513577, 0.8183493465702371, 0.0030663002274367002], [0.875057492882137, 0.06796196555743159, 0.0030225106258541376, 0.0064088792478612985, 0.044526641060861925, 0.0030225106258541376], [0.10902128863311615, 0.07393969460773851, 0.0030735344199731653, 0.007092655224782484, 0.8037992926944165, 0.0030735344199731653], [0.8635017529031331, 0.0762850742262509, 0.0030319819593100632, 0.006978342627809368, 0.04717086632418625, 0.0030319819593100632], [0.8394265421815368, 0.0742318939113615, 0.0030154658094642102, 0.006802684684811742, 0.07350794760336166, 0.0030154658094642102], [0.10973456666412341, 0.07800764415244635, 0.0030855950397159623, 0.007140291461130156, 0.7989463076428681, 0.0030855950397159623], [0.5909231005339627, 0.13407635249716784, 0.003023189291341882, 0.011430276743672384, 0.2575238916425132, 0.003023189291341882], [0.8721836306267291, 0.06990415809683556, 0.0030155826066291186, 0.006428335965496621, 0.04545271009768043, 0.0030155826066291186], [0.8744086256266558, 0.06760595870483294, 0.0030131463147648643, 0.0063570399801136735, 0.04560208305886794, 0.0030131463147648643], [0.8781647539262305, 0.06301491848432045, 0.0030123628752349134, 0.006220356025098321, 0.04657524581388111, 0.0030123628752349134], [0.9071886665567912, 0.02097347334076172, 0.020589310860542217, 0.006132390184264917, 0.04208409000640795, 0.003032069051231774], [0.9852216748768479, 0.0029556650246305434, 0.0029556650246305434, 0.0029556650246305434, 0.0029556650246305434, 0.0029556650246305434], [0.9852216748768479, 0.0029556650246305434, 0.0029556650246305434, 0.0029556650246305434, 0.0029556650246305434, 0.0029556650246305434], [0.6241576581991002, 0.028237410619029357, 0.05228039872183977, 0.009418860149086897, 0.2828978234672289, 0.0030078488437149755], [0.83225188032767, 0.07988458766740046, 0.0030413182493962266, 0.007071154135362061, 0.07470974137077499, 0.0030413182493962266], [0.8624337782719909, 0.0788002827737855, 0.003036342397318364, 0.006647795865153693, 0.04604545829443326, 0.003036342397318364], [0.8682089083260631, 0.07499544637613142, 0.003023520805374292, 0.006172635899446846, 0.044575967787610055, 0.003023520805374292], [0.9181644432864646, 0.04771726381480722, 0.003030866376733142, 0.00436057729885684, 0.023695982846405103, 0.003030866376733142], [0.925812416767006, 0.04072445481400592, 0.0030179923834362976, 0.004341701047407414, 0.023085442604708267, 0.0030179923834362976], [0.053721856444306874, 0.03791565315964607, 0.0030559230891742447, 0.004587138527563535, 0.8976635056901349, 0.0030559230891742447], [0.09546280396395625, 0.05553675761678752, 0.0030216153123657405, 0.006124484672725103, 0.8368327231217996, 0.0030216153123657405], [0.9211991456736216, 0.04525212099442366, 0.003023072158431048, 0.004351397442730541, 0.02315119157236226, 0.003023072158431048], [0.9200365368377621, 0.047452887608002176, 0.003022311287620778, 0.00434918946234892, 0.022116763516645304, 0.003022311287620778], [0.8819253565452223, 0.06646069369070601, 0.0030042738498192952, 0.006022576058238368, 0.03958282600619484, 0.0030042738498192952], [0.9217360173804959, 0.0471748718013168, 0.003016411680511941, 0.004339733362900184, 0.02071655409426316, 0.003016411680511941], [0.0441170878048634, 0.014769107765571391, 0.013659243724247932, 0.004070608114939033, 0.9203304943945873, 0.0030534581957910637], [0.9852216748768479, 0.0029556650246305434, 0.0029556650246305434, 0.0029556650246305434, 0.0029556650246305434, 0.0029556650246305434]], [[0.9852216748768479, 0.0029556650246305434, 0.0029556650246305434, 0.0029556650246305434, 0.0029556650246305434, 0.0029556650246305434], [0.9778370108746619, 0.007128501093778802, 0.004821523331053172, 0.0030025053768027283, 0.004207953946900805, 0.0030025053768027283], [0.9777586174724417, 0.007201072831558109, 0.004723382306039018, 0.0030030313089906167, 0.004310864771979804, 0.0030030313089906167], [0.9852216748768479, 0.0029556650246305434, 0.0029556650246305434, 0.0029556650246305434, 0.0029556650246305434, 0.0029556650246305434], [0.9509711746636703, 0.01324818287000244, 0.011973574095566342, 0.003661500469358641, 0.017131656940904863, 0.0030139109604974653], [0.051511531591762645, 0.03842297551509745, 0.003050641852366014, 0.004473910475991879, 0.899490298712416, 0.003050641852366014], [0.888118497744198, 0.05976250307066277, 0.003003397213395552, 0.005882941390082721, 0.040229263368265294, 0.003003397213395552], [0.1006589769778152, 0.06529013112227013, 0.003043808216765991, 0.006173877280413497, 0.8217893981859692, 0.003043808216765991], [0.8738319959776045, 0.06754875280486697, 0.0030200408953457237, 0.0063996698874352964, 0.04617949953940184, 0.0030200408953457237], [0.8716779322582391, 0.06904351249703107, 0.003022918697519932, 0.0067571077756473875, 0.046475610074042384, 0.003022918697519932], [0.8751878775013519, 0.06491617621966334, 0.003020110736014033, 0.0065679458978351755, 0.047287778909121496, 0.003020110736014033], [0.8732846069521628, 0.06499109022269586, 0.0030262025248125697, 0.006644185622277405, 0.04902771215323879, 0.0030262025248125697], [0.8732633044967857, 0.06630320266193813, 0.0030230125611540827, 0.006656011906121761, 0.0477314558128463, 0.0030230125611540827], [0.8772742564832902, 0.06409809322371866, 0.003020911468828231, 0.006614716340042527, 0.0459711110152923, 0.003020911468828231], [0.8524549496088767, 0.08872088042627632, 0.003017389504467017, 0.0066584745623731794, 0.0461309163935397, 0.003017389504467017], [0.5887623420315802, 0.13414047269062812, 0.003022991105950715, 0.011651090902615024, 0.25940011216327524, 0.003022991105950715], [0.8634164127619398, 0.07402458125276914, 0.0030336522826919935, 0.0070387084004343405, 0.049452993019472806, 0.0030336522826919935], [0.8659681196648643, 0.07165517099107681, 0.0030284239359307536, 0.007046490091048907, 0.04927337138114863, 0.0030284239359307536], [0.8683506012123153, 0.07016954580085238, 0.003023943637756824, 0.00683758156863165, 0.04859438414268698, 0.003023943637756824], [0.8664323654071283, 0.07069277596866669, 0.003029669548357721, 0.006777945480574171, 0.05003757404691533, 0.003029669548357721], [0.8713694416173712, 0.06919083650847137, 0.0030178533604096574, 0.006541618633924355, 0.04686239651941397, 0.0030178533604096574], [0.8729499601987969, 0.06753146293283283, 0.0030164214720689608, 0.006454610299703564, 0.0470311236245289, 0.0030164214720689608], [0.8748411492500322, 0.06508899291868481, 0.0030160298316684385, 0.006399465397242641, 0.04763833277070335, 0.0030160298316684385], [0.8756671971733225, 0.06511053399227694, 0.003013459096417333, 0.006489980179153571, 0.04670537046241234, 0.003013459096417333], [0.09945873879536338, 0.024022860605526986, 0.02467141164450735, 0.0073006821076497894, 0.8414570658302487, 0.003089241016703788], [0.13363902949108422, 0.02292224567454133, 0.027179290020083503, 0.007098797350012757, 0.8060823734517608, 0.003078264012517389], [0.9852216748768479, 0.0029556650246305434, 0.0029556650246305434, 0.0029556650246305434, 0.0029556650246305434, 0.0029556650246305434], [0.10060601929419584, 0.025190365750476455, 0.027615380738218894, 0.007876079819996383, 0.8356034426879556, 0.003108711709156844], [0.8668977123522971, 0.07572732718924624, 0.0030264464355939684, 0.006165485758375356, 0.04515658182889332, 0.0030264464355939684], [0.9161020602777025, 0.049571703914472, 0.0030366926438707155, 0.004368817575179964, 0.023884032944904186, 0.0030366926438707155], [0.9207571377364899, 0.0449996727572009, 0.0030264860495512365, 0.004353889323880884, 0.023836328083325857, 0.0030264860495512365], [0.927149095852814, 0.03902021057906286, 0.0030193837914091566, 0.004343800125789216, 0.02344812585951558, 0.0030193837914091566], [0.8892415809341467, 0.055060812155725274, 0.003008264872019373, 0.006030522074207736, 0.04365055509188162, 0.003008264872019373], [0.8805828945511929, 0.06436503003317971, 0.0030059867573626357, 0.006136557264835501, 0.04290354463606664, 0.0030059867573626357], [0.875148057761841, 0.07045766344729357, 0.0030111507405668012, 0.0061530457588315855, 0.04221893155090029, 0.0030111507405668012], [0.8718504215601293, 0.07349398492542616, 0.0030163539117273215, 0.00633368966708885, 0.04228919602390125, 0.0030163539117273215], [0.8707507376094125, 0.07477040442126083, 0.0030189511478817526, 0.006289396964254811, 0.04215155870930841, 0.0030189511478817526], [0.8756148438168857, 0.07167304930402699, 0.003011334072417148, 0.006133866844603578, 0.04055557188964949, 0.003011334072417148], [0.04941644234613123, 0.01565077345349607, 0.01580737876195909, 0.004469003755872401, 0.9115620660444623, 0.003094335638078932], [0.9852216748768479, 0.0029556650246305434, 0.0029556650246305434, 0.0029556650246305434, 0.0029556650246305434, 0.0029556650246305434]], [[0.9852216748768479, 0.0029556650246305434, 0.0029556650246305434, 0.0029556650246305434, 0.0029556650246305434, 0.0029556650246305434], [0.010889402850898792, 0.006661186088713054, 0.00463333286318975, 0.0030207640611902317, 0.9717745500748179, 0.0030207640611902317], [0.9775451270709601, 0.007342755847577943, 0.004656920575627902, 0.003003777192162157, 0.004447642121509747, 0.003003777192162157], [0.9852216748768479, 0.0029556650246305434, 0.0029556650246305434, 0.0029556650246305434, 0.0029556650246305434, 0.0029556650246305434], [0.951667315478876, 0.012945123530399342, 0.011682105371992461, 0.003662405127676347, 0.01702855409755537, 0.003014496393500594], [0.933535740645888, 0.03587589653225021, 0.0030084175963104626, 0.0042287256896436165, 0.0203428019395974, 0.0030084175963104626], [0.9266760935836689, 0.04078257431524224, 0.0030177635622710805, 0.004242340344437803, 0.022263464632108973, 0.0030177635622710805], [0.881483615827744, 0.061787575444327746, 0.0030113368332250028, 0.005994146155462756, 0.04471198890601551, 0.0030113368332250028], [0.8783501112907366, 0.0629252662487158, 0.0030159793839752173, 0.006307713643251456, 0.046384950049345716, 0.0030159793839752173], [0.8731819111902651, 0.06719194920393454, 0.0030226020017078627, 0.0063903866193457505, 0.047190548983038844, 0.0030226020017078627], [0.8753848471337066, 0.06407316278571974, 0.003021462665035985, 0.006568730338708431, 0.0479303344117933, 0.003021462665035985], [0.1099047845749972, 0.06459583171099186, 0.0030815536185474705, 0.007031230931484095, 0.812305045545432, 0.0030815536185474705], [0.8737884458827346, 0.0650886864780884, 0.0030234771598736405, 0.006791973057219323, 0.04828394026221034, 0.0030234771598736405], [0.8754249667014539, 0.0656083127962604, 0.003023169607907882, 0.006827759527279826, 0.04609262175919014, 0.003023169607907882], [0.8475305660323316, 0.09249550169406551, 0.003021556485338487, 0.0070055860989221294, 0.0469252332040039, 0.003021556485338487], [0.8660204705443713, 0.0723915772595507, 0.0030262796137278877, 0.007309549909525735, 0.04822584305909655, 0.0030262796137278877], [0.8641957584434954, 0.07324485861811325, 0.0030312931741661784, 0.007233424664817689, 0.049263371925241335, 0.0030312931741661784], [0.8698737301201536, 0.06712550081772668, 0.0030245101112951972, 0.007021741207883152, 0.0499300076316462, 0.0030245101112951972], [0.8706712417170918, 0.06656435039288519, 0.0030240053217419015, 0.006815705070648191, 0.049900692175891104, 0.0030240053217419015], [0.8743578377252036, 0.06340885006849444, 0.003020380071569791, 0.006736351479666695, 0.049456200583495744, 0.003020380071569791], [0.8738177927431939, 0.0638846185579147, 0.0030216023169576476, 0.006556794406303893, 0.04969758965867222, 0.0030216023169576476], [0.8737412953919801, 0.06541973947121076, 0.0030179038568535735, 0.00654715810229554, 0.04825599932080664, 0.0030179038568535735], [0.8749491548649206, 0.06478241491291294, 0.0030160707289040357, 0.00648099714802027, 0.04775529161633795, 0.0030160707289040357], [0.10832218656877803, 0.06789351143418704, 0.003062162622189277, 0.006887238550424225, 0.8107727382022322, 0.003062162622189277], [0.8695808044461922, 0.06952245902858041, 0.0030213785786223743, 0.0068036434941907645, 0.04805033587379185, 0.0030213785786223743], [0.557811156793841, 0.14196955581721785, 0.0030028141311700587, 0.011057818969590173, 0.28315584015701095, 0.0030028141311700587], [0.9062827013656154, 0.02080180176813804, 0.02212704562785774, 0.00601061462676095, 0.041746842803463566, 0.003030993808164355], [0.9852216748768479, 0.0029556650246305434, 0.0029556650246305434, 0.0029556650246305434, 0.0029556650246305434, 0.0029556650246305434], [0.9090832113933605, 0.020809157669706868, 0.020693284788493478, 0.005929002636008677, 0.04045890624573005, 0.0030264372667004676], [0.9227241288964578, 0.04270045651456108, 0.0030256206146748064, 0.0043527436888481765, 0.02417142967078325, 0.0030256206146748064], [0.0562196087890707, 0.03906340804021828, 0.003072965046157989, 0.004612274473787201, 0.8939587786046079, 0.003072965046157989], [0.887718871092466, 0.05645094935353245, 0.003007618659050087, 0.006029118417608019, 0.043785823818293164, 0.003007618659050087], [0.8788705908704794, 0.0647387131025098, 0.0030076801817156542, 0.006353410416606356, 0.044021925246973334, 0.0030076801817156542], [0.8722545369881716, 0.07082416822212749, 0.0030147384527443232, 0.0064986101816763365, 0.04439320770253598, 0.0030147384527443232], [0.8679459880104798, 0.07538093844367005, 0.003022623202772669, 0.006719380458652932, 0.04390844668165177, 0.003022623202772669], [0.8651588954921067, 0.07864968974248868, 0.003030189359279032, 0.0068604274672343065, 0.04327060857961235, 0.003030189359279032], [0.8623417602971768, 0.08032786206620401, 0.0030378708141300848, 0.006705822420716165, 0.04454881358764289, 0.0030378708141300848], [0.09992543787119071, 0.07911665748714279, 0.00305291091109985, 0.006734215681720266, 0.8081178671377466, 0.00305291091109985], [0.9064713765813067, 0.021814781691067944, 0.02559549642475175, 0.006250686192399535, 0.03685856454538893, 0.0030090945650851344], [0.9852216748768479, 0.0029556650246305434, 0.0029556650246305434, 0.0029556650246305434, 0.0029556650246305434, 0.0029556650246305434]], [[0.9852216748768479, 0.0029556650246305434, 0.0029556650246305434, 0.0029556650246305434, 0.0029556650246305434, 0.0029556650246305434], [0.9778010617832731, 0.007200444477453555, 0.004506588683163171, 0.0030041221511738587, 0.00448366075376238, 0.0030041221511738587], [0.9852216748768479, 0.0029556650246305434, 0.0029556650246305434, 0.0029556650246305434, 0.0029556650246305434, 0.0029556650246305434], [0.9852216748768479, 0.0029556650246305434, 0.0029556650246305434, 0.0029556650246305434, 0.0029556650246305434, 0.0029556650246305434], [0.9517660300902542, 0.012985242983625807, 0.011254170691667228, 0.003664553677040283, 0.017313743251293312, 0.003016259306119213], [0.05204405470178532, 0.03496713536839611, 0.003054923970268891, 0.004479881934993669, 0.9023990800542872, 0.003054923970268891], [0.928304196248906, 0.03814814506693322, 0.003021921886490232, 0.004248276366118029, 0.023255538545062328, 0.003021921886490232], [0.8851339012644661, 0.058608560849513346, 0.003009646988523487, 0.00596337966305755, 0.04427486424591593, 0.003009646988523487], [0.8770296000117987, 0.06398819010316144, 0.003017852273669427, 0.006223215785390115, 0.04672328955231083, 0.003017852273669427], [0.8744005677903052, 0.06498624655573698, 0.0030223666176299254, 0.006610096664027245, 0.04795835575467061, 0.0030223666176299254], [0.8711468994555247, 0.06808477165444114, 0.0030267033724802254, 0.006618908327675721, 0.04809601381739795, 0.0030267033724802254], [0.8741632571701008, 0.06459244043413005, 0.0030231001120631946, 0.006871116860044765, 0.04832698531159806, 0.0030231001120631946], [0.8461206799666648, 0.06692169865115642, 0.003008250737424729, 0.007046722582568798, 0.0738943973247606, 0.003008250737424729], [0.10672707604861956, 0.06865227547803356, 0.003087290028256547, 0.007334819451536029, 0.8111112489652977, 0.003087290028256547], [0.5637187968590656, 0.12713335089586428, 0.003025528649898615, 0.011342030120036215, 0.29175476482523677, 0.003025528649898615], [0.11067032071739628, 0.07002356899669954, 0.003074537908398825, 0.0075035487718019675, 0.8056534856973045, 0.003074537908398825], [0.10955003573212299, 0.06847966225193448, 0.0030677692658723915, 0.007392262066407976, 0.8084425014177898, 0.0030677692658723915], [0.8661791180481225, 0.07196425513804965, 0.0030268640750502574, 0.007156410148092454, 0.04864648851563488, 0.0030268640750502574], [0.11496763562475498, 0.06941744063181601, 0.003094743483667299, 0.007446394615142254, 0.8019790421609522, 0.003094743483667299], [0.8714901588905895, 0.06629360657874289, 0.0030219114290089524, 0.006807859823643793, 0.0493645518490059, 0.0030219114290089524], [0.8749436031202061, 0.06345940895538593, 0.0030189868842888253, 0.006575870117621103, 0.04898314403820924, 0.0030189868842888253], [0.87834758