{"prediction": [[[0.8976891005119318, 0.05926499856007646, 0.003522335962613696, 0.003522335962613696, 0.03247889304015078, 0.003522335962613696], [0.8293904566096133, 0.07341517601378182, 0.024524640444878558, 0.005375280542855378, 0.06324602083382133, 0.0040484255550496265], [0.8339666898113899, 0.07042362992409068, 0.019473439157644476, 0.006315694340251468, 0.06580426464175598, 0.004016282124867484], [0.8543489440330099, 0.06607470771760146, 0.014422362372846848, 0.006049334940340076, 0.05527436478158952, 0.0038302861546122067], [0.8585852791263479, 0.06755315219013674, 0.014028564826662624, 0.0050523138136693985, 0.05097889042192921, 0.0038017996212539955], [0.8276783891658334, 0.07274140058527627, 0.030297536689898215, 0.005353073840380093, 0.059890001387795405, 0.004039598330816552], [0.8551972708821386, 0.06516751349061806, 0.018738355186172503, 0.005468126669416155, 0.05162818091428683, 0.0038005528573679384], [0.8562968128645903, 0.07196225327741416, 0.017257696981531574, 0.006090618164794714, 0.0445833658171812, 0.0038092528944879103], [0.8330775470252414, 0.06964734442500194, 0.022751807291479312, 0.005030434211379015, 0.06547456040043426, 0.004018306646463979], [0.8386887908113501, 0.07242031729397967, 0.026569358069054843, 0.004603099215407147, 0.05376986702785175, 0.0039485675823565675], [0.8506412755577855, 0.06657764200854245, 0.011407141266040529, 0.003912326702925866, 0.06354928776178, 0.003912326702925866], [0.8467600844359968, 0.06945612923718289, 0.02134596384955517, 0.0038920777282386637, 0.05465366702078788, 0.0038920777282386637], [0.8261201255213966, 0.07610818981731167, 0.01166471904399318, 0.0041918328182754495, 0.07772329998074787, 0.0041918328182754495], [0.8427540308870035, 0.07290551345169433, 0.007753638943578075, 0.004033963064075848, 0.06851889058957242, 0.004033963064075848], [0.8605842610930861, 0.06938522424646013, 0.012829175363627016, 0.0038047986715405674, 0.04959174195374569, 0.0038047986715405674], [0.8495773071067588, 0.06963832306313007, 0.01845917892322364, 0.003879187742945378, 0.05456681542099656, 0.003879187742945378], [0.8671907615129163, 0.06555327229961323, 0.013079305195163992, 0.003733182513719629, 0.046710295964867234, 0.003733182513719629], [0.8342819918451766, 0.07165891734274069, 0.02329658839041255, 0.00401353919536587, 0.06273542403093847, 0.00401353919536587], [0.8855261671433237, 0.0636477914091545, 0.008870668755831215, 0.003597222586053458, 0.03476092751958388, 0.003597222586053458], [0.8620379417576253, 0.06574427009206339, 0.01995608167688899, 0.0037466848188801778, 0.04476833683566199, 0.0037466848188801778], [0.8765772122713346, 0.06390987835521558, 0.012133369180400264, 0.0036521889105621402, 0.040075162371925266, 0.0036521889105621402], [0.8707930858661321, 0.06537484988168946, 0.011271821198795069, 0.003710868502100442, 0.04513850604918245, 0.003710868502100442], [0.8457120187480316, 0.0736347575121281, 0.015665737612465633, 0.003941413582408935, 0.05710465896255688, 0.003941413582408935], [0.866788970745186, 0.06757437160617198, 0.014002278169053384, 0.003736999153833109, 0.044160381171922426, 0.003736999153833109], [0.8786996471545085, 0.06594000204164845, 0.013276513717897025, 0.003637432366673289, 0.03480897235259946, 0.003637432366673289], [0.9024118986359299, 0.058529089576231964, 0.00687023543756713, 0.003468894685312368, 0.025250986979646242, 0.003468894685312368], [0.8840318888677311, 0.06526898607074229, 0.01021224398976513, 0.0036083307594203568, 0.03327021955292081, 0.0036083307594203568], [0.8675826687709511, 0.07038924381507801, 0.012882607213901637, 0.00374496711235948, 0.04165554597535026, 0.00374496711235948], [0.8711100534782563, 0.06996861590827158, 0.014060809689382357, 0.003709164300354591, 0.03744219232338057, 0.003709164300354591], [0.8603496803493218, 0.07127675465947282, 0.015774486468857662, 0.0037959205915822454, 0.045007237339183166, 0.0037959205915822454], [0.840304591696423, 0.07609832906347004, 0.015462532257529082, 0.00400265021223591, 0.060129246558106184, 0.00400265021223591], [0.8424504134646796, 0.07303309613120057, 0.027691502304866614, 0.003916048006186666, 0.04899289208687999, 0.003916048006186666], [0.8837947776287122, 0.06679940937967678, 0.008913262970857925, 0.0036230320380078703, 0.033246485944737496, 0.0036230320380078703], [0.8964381069279407, 0.06698290942016223, 0.007894810116918158, 0.0035480684152521475, 0.021588036704474782, 0.0035480684152521475], [0.8906823296600636, 0.06523258907621204, 0.013610234954324401, 0.003553357612975882, 0.023368131083448183, 0.003553357612975882], [0.8905070308823195, 0.06802773981232327, 0.014349244007080757, 0.0035714095496726683, 0.019973166198931237, 0.0035714095496726683], [0.9034950090117145, 0.06331401703298752, 0.01020869838390052, 0.0034830850639356254, 0.016016105443526243, 0.0034830850639356254], [0.8744215859759676, 0.07252242396470461, 0.0074638610472555255, 0.0037275144964817124, 0.038137100019108916, 0.0037275144964817124], [0.8784139511124516, 0.06508306836795674, 0.012574934343901693, 0.0036392632750459446, 0.0366495196255982, 0.0036392632750459446], [0.9198128627849786, 0.05831377768194708, 0.0033982657631184605, 0.0033982657631184605, 0.011678562243719022, 0.0033982657631184605]], [[0.8009935385248487, 0.07458114730096191, 0.02787891535006555, 0.005794395399027128, 0.08639300913351645, 0.004358994291580164], [0.8475644226601421, 0.06363700819403922, 0.05625312308235465, 0.008214634649943884, 0.021322525767289373, 0.00300828564623076], [0.8141616590056204, 0.0704993707281613, 0.06837699479024023, 0.011575005268213511, 0.03235375079726531, 0.0030332194104992147], [0.7617097024975743, 0.08403732753338948, 0.09230704565667054, 0.014519366343868535, 0.04442463758717198, 0.003001920381325327], [0.8032422664078707, 0.06966205025433247, 0.07761432085415113, 0.011611767660758764, 0.03482420875542574, 0.0030453860674612646], [0.07576853195531967, 0.07646988191206242, 0.08033269990230657, 0.011458288965573257, 0.7528969475853826, 0.0030736496793554984], [0.7280671442366996, 0.0892679752596646, 0.11922257439787157, 0.015004077866608569, 0.04543166108618074, 0.003006567152974796], [0.7253692468309414, 0.09211452824313081, 0.11411833398625029, 0.01675527091217039, 0.048634990007998674, 0.0030076300195085092], [0.7288396884784452, 0.09302565077357297, 0.11382318528076434, 0.01515763247930933, 0.046148116546431674, 0.003005726441476654], [0.7222674132610437, 0.09014854439756081, 0.1177068435990278, 0.016736392915879986, 0.05013136696579118, 0.003009438860696594], [0.7481992758365436, 0.08604289219347352, 0.10902307917074633, 0.013350646781036481, 0.040382746740729274, 0.0030013592774708817], [0.06140760391577439, 0.05756443433356911, 0.07408459754714224, 0.008067680280346348, 0.7958449432520284, 0.0030307406711395897], [0.046519095631871864, 0.05225821836371127, 0.05826426028360049, 0.00635074601953831, 0.8336019624245374, 0.003005717276740635], [0.8760437442807267, 0.046871096333893365, 0.04917999894621332, 0.005993372663929808, 0.018911181826197377, 0.003000605949039205], [0.9246855222443355, 0.033726098014986945, 0.02415487063930639, 0.004102703085394029, 0.010312277786629444, 0.0030185282293476415], [0.9149355362257375, 0.03776253109215487, 0.030540925991247258, 0.00412422577664554, 0.00960870168592181, 0.0030280792282930146], [0.9062494314087605, 0.04090589466970445, 0.0346405278537904, 0.004701827867311264, 0.01046124861833927, 0.003041069582094233], [0.04504305200360577, 0.06097271731549344, 0.06783384735001911, 0.007401493955354173, 0.8157374029398827, 0.003011486435644845], [0.825131662064555, 0.07114297536824772, 0.07077698756857036, 0.008988161393256762, 0.020940233255545282, 0.003019980349825004], [0.7822940684889184, 0.07794769445617704, 0.09118924442130942, 0.012252939647206851, 0.033252855449341465, 0.0030631975370469604], [0.7335877719863254, 0.09626677820779705, 0.11075745670912113, 0.015499121641634847, 0.04088687815195477, 0.0030019933031668125], [0.7890562190651134, 0.07759314824183376, 0.09052384547762543, 0.011128855379119389, 0.028642794073407647, 0.0030551377629005685], [0.04776590294488221, 0.06610099064185668, 0.0751181448728977, 0.007873552043855325, 0.8001198752954867, 0.0030215342010214527], [0.8417806604815423, 0.06150494899385216, 0.06572770375327947, 0.007912977554770538, 0.02006402268930438, 0.003009686527251156], [0.9194307363055417, 0.036779219237542744, 0.0273984776038749, 0.0041248954178224025, 0.009244890950191584, 0.0030217804850267045], [0.9237851617502962, 0.033957039577945304, 0.026392395898829177, 0.0038134421689880924, 0.009034671885655167, 0.00301728871828606], [0.0176983047360564, 0.029449907636703968, 0.023401526589108542, 0.003023382686653442, 0.9234102732191282, 0.0030166051323494442], [0.9334901479899885, 0.029941248671722737, 0.02332814120910669, 0.003026677737289282, 0.0072052433109812955, 0.003008541080911544], [0.8982413260716398, 0.042659754423599865, 0.03878568529326171, 0.004563547672725426, 0.012745325418813389, 0.003004361119960073], [0.8884358063549379, 0.04332437748938191, 0.04615934632342583, 0.004943929932294099, 0.014134585851266066, 0.0030019540486943257], [0.8542767667164589, 0.05209498158761809, 0.06326657789741952, 0.00696354614967624, 0.020392753748301275, 0.00300537390052605], [0.03193389247318211, 0.04623104743862428, 0.054485122019823314, 0.0047144100911995284, 0.8596327615557253, 0.0030027664214454628], [0.888292418729873, 0.04647281697624823, 0.046218026127902524, 0.004508323043218364, 0.011505363536696046, 0.003003051586061863], [0.9303256214664986, 0.03339338737206765, 0.024454311146564933, 0.003011162420824775, 0.005804355173219349, 0.003011162420824775], [0.011478309988463107, 0.02413739303012824, 0.02253850034280589, 0.003006413457493117, 0.9358329697236165, 0.003006413457493117], [0.009025532961017626, 0.022757302390808795, 0.016980489276443564, 0.003001381980422521, 0.945233911410885, 0.003001381980422521], [0.9557477100800207, 0.021810505764835793, 0.013000851052408715, 0.0030001817518605987, 0.0034405695990137324, 0.0030001817518605987], [0.9596125863635228, 0.020165639879568976, 0.010781221007100479, 0.003000846440452201, 0.0034388598689035097, 0.003000846440452201], [0.9587353434000689, 0.021300207662777643, 0.010523396578732221, 0.0030008652346193796, 0.003439321889182383, 0.0030008652346193796], [0.8885905574119319, 0.06479984630417124, 0.015496737865870136, 0.0035591331550169753, 0.02399459210799279, 0.0035591331550169753]], [[0.8545534818867055, 0.061719566897026026, 0.024229399296427197, 0.005339688792590416, 0.05037998552960359, 0.0037778775976472457], [0.06288700695180326, 0.06628649725309509, 0.075968081064847, 0.009537453287523982, 0.7822808554685724, 0.0030401059741583915], [0.7429932877758852, 0.19549395244542678, 0.0030016174083294647, 0.014915641116611545, 0.04059388384541742, 0.0030016174083294647], [0.7195629680579843, 0.20471556535585284, 0.0030043190350750896, 0.01733954118749578, 0.05237328732851681, 0.0030043190350750896], [0.7103890367805775, 0.20202644751822793, 0.0030088744428749237, 0.018138369403091745, 0.06342839741235312, 0.0030088744428749237], [0.7018760672829111, 0.21328225761065586, 0.003010829049657559, 0.01873429882525304, 0.06008571818186495, 0.003010829049657559], [0.7226094355218667, 0.20055458923210281, 0.0030035833744567453, 0.017171502691984405, 0.05365730580513248, 0.0030035833744567453], [0.7153668550754696, 0.20961488280681564, 0.0030056453337382705, 0.01701706968049511, 0.05198990176974317, 0.0030056453337382705], [0.40755611371337797, 0.34301882207238843, 0.003006603821065841, 0.028035995061087615, 0.21537586151101432, 0.003006603821065841], [0.7132058185117126, 0.22404127257558334, 0.0030101425893558228, 0.01533255666447722, 0.04140006706951528, 0.0030101425893558228], [0.7209483410825054, 0.21345796896163138, 0.0030057621623436185, 0.014840116135300063, 0.04474204949587588, 0.0030057621623436185], [0.7450523570937065, 0.19368549447737093, 0.003001415138257013, 0.013340096145137731, 0.041919222007270704, 0.003001415138257013], [0.8200796421869506, 0.12838759432392596, 0.003016814485569008, 0.010208775151260192, 0.03529035936672529, 0.003016814485569008], [0.8717527131364216, 0.09080243658341226, 0.0030005711265635236, 0.007255608458401343, 0.024188099568637902, 0.0030005711265635236], [0.24738992204971175, 0.18742616892809447, 0.024626932355503964, 0.05444987549730304, 0.3840244655197028, 0.10208263564968399], [0.02399269249778037, 0.06761168869526482, 0.00303109128721096, 0.004585815452199913, 0.897747620780333, 0.00303109128721096], [0.04478713170089176, 0.11733909610882873, 0.003002904037858671, 0.008249452883436231, 0.8236185112311261, 0.003002904037858671], [0.8089381209214997, 0.15373744770927814, 0.003027635341004987, 0.00940262982419392, 0.021866530863018162, 0.003027635341004987], [0.06765164322033367, 0.1852277523197247, 0.003064131797058889, 0.013469743601120656, 0.7275225972647033, 0.003064131797058889], [0.6936385910558328, 0.24206512733910748, 0.003016132580553225, 0.016784134561380212, 0.041479881882573115, 0.003016132580553225], [0.6896852229443245, 0.24218953382711267, 0.0030161513519078435, 0.01741620902668199, 0.04467673149806529, 0.0030161513519078435], [0.6897775310811473, 0.2431323093370102, 0.0030165813589644454, 0.016807646267688176, 0.04424935059622553, 0.0030165813589644454], [0.7543077384406123, 0.1886125776892339, 0.0030796982885742544, 0.014111192001052236, 0.03680909529195309, 0.0030796982885742544], [0.8069210425279351, 0.15551416201773477, 0.0030293708451508534, 0.009911918926702252, 0.021594134837326234, 0.0030293708451508534], [0.048107645036023154, 0.1284361883269058, 0.003006075111316707, 0.0090003512402687, 0.8084436651741691, 0.003006075111316707], [0.02332818905487435, 0.07460457761214309, 0.003039550399582674, 0.0053593260746168676, 0.8906288064592003, 0.003039550399582674], [0.023150434562392037, 0.06995146124359047, 0.003032245147049506, 0.004298168895672435, 0.8965354450042461, 0.003032245147049506], [0.872565670359395, 0.09741306834513247, 0.003002360218302106, 0.006767248027050645, 0.017249292831817663, 0.003002360218302106], [0.8620580886810085, 0.10574947045378295, 0.003002006823221377, 0.007087562674844159, 0.019100864543921636, 0.003002006823221377], [0.8377436309807673, 0.12336744773482312, 0.0030063265540345315, 0.008469385276314051, 0.024406882900026447, 0.0030063265540345315], [0.772580851326452, 0.17618800502697135, 0.003006106495437486, 0.011353077273322841, 0.033865853382378866, 0.003006106495437486], [0.04667859721278874, 0.12869831904229556, 0.0030065613018677795, 0.007989172069736327, 0.8106207890714439, 0.0030065613018677795], [0.844454893565827, 0.12637383926200596, 0.0030099570456543416, 0.00669826529866577, 0.016453087782192538, 0.0030099570456543416], [0.8793724526470792, 0.09700487961046994, 0.0030069238582285866, 0.004862490338992138, 0.012746329687001689, 0.0030069238582285866], [0.9301489731242853, 0.056359015194030686, 0.0030103431299054097, 0.0030103431299054097, 0.0044609822919677005, 0.0030103431299054097], [0.010677643999531533, 0.054499967417209486, 0.003005548020996299, 0.003059492413868417, 0.925751800127398, 0.003005548020996299], [0.9413897975740291, 0.04614473933491315, 0.003003078640876315, 0.003003078640876315, 0.003456227168428865, 0.003003078640876315], [0.9537293793292828, 0.03382257504067067, 0.003000031045683865, 0.003000031045683865, 0.003447952492994762, 0.003000031045683865], [0.9618265906081658, 0.01854261700267138, 0.010187982777229128, 0.003001420966830927, 0.003439967678271794, 0.003001420966830927], [0.8940054044856025, 0.06800763142137975, 0.009777022700037264, 0.0035621923567748432, 0.02108555667943093, 0.0035621923567748432]], [[0.861161740014349, 0.061042400495418515, 0.012711163171437239, 0.0048253067697162115, 0.05648094473546075, 0.0037784448136182628], [0.7543277030873407, 0.08375637579084833, 0.11226934570645358, 0.01221987521036491, 0.03442508483769068, 0.00300161536730187], [0.09456178324922283, 0.20956639513393707, 0.0030025072472965033, 0.01593457028554425, 0.673932236836703, 0.0030025072472965033], [0.7283395345100661, 0.19965171196467035, 0.0030023032335952846, 0.0164599751625045, 0.049544171895568506, 0.0030023032335952846], [0.7156608138924684, 0.19853724542420864, 0.0030067696608266806, 0.01864324590075955, 0.06114515546091019, 0.0030067696608266806], [0.704517396949646, 0.19847155958284518, 0.0030148594542261467, 0.018987770886654994, 0.07199355367240146, 0.0030148594542261467], [0.7019199697337584, 0.20669172878543898, 0.003012948430384836, 0.018235266967770156, 0.06712713765226296, 0.003012948430384836], [0.714014743404152, 0.20868947588674686, 0.0030059571355722835, 0.017939975545187063, 0.053343890892769405, 0.0030059571355722835], [0.7208063055941126, 0.21084855608405365, 0.003004958731041103, 0.015761218469934973, 0.04657400238981659, 0.003004958731041103], [0.716935333351721, 0.21703175395552848, 0.0030070752899554287, 0.015155859072546334, 0.04486290304029327, 0.0030070752899554287], [0.7254824260983971, 0.2099379628033959, 0.0030046516602053337, 0.014214314244411276, 0.04435599353338509, 0.0030046516602053337], [0.8052933853027506, 0.14060807012756493, 0.0030280637236543874, 0.010537327560769614, 0.03750508956160594, 0.0030280637236543874], [0.27524254590894676, 0.20350179978347022, 0.016711437318532352, 0.061151580654549315, 0.342157336199276, 0.10123530013522532], [0.2506803048087089, 0.18262186307572897, 0.022619422719764682, 0.0560842720505341, 0.385751301173681, 0.10224283617158242], [0.24996393642006492, 0.16200367883221292, 0.02049513309450988, 0.04950911009742569, 0.41408792718941534, 0.10394021436637116], [0.8605259469336084, 0.10245381764881083, 0.00300041484612647, 0.00841815093417737, 0.02260125479115049, 0.00300041484612647], [0.8334564710989737, 0.12909484837402185, 0.003009098090348446, 0.008969117360558642, 0.022461366985749024, 0.003009098090348446], [0.06465933287076875, 0.1785300498829791, 0.0030537076580404118, 0.013416497232104975, 0.7372867046980663, 0.0030537076580404118], [0.693117216342596, 0.24853744960614726, 0.0030206835692668443, 0.015283459734794303, 0.037020507177928735, 0.0030206835692668443], [0.09805682427419977, 0.26317089287570433, 0.0030243500998599158, 0.01956237062339687, 0.6131612120269793, 0.0030243500998599158], [0.664103013815631, 0.26647487180420865, 0.003033249546699779, 0.018556836128069645, 0.04479877915869108, 0.003033249546699779], [0.6696973817734917, 0.2593548245439008, 0.0030278858448472175, 0.01863394425866719, 0.046258077734245964, 0.0030278858448472175], [0.6937365392495439, 0.23993408110159098, 0.0030147671420143393, 0.016582016682096606, 0.04371782868273989, 0.0030147671420143393], [0.7578056578178697, 0.1812105958375205, 0.0030731030510440763, 0.015050002138267264, 0.03978753810425463, 0.0030731030510440763], [0.8239065319130672, 0.13524841399608936, 0.003012963912978872, 0.010546884286542236, 0.024272241978343444, 0.003012963912978872], [0.8577709221454214, 0.10675734205644649, 0.00300116788704793, 0.008948100604097073, 0.020521299419939205, 0.00300116788704793], [0.8718911200804903, 0.09370629300302523, 0.0030007920336806186, 0.007867761025201725, 0.02053324182392154, 0.0030007920336806186], [0.05292033940947303, 0.11292740862106695, 0.0030010220442390524, 0.009657903044165818, 0.8184923048368161, 0.0030010220442390524], [0.8310985867165509, 0.12748509043210526, 0.003008399021498857, 0.010116034965671272, 0.02528348984267483, 0.003008399021498857], [0.7634172302748525, 0.18138596866918744, 0.0030034675198602743, 0.01319547959935593, 0.03599438641688361, 0.0030034675198602743], [0.7546946065276599, 0.1863604202394716, 0.00300177158823162, 0.014417943815935632, 0.03852348624046949, 0.00300177158823162], [0.7500208564380073, 0.19504972683881777, 0.0030033831779871785, 0.013013768876615832, 0.03590888149058473, 0.0030033831779871785], [0.8147914956876673, 0.14330992866835246, 0.0030192246957445323, 0.009211685226517087, 0.026648441025974055, 0.0030192246957445323], [0.8641716122503494, 0.10959600521365659, 0.00300595181827453, 0.005298550643836362, 0.014921928255608521, 0.00300595181827453], [0.030576955269734356, 0.09852778690882465, 0.0030107062863478262, 0.005062520203240877, 0.8598113250455045, 0.0030107062863478262], [0.9269668034872972, 0.05934464642736673, 0.0030133174415783084, 0.0030133174415783084, 0.004648597760601187, 0.0030133174415783084], [0.9355948565900634, 0.05119133071440983, 0.003006057919697038, 0.003006057919697038, 0.004195638936435797, 0.003006057919697038], [0.9466256094711752, 0.04091754243180681, 0.003000963633563905, 0.003000963633563905, 0.0034539571963261395, 0.003000963633563905], [0.9555428563206845, 0.02130825358964451, 0.013708322411565577, 0.003000130715119187, 0.0034403062478670188, 0.003000130715119187], [0.9039707076403953, 0.06326340497670299, 0.00746068620609212, 0.0034864550521357647, 0.018332291072538098, 0.0034864550521357647]], [[0.8561123512636521, 0.06352235108210233, 0.02261204980366146, 0.003976441620888509, 0.04999275333316582, 0.003784052896529499], [0.08534780797528586, 0.08188428679626354, 0.11166859124582787, 0.01307306959524965, 0.705024750412557, 0.003001493974816161], [0.7386375582010483, 0.20155166533028326, 0.0030030754213269963, 0.014895454929905873, 0.03890917069610861, 0.0030030754213269963], [0.42692402833546766, 0.3103420871280421, 0.003005351894785464, 0.029530841595302962, 0.22719233915161638, 0.003005351894785464], [0.3167157879328736, 0.2518012989679653, 0.013226559722814715, 0.06923574414297463, 0.24882680976260005, 0.10019379947077169], [0.7278479187586956, 0.18005534061866554, 0.0030081201434825323, 0.018815226852653875, 0.06726527348301993, 0.0030081201434825323], [0.3173919946728823, 0.24740220438071125, 0.013218250312025783, 0.0707106882029627, 0.25114836228625914, 0.10012850014515882], [0.12642888116397333, 0.18552312685754224, 0.003005436329267488, 0.01523745770196291, 0.6667996616179865, 0.003005436329267488], [0.7477749208848747, 0.1904665337345935, 0.0030010059686243866, 0.013175846358000886, 0.04258068708528214, 0.0030010059686243866], [0.7334937005850005, 0.20035243714515202, 0.0030022174471206605, 0.01387005028061966, 0.04627937709498641, 0.0030022174471206605], [0.789699838845028, 0.15573380357400807, 0.0030421179667965924, 0.012122496394558936, 0.036359625252811854, 0.0030421179667965924], [0.2555822091518832, 0.2238445005779675, 0.014941942242120117, 0.0589758665498406, 0.34534377003222533, 0.1013117114459634], [0.8704219416762605, 0.08957685269931012, 0.003000905097266864, 0.0075345860935299965, 0.02646480933636568, 0.003000905097266864], [0.22548254927545688, 0.14593627399061462, 0.02541615791374396, 0.0405638857830046, 0.45661750977772064, 0.10598362325945931], [0.892206158398516, 0.07579214233168945, 0.0030048411235016875, 0.006059893116373571, 0.01993212390641776, 0.0030048411235016875], [0.868546058762446, 0.09902341191094503, 0.003001333202112667, 0.007195746263911376, 0.01923211665847237, 0.003001333202112667], [0.06844131211779927, 0.14710238159289737, 0.003023328657143107, 0.011802276404488044, 0.7666073725705291, 0.003023328657143107], [0.7147674563597551, 0.23073464330662036, 0.003012357586870265, 0.01350177866059502, 0.03497140649928915, 0.003012357586870265], [0.6760453804409502, 0.25717340005527756, 0.0030256296929127065, 0.016702759918593293, 0.04402720019935353, 0.0030256296929127065], [0.6616293636723158, 0.27616519540375134, 0.0030412353733556413, 0.017318420299940733, 0.038804549877280874, 0.0030412353733556413], [0.3636306628128275, 0.419108469939725, 0.0030334243456254582, 0.0338076694529913, 0.1773863491032052, 0.0030334243456254582], [0.10284853591707913, 0.2640786497311145, 0.0030254529969726022, 0.019537266616287068, 0.6074846417415741, 0.0030254529969726022], [0.6886894023662139, 0.2437765551838236, 0.003017127047997394, 0.01766369736432498, 0.043836090989642765, 0.003017127047997394], [0.7104486668608097, 0.22463215186367974, 0.003007737815504543, 0.016597970087749738, 0.04230573555675182, 0.003007737815504543], [0.7923265786422892, 0.15207654199784337, 0.0030337756649519198, 0.013807614418110433, 0.03572171361185332, 0.0030337756649519198], [0.8482770971432224, 0.1093412622819031, 0.003001557826206916, 0.010521292690798923, 0.025857232231661694, 0.003001557826206916], [0.057331103919326505, 0.10887658975903491, 0.0030008826029595597, 0.009710740884329884, 0.8180798002313896, 0.0030008826029595597], [0.061888109991161976, 0.12486535958339352, 0.003006566623641924, 0.010674798711228938, 0.7965585984669318, 0.003006566623641924], [0.07493980746052013, 0.17583054330599832, 0.003012388029931286, 0.013277672894206304, 0.7299272002794127, 0.003012388029931286], [0.08145130672320505, 0.1952966475065714, 0.00300550702405563, 0.013882199477846517, 0.7033588322442658, 0.00300550702405563], [0.7342481318614638, 0.20371946030077775, 0.003002271611359991, 0.015678784822692228, 0.040349079792346206, 0.003002271611359991], [0.08775750934414887, 0.20907418958539323, 0.0030032028467872856, 0.015646484830539424, 0.6815154105463439, 0.0030032028467872856], [0.7548112468799354, 0.1951370856121816, 0.0030058665234914948, 0.012086634947789427, 0.031953299513110746, 0.0030058665234914948], [0.05057744111456792, 0.13527168584951374, 0.003009414473511623, 0.008817032044933093, 0.799315012043962, 0.003009414473511623], [0.8617047085690361, 0.11142986621579949, 0.003005847817603979, 0.005931911772469297, 0.014921817807487112, 0.003005847817603979], [0.8855058396110475, 0.0923305630186533, 0.0030086685427433714, 0.004569129467183085, 0.011577130817629398, 0.0030086685427433714], [0.9298660319508342, 0.056012235290069885, 0.0030101059497403297, 0.0030101059497403297, 0.005091414909874769, 0.0030101059497403297], [0.9378603168607387, 0.04908028676454058, 0.0030046322862718124, 0.0030046322862718124, 0.004045499515905358, 0.0030046322862718124], [0.955162668958156, 0.022762773686764166, 0.01263228357437326, 0.003000279133797145, 0.0034417155131122013, 0.003000279133797145], [0.8978940767865587, 0.06662007868678772, 0.009758859476469444, 0.003533142264874542, 0.018660700520435, 0.003533142264874542]], [[0.896613279336292, 0.05467220158468109, 0.004617852043044831, 0.00350873990642384, 0.03707918722313433, 0.00350873990642384], [0.7568971261549, 0.08621112865054996, 0.10226154019321211, 0.013582153027619122, 0.03804787188907052, 0.0030001800846482635], [0.07713021702824177, 0.21192172480343383, 0.0030075594628363395, 0.013817788365092317, 0.6911151508775594, 0.0030075594628363395], [0.7303439056656601, 0.20061806906034593, 0.0030023484472379318, 0.014591895796315845, 0.04844143258320239, 0.0030023484472379318], [0.7337569290712868, 0.18875755924500354, 0.0030018403525073874, 0.016524529812994373, 0.0549573011657005, 0.0030018403525073874], [0.28736734386253654, 0.2194767569716253, 0.01662463968667769, 0.08809874865441095, 0.28222984135539264, 0.10620266946935687], [0.3166258913238786, 0.21202566416287172, 0.019287688680423867, 0.08523874119548615, 0.2642264199987667, 0.10259559463857308], [0.8120504586127217, 0.12669187170053578, 0.003024990801995009, 0.012044251382746113, 0.043163436700006386, 0.003024990801995009], [0.10677850753254678, 0.15942845135122755, 0.003004907408332836, 0.013792369135651388, 0.7139908571639086, 0.003004907408332836], [0.3294569492509003, 0.23802647237519034, 0.013302628984853406, 0.06194379092312669, 0.2564821412217106, 0.10078801724421865], [0.05815264975449026, 0.10862537256276153, 0.003002155410064908, 0.008166585539931057, 0.8190510813226873, 0.003002155410064908], [0.05099190013595429, 0.10367026176691188, 0.003000865256218699, 0.006840045564844449, 0.832496062019852, 0.003000865256218699], [0.9193292342044578, 0.06022131056655464, 0.003021833318089245, 0.004392721934975122, 0.010013066657833981, 0.003021833318089245], [0.02247338919648975, 0.05312583557547285, 0.003016814225293747, 0.0035278210653448814, 0.914839325712105, 0.003016814225293747], [0.9298875350396496, 0.05147484755336524, 0.0030107691950673698, 0.003969035828067895, 0.008647043188782455, 0.0030107691950673698], [0.043785133923876944, 0.1024777339033358, 0.003001772725477979, 0.007229380684472552, 0.8405042060373588, 0.003001772725477979], [0.8193435068020112, 0.14322279733158982, 0.003018567316936362, 0.00971670990240797, 0.02167985133011829, 0.003018567316936362], [0.7500816890897192, 0.19290989667550218, 0.0030861015290671963, 0.014174089888471407, 0.036662121288172915, 0.0030861015290671963], [0.6706672281534197, 0.2671982810913049, 0.0030334121254350322, 0.01647009685397947, 0.03959756965042585, 0.0030334121254350322], [0.09500017093109538, 0.271013007893328, 0.0030295414744091575, 0.018496805625502283, 0.6094309326012559, 0.0030295414744091575], [0.09710388714173575, 0.2668983370694816, 0.003027204713341375, 0.02022452129584886, 0.6097188450662511, 0.003027204713341375], [0.6627943449073262, 0.2703254565713623, 0.0030363043631118714, 0.018445853091724727, 0.04236173670336284, 0.0030363043631118714], [0.6836023424869195, 0.25159053639515294, 0.003021940878379129, 0.017030368081923358, 0.04173287127924599, 0.003021940878379129], [0.07203449277585702, 0.17540566879874753, 0.0030546266553693182, 0.01321054763247325, 0.7332400374821836, 0.0030546266553693182], [0.06264700751668653, 0.13272181060584307, 0.0030109075681430354, 0.011801235348061531, 0.7868081313931229, 0.0030109075681430354], [0.8376207658397563, 0.11554714029027387, 0.003004521414484329, 0.01189967658992381, 0.028923374451077285, 0.003004521414484329], [0.8436722145138246, 0.10969122343554004, 0.003002805688055627, 0.011170122570787621, 0.029460828103736503, 0.003002805688055627], [0.7791400977068796, 0.16113311049608864, 0.003005577316734008, 0.013795695960690227, 0.03991994120287341, 0.003005577316734008], [0.7448520560545511, 0.1949241863135934, 0.003001598829567859, 0.014877378989165321, 0.039343180983554556, 0.003001598829567859], [0.7181673526940949, 0.2164054058178697, 0.0030047492713888976, 0.016127029878381032, 0.04329071306687647, 0.0030047492713888976], [0.4121109350190546, 0.35279601837367774, 0.0030022936095238776, 0.02721727089545181, 0.2018711884927682, 0.0030022936095238776], [0.7168774318974176, 0.2209009719357981, 0.003006556780571428, 0.015232462413528656, 0.04097602019211295, 0.003006556780571428], [0.0940822413810368, 0.2038156271658572, 0.003001217697155148, 0.016233790466721045, 0.6798659055920747, 0.003001217697155148], [0.7649735613928502, 0.18207920454915047, 0.0030044615597424546, 0.012097229656896961, 0.034841081281617566, 0.0030044615597424546], [0.8426174701165225, 0.11896323877105323, 0.0030043931570390026, 0.008551827903381453, 0.023858676894964615, 0.0030043931570390026], [0.8771136218899939, 0.09667675534664286, 0.003004794773531023, 0.005535272827999937, 0.014664760388301338, 0.003004794773531023], [0.9001277326104047, 0.0773488631448988, 0.0030122520781921854, 0.004573464983964974, 0.01192543510434703, 0.0030122520781921854], [0.012622259181906962, 0.053149742974708744, 0.0030051008930127043, 0.0030598030216645797, 0.9251579930356943, 0.0030051008930127043], [0.9477354556645379, 0.0239148302975969, 0.018435086823597527, 0.003001282072637707, 0.003912063068992432, 0.003001282072637707], [0.8896529437516595, 0.0685846762947183, 0.014172133086991596, 0.003579854086717585, 0.020430538693195402, 0.003579854086717585]], [[0.8727904315895, 0.05860343710880867, 0.01372126376903351, 0.003665101538619701, 0.047554664455418595, 0.003665101538619701], [0.07027635325303085, 0.06767267374631157, 0.07333644328549563, 0.01032109522209963, 0.7753451592125324, 0.0030482752805298134], [0.08983481572783358, 0.18884841771716623, 0.0030014190924493754, 0.014361556192467144, 0.7009523721776344, 0.0030014190924493754], [0.7469623849557511, 0.1899535765662232, 0.0030006778703394175, 0.014622556669739337, 0.04246012606760768, 0.0030006778703394175], [0.7560149030363273, 0.1747179566959509, 0.00300013374941464, 0.015393736666516939, 0.047873136102375535, 0.00300013374941464], [0.29187429977579127, 0.21060162023272871, 0.013702754438419234, 0.07387765695843317, 0.30956748721166094, 0.10037618138296663], [0.2911145336207924, 0.17959840581372533, 0.036359251816788805, 0.07513280437230507, 0.29338427536063905, 0.12441072901574936], [0.2783215840093435, 0.18211502190795836, 0.022706764905312437, 0.07027007968762161, 0.34584737751907446, 0.1007391719706896], [0.3615481687738331, 0.20451119816922989, 0.013335185181393943, 0.07298671811737624, 0.24644548137451364, 0.10117324838365321], [0.06817326930998222, 0.1002767078742226, 0.0030051886322673004, 0.009171584282344165, 0.8163680612689164, 0.0030051886322673004], [0.8644004837296125, 0.10219444735920351, 0.003001257288537081, 0.007476572333091552, 0.019925982001018413, 0.003001257288537081], [0.915979202890853, 0.06373771126151022, 0.0030258093622628057, 0.004458051698411483, 0.009773415424699653, 0.0030258093622628057], [0.9303463559311066, 0.05195323489734888, 0.003010307051588777, 0.00356134407810743, 0.008118450990259532, 0.003010307051588777], [0.9390402480553522, 0.04562545307716913, 0.003004013255432847, 0.003004013255432847, 0.006322259101179963, 0.003004013255432847], [0.9340771285095014, 0.050441532482924656, 0.003007328915827193, 0.003007328915827193, 0.006459352260092314, 0.003007328915827193], [0.01702612638692728, 0.06293546955962526, 0.0030159251994032526, 0.0031029668375075594, 0.9109035868171333, 0.0030159251994032526], [0.04287588570651898, 0.12921790976743266, 0.0030074430054496757, 0.008347591883663226, 0.8135437266314858, 0.0030074430054496757], [0.8033427993724603, 0.15966224677020852, 0.0030334988674513477, 0.009136149206952968, 0.021791806915475706, 0.0030334988674513477], [0.7356877887360166, 0.2072758085445012, 0.003109642589198442, 0.013954348142738196, 0.03686276939834712, 0.003109642589198442], [0.6681999524754832, 0.26314957526415955, 0.0030306672898749655, 0.018816257133791474, 0.04377288054681571, 0.0030306672898749655], [0.6760962195469311, 0.2591047093025256, 0.0030270767906853124, 0.016796367570407332, 0.04194854999876522, 0.0030270767906853124], [0.6816968262239947, 0.2525858284431229, 0.00302274610848164, 0.017749425765661464, 0.041922427350257474, 0.00302274610848164], [0.07509970450861082, 0.18691151864803715, 0.003073997704647516, 0.015645790035728087, 0.7161949913983289, 0.003073997704647516], [0.7962028195501963, 0.1558992479378592, 0.003032357782382211, 0.011953298346043471, 0.029879918601136545, 0.003032357782382211], [0.837484499086424, 0.1186938202574211, 0.003004776177039609, 0.010741551550197416, 0.027070576751878274, 0.003004776177039609], [0.05540193736226597, 0.1079707472004487, 0.003056214387374773, 0.010685520618615968, 0.8198850081649748, 0.0030005722663199], [0.8474811860735372, 0.11014698790607953, 0.003001747908672197, 0.010496191241027067, 0.025872138962011765, 0.003001747908672197], [0.8124747569726678, 0.13707883021345957, 0.0030176362156277524, 0.01301449138860679, 0.03139664899401032, 0.0030176362156277524], [0.7166062132809403, 0.21056961955076034, 0.003003249061979372, 0.017595262251719337, 0.049222406792621305, 0.003003249061979372], [0.7085303958861546, 0.22240096968105905, 0.003006806216134878, 0.017490556732163418, 0.04556446526835315, 0.003006806216134878], [0.7059584851321662, 0.227396915703646, 0.003008864327188664, 0.01738824790420092, 0.04323862260560962, 0.003008864327188664], [0.10965514061393182, 0.22848155146655483, 0.0030074149086970637, 0.02014483580355262, 0.6357036422985667, 0.0030074149086970637], [0.7243191075042488, 0.20892737198067582, 0.0030026096255977843, 0.015347488078041033, 0.045400813185839016, 0.0030026096255977843], [0.06904950038089784, 0.13996679742194462, 0.0030185843946956485, 0.01194863746172142, 0.772997895946045, 0.0030185843946956485], [0.8450816903712686, 0.11916011461441055, 0.0030045994501552236, 0.00839192223537349, 0.021357073878637063, 0.0030045994501552236], [0.8716840192223136, 0.1005376732972973, 0.0030037171674522464, 0.006098493501795839, 0.015672379643688575, 0.0030037171674522464], [0.016307398625134924, 0.05960814913861748, 0.0030122010292021116, 0.0032420504364620343, 0.9148179997413814, 0.0030122010292021116], [0.9321503272259546, 0.053319096243900216, 0.003007885958963246, 0.003007885958963246, 0.00550691865325539, 0.003007885958963246], [0.9470144328199365, 0.02363197518916411, 0.018926732593657576, 0.0030014351621720503, 0.0044239890728976616, 0.0030014351621720503], [0.8899413491018487, 0.06404040466996382, 0.00851766371565366, 0.0035687744569005025, 0.030363033598732762, 0.0035687744569005025]], [[0.8853426338880396, 0.05373798898013851, 0.00703349021187906, 0.003586946079478142, 0.04671199476098658, 0.003586946079478142], [0.8351653696227515, 0.060289775851850275, 0.06211972375607947, 0.009554398043757312, 0.029853727000296162, 0.0030170057252653392], [0.7921898243129556, 0.14746329599398747, 0.0030391812363578063, 0.01399983127432661, 0.04026868594601472, 0.0030391812363578063], [0.7431937355326153, 0.18330960562638413, 0.0030005204064144386, 0.015774582959414998, 0.051721035068756784, 0.0030005204064144386], [0.8147917310209538, 0.1281264943599618, 0.003020309683484272, 0.01319418453849853, 0.03784697071361734, 0.003020309683484272], [0.841756997917973, 0.10800279874952955, 0.0030054991246943152, 0.012245851868150843, 0.03198335321495809, 0.0030054991246943152], [0.8498136505752666, 0.09838626650488637, 0.0030049752763210056, 0.01136663433277151, 0.034423498034433536, 0.0030049752763210056], [0.3482018885057353, 0.18504367553559092, 0.029123859091745367, 0.07975849700648086, 0.21446835760320748, 0.14340372225724002], [0.2813872696813471, 0.19215803665806092, 0.02480885370512927, 0.07829767473489732, 0.3236110754584129, 0.09973708976215262], [0.8514960047319955, 0.10264993621612677, 0.003002589178784255, 0.009678381018737268, 0.03017049967557203, 0.003002589178784255], [0.05640678779568683, 0.09733055287698139, 0.003000861092871268, 0.007740296350639958, 0.8325206407909493, 0.003000861092871268], [0.9210566862709162, 0.059135428194968705, 0.0030197090624474415, 0.004205687381985778, 0.009562780027234513, 0.0030197090624474415], [0.9350560943397356, 0.0487907425318815, 0.00300666720560042, 0.00300666720560042, 0.007133161511581716, 0.00300666720560042], [0.013257894315587895, 0.04548070228320148, 0.0030023778624423056, 0.00302108515791203, 0.932235562518414, 0.0030023778624423056], [0.01395748888489618, 0.04827250582939803, 0.0030039932710428465, 0.003023424125183718, 0.9287385946184364, 0.0030039932710428465], [0.9259783209498929, 0.05601269755002142, 0.0030127749475308183, 0.0035359828491926884, 0.008447448755831513, 0.0030127749475308183], [0.8917062238456998, 0.0843735156464395, 0.0030617397113451065, 0.00581896427114324, 0.011977816814027214, 0.0030617397113451065], [0.8236798720925811, 0.14012793682414457, 0.0030162861981659437, 0.008900846134907004, 0.021258772552035378, 0.0030162861981659437], [0.8003727375994429, 0.15971652897626665, 0.0030337180928285377, 0.009781348826178255, 0.024061948412455292, 0.0030337180928285377], [0.7509802221588389, 0.19353039769746955, 0.0030856279267564876, 0.013982731971266817, 0.03533539231891196, 0.0030856279267564876], [0.09256737828260418, 0.22936084250494276, 0.0030066765009635578, 0.016573505275257115, 0.6554849209352689, 0.0030066765009635578], [0.7637297017634556, 0.18026510941311946, 0.0030670395673699728, 0.013073623896497221, 0.03679748579218773, 0.0030670395673699728], [0.8014557571785967, 0.15442677559708623, 0.0030293679689201605, 0.010852125236558886, 0.027206606049917738, 0.0030293679689201605], [0.06318449806687057, 0.13314733243602708, 0.0030113312325552215, 0.011737027631374729, 0.7859084794006171, 0.0030113312325552215], [0.03643415079294695, 0.07943021021295407, 0.003080501344170135, 0.0073425728083511155, 0.8706320634974076, 0.003080501344170135], [0.05184224252369061, 0.10459563264434715, 0.003000039923377501, 0.009233992892036016, 0.8283280520931713, 0.003000039923377501], [0.051455311012243