{"prediction": [[[0.9211997922669517, 0.053924918172825825, 0.003361218817011454, 0.003361218817011454, 0.014791633109188181, 0.003361218817011454], [0.8587905385875731, 0.06950816218317282, 0.019791374517608762, 0.0037866015513382833, 0.044336721608968885, 0.0037866015513382833], [0.8687245500231279, 0.07573451602314407, 0.012684607879740803, 0.003759821391698117, 0.03533668329059109, 0.003759821391698117], [0.8667815484594434, 0.07526529772385616, 0.013721840419895593, 0.003767916098333186, 0.036695481200138574, 0.003767916098333186], [0.8662469703352864, 0.07355258568713956, 0.014744482896743445, 0.003759963318491606, 0.03793603444384736, 0.003759963318491606], [0.8551747453027204, 0.07696488792349605, 0.016792103060291417, 0.003856453974350827, 0.04335535576479028, 0.003856453974350827], [0.8388547529918857, 0.07631351214335644, 0.017429740336030484, 0.004005678680603268, 0.05939063716752075, 0.004005678680603268], [0.8289696851846382, 0.07425683962918167, 0.02478852847272566, 0.00406540477462255, 0.06385413716420917, 0.00406540477462255], [0.8718356178059748, 0.06598087568663184, 0.018950346868013807, 0.0036700229773468742, 0.035893113684685646, 0.0036700229773468742], [0.8813128027763888, 0.06473380793540585, 0.014641295325898925, 0.0036081544666923325, 0.03209578502892167, 0.0036081544666923325], [0.8810266285124488, 0.06355819289847897, 0.010397379779297711, 0.0036239046929897275, 0.03776998942379515, 0.0036239046929897275], [0.8656207432260038, 0.06748881425113376, 0.014308059445471496, 0.003745560647307014, 0.04509126178277691, 0.003745560647307014], [0.896773777934144, 0.06105008823401557, 0.008193190092976999, 0.003510750649227875, 0.026961442440407497, 0.003510750649227875], [0.8943415319878081, 0.06661334936340327, 0.005076499054825781, 0.0035700433165450174, 0.026828532960872988, 0.0035700433165450174], [0.9074410004711914, 0.061433210942615224, 0.005909873848861346, 0.0034624745734382198, 0.018290965590455698, 0.0034624745734382198], [0.9047297354599929, 0.06263675882767279, 0.005946659735658296, 0.0034834107072122733, 0.01972002456225141, 0.0034834107072122733], [0.9100925278727175, 0.061601900930332604, 0.0053729978500542865, 0.0034535253086747544, 0.016025522729546125, 0.0034535253086747544], [0.9055294627308909, 0.06172174024191895, 0.01045593208134434, 0.0034625100773593167, 0.015367844791127266, 0.0034625100773593167], [0.8793363983816642, 0.06556414687130413, 0.008507203711812428, 0.0036548978071265417, 0.039282455420966124, 0.0036548978071265417], [0.8813070912008929, 0.06240781378697218, 0.018567777875100052, 0.0035869507264113492, 0.03054341568421212, 0.0035869507264113492], [0.8691239415365482, 0.06769521845383937, 0.016415722566310017, 0.0037066051017938667, 0.03935190723971475, 0.0037066051017938667], [0.8805478964652158, 0.06324676681777681, 0.01841920171305716, 0.003596284507087361, 0.030593565989775452, 0.003596284507087361], [0.8720447288546916, 0.06356470802804985, 0.018575518555322218, 0.0036607895568566396, 0.03849346544822292, 0.0036607895568566396], [0.8666417925617024, 0.06451967679412979, 0.006688644478152558, 0.0037817252282585576, 0.05458643570949817, 0.0037817252282585576], [0.8184426942125784, 0.07359876077570254, 0.033575112372859504, 0.004306126291741675, 0.06594062951568787, 0.004136676831430052], [0.8618736278827628, 0.06285731896529531, 0.02136824794765104, 0.004069077618847272, 0.046098517257424844, 0.0037332103280188324], [0.8295776700064532, 0.07315656626587957, 0.0200958461747609, 0.0050407757074888235, 0.06805359026554694, 0.004075551579870661], [0.8431329733940972, 0.07205027173716468, 0.016330876125514215, 0.006005654901398206, 0.05853807381290164, 0.003942150028923998], [0.8568281803208716, 0.06646480238178937, 0.020188628391218343, 0.004387204263949149, 0.0483414136442474, 0.0037897709979240884], [0.8607259852742863, 0.06347342847389757, 0.014107524205822355, 0.004777137131210072, 0.05313978649248586, 0.003776138422297791], [0.8585841275881946, 0.06618987882479219, 0.01283201889676761, 0.004044177268594314, 0.05453350684392707, 0.0038162905777242304], [0.8463368597102687, 0.06818277231761088, 0.017015191204650806, 0.003919221517076291, 0.06062673373331717, 0.003919221517076291], [0.8769982602827088, 0.0643256943908232, 0.018154763411982685, 0.003626929343774564, 0.033267423226936384, 0.003626929343774564], [0.8611282754243986, 0.06831754916941936, 0.017748501289762263, 0.0037711073819195013, 0.045263459352580776, 0.0037711073819195013], [0.8205501240766422, 0.07669711640438959, 0.02739278639973736, 0.004146109883686021, 0.06706775335185876, 0.004146109883686021], [0.8604543674052808, 0.0709464805901086, 0.01983027790608088, 0.003777080513212777, 0.041214713072104274, 0.003777080513212777], [0.9032755505128275, 0.06157926200505781, 0.012171865970947778, 0.0034689386032969046, 0.016035444304573175, 0.0034689386032969046], [0.9000023124668072, 0.06228637466942098, 0.009918823143459066, 0.003493110499058622, 0.020806268722195542, 0.003493110499058622], [0.9040651579290412, 0.056646329482940336, 0.011187895576913433, 0.0034352451999446728, 0.02123012661121571, 0.0034352451999446728], [0.9166184251383979, 0.06405958221762892, 0.0034571733236968727, 0.0034571733236968727, 0.008950472672882568, 0.0034571733236968727]], [[0.8893176768823597, 0.056885216643237695, 0.01763690227259856, 0.0035110924790624125, 0.029138019243679248, 0.0035110924790624125], [0.9650544657900375, 0.016516953255924987, 0.009023737046307425, 0.0030022423540602902, 0.003400359199609473, 0.0030022423540602902], [0.966740643271505, 0.015544774300714357, 0.008307792037577724, 0.0030031220137639453, 0.0034005463626751503, 0.0030031220137639453], [0.9621897839228162, 0.016500389471676268, 0.011907288796643599, 0.003001083196975441, 0.0034003714149130407, 0.003001083196975441], [0.9561700483718076, 0.019103522357861037, 0.015322054133677558, 0.003000414683705912, 0.003403545769241947, 0.003000414683705912], [0.9496308960383298, 0.022837243331274654, 0.017732655797031035, 0.003001134867080449, 0.003796935099203617, 0.003001134867080449], [0.9191923531324696, 0.03222261323218526, 0.03382577409543441, 0.00409722751507811, 0.0076482974839820845, 0.0030137345408505815], [0.02717472594901526, 0.03803242626951838, 0.043668142295825815, 0.004065815026293463, 0.8840532831090724, 0.003005607350274749], [0.8727029418804179, 0.043894792748015464, 0.05997501512772252, 0.004911444953230424, 0.01551120184987912, 0.003004603440734746], [0.8717920532168696, 0.04799566686418429, 0.058818234439535017, 0.005011478158353253, 0.01337698064934084, 0.0030055866717170216], [0.8724781885311954, 0.04953417440754261, 0.0546304232941188, 0.005409616480707831, 0.014945397239385908, 0.0030022000470495075], [0.8918521030833679, 0.04447479815624125, 0.043754681326236965, 0.004502060943815383, 0.012414111514639885, 0.003002244975698666], [0.928282271401489, 0.03204696624201516, 0.026598133793397923, 0.0030151742220400094, 0.007042280119017905, 0.0030151742220400094], [0.9387434540346118, 0.02792178051474456, 0.020975751467503266, 0.0030056849771654148, 0.006347644028809333, 0.0030056849771654148], [0.9497263855092271, 0.022837251664959077, 0.017083021613497545, 0.0030007993781084375, 0.004351742456099418, 0.0030007993781084375], [0.9612524180178434, 0.018172715899301382, 0.011129566263076178, 0.0030011381712330637, 0.0034430234773129118, 0.0030011381712330637], [0.9622773536988456, 0.018089329797222792, 0.010187944872718555, 0.0030015556414698594, 0.0034422603482733446, 0.0030015556414698594], [0.9680102331366728, 0.015505879203425395, 0.007028464957273216, 0.0030048548643332508, 0.00344571297396225, 0.0030048548643332508], [0.7867021026962449, 0.04278996049360842, 0.04054485048652671, 0.005949419913055144, 0.11941433498013808, 0.004599331430426696], [0.010998253187281109, 0.01959303004961558, 0.013918001417951877, 0.0030003062929897166, 0.949490102759172, 0.0030003062929897166], [0.9363253500585267, 0.02815839470410799, 0.024099824540055836, 0.00300717942269775, 0.005402071851914014, 0.00300717942269775], [0.9294827718484223, 0.03262307106218896, 0.026369002716770458, 0.003012653285868737, 0.005499847800880764, 0.003012653285868737], [0.034885510614720124, 0.05184679775307086, 0.05300083870272292, 0.005408167380103563, 0.8518573312250087, 0.0030013543243738775], [0.7397961286946623, 0.05986800904653661, 0.07498320361724728, 0.02607640095290078, 0.08937758002994144, 0.009898677658711637], [0.8079418434070863, 0.07350429718360431, 0.05793407437861489, 0.011969754239413927, 0.045602272792317336, 0.003047757998963297], [0.7247312460451824, 0.09200102301382307, 0.11949816496355502, 0.015269753118735368, 0.04549256723763869, 0.003007245621065475], [0.7138124465183491, 0.09275995600210299, 0.1269037152039568, 0.01688490470299114, 0.04662683772522175, 0.003012139847378225], [0.6960760936952045, 0.09949571940412714, 0.1372434585655032, 0.016601221939324794, 0.04756242576031664, 0.0030210806355236725], [0.09922172617545809, 0.10459511140113342, 0.14345434010197236, 0.019218487034660618, 0.6304880165306479, 0.0030223187561275997], [0.7293288872256161, 0.08402501481038513, 0.12006375098489232, 0.015351070250585557, 0.04822330241223153, 0.003007974316289433], [0.7358423502317176, 0.07942822515962397, 0.11268681423904511, 0.015314026697367287, 0.05371939176520203, 0.0030091919070439417], [0.06070853238351723, 0.05902335174219992, 0.06363988397129128, 0.008732287763887266, 0.8048739721011275, 0.003021972037976805], [0.8814578133841814, 0.04642033984954464, 0.047607602033353735, 0.005691267659610194, 0.01582254296695917, 0.003000434106350997], [0.8884276144272676, 0.050770778193624404, 0.04023992085068397, 0.004623798311170427, 0.01292532706667332, 0.003012561150580271], [0.011999117269328756, 0.023178353599856254, 0.016779097340405467, 0.0030029170651989304, 0.9420375976600117, 0.0030029170651989304], [0.9555326146400448, 0.020478477052777222, 0.014391550596807148, 0.0030000823601939613, 0.003597192989982924, 0.0030000823601939613], [0.9592659265110801, 0.018393415544661822, 0.012937859255460512, 0.0030003874976438694, 0.003402023693509871, 0.0030003874976438694], [0.9645701897518023, 0.016414947561033483, 0.009609877066099361, 0.003001955551667787, 0.0034010745177291456, 0.003001955551667787], [0.9618812066784066, 0.01921675586047998, 0.009499552364789846, 0.003001263446132932, 0.0033999582040576894, 0.003001263446132932], [0.8864133058922563, 0.06751726057856618, 0.015947600677581136, 0.003587522126760563, 0.022946788598075196, 0.003587522126760563]], [[0.8844519407476304, 0.06397518293202277, 0.009543694789292042, 0.0036032084722281933, 0.03482276458659843, 0.0036032084722281933], [0.9657905916715065, 0.015757185710355608, 0.009046664338665994, 0.0030025409341213134, 0.003400476411229384, 0.0030025409341213134], [0.9612735716453882, 0.026314139950205397, 0.0030013159697186253, 0.0030013159697186253, 0.003408340495250559, 0.0030013159697186253], [0.9494268672965303, 0.03805654514234717, 0.00300047759389522, 0.00300047759389522, 0.0035151547794369663, 0.00300047759389522], [0.9439767709550402, 0.043173830321428484, 0.0030021106808382748, 0.0030021106808382748, 0.0038430666810166103, 0.0030021106808382748], [0.9047176238168007, 0.07427915757610337, 0.003013076962488063, 0.004523321415446297, 0.010453743266673508, 0.003013076962488063], [0.8739158201989775, 0.10218393935128565, 0.003006365956336073, 0.005603698256720174, 0.012283810280344485, 0.003006365956336073], [0.8468082926380586, 0.12120382468845758, 0.0030076290825840177, 0.0076391544080030285, 0.018333470100312846, 0.0030076290825840177], [0.0603134835761255, 0.15256325957451558, 0.0030307292928017523, 0.009167047087355742, 0.7718947511763997, 0.0030307292928017523], [0.8339987768592491, 0.13271670028801918, 0.003013987457378757, 0.007812678283697234, 0.019443869654276937, 0.003013987457378757], [0.8094514916542854, 0.15359857352735645, 0.003005397110997305, 0.008845338895936146, 0.02209380170042743, 0.003005397110997305], [0.03902566729783331, 0.13772845377828855, 0.0030028307294402454, 0.007445343466208673, 0.8097948739987889, 0.0030028307294402454], [0.03875291549535953, 0.12607846898443184, 0.0030033223984982462, 0.006939802309419065, 0.8222221684137931, 0.0030033223984982462], [0.897929416737587, 0.08695086779366319, 0.0030061422303189456, 0.0031359972046526496, 0.0059714338034593155, 0.0030061422303189456], [0.9321519784793134, 0.05316804582109971, 0.003009093517561485, 0.003009093517561485, 0.005652695146902404, 0.003009093517561485], [0.945423369285443, 0.04193973948856796, 0.0030012196791267954, 0.0030012196791267954, 0.0036332321886085295, 0.0030012196791267954], [0.9619792508037822, 0.018390429241210166, 0.01018606956417817, 0.003001467976621254, 0.003441314437587035, 0.003001467976621254], [0.8034559401678935, 0.051610074943967854, 0.028479843753580522, 0.00605667020061071, 0.10600613486467986, 0.004391336069267515], [0.7504532344912004, 0.04687688455119885, 0.028835252812954452, 0.006006620420060592, 0.16256844941683588, 0.00525955830774997], [0.7968519812429362, 0.0523915684826111, 0.0432020171485652, 0.009581552510041632, 0.09363619538259309, 0.004336685233252783], [0.010113083611541668, 0.02895807312338498, 0.016801927352264462, 0.003005096338963451, 0.938116723234882, 0.003005096338963451], [0.030987413887573884, 0.09947946575266892, 0.003010773149100716, 0.004579053033998951, 0.8589325210275568, 0.003010773149100716], [0.8614891746350383, 0.11120088391259102, 0.0030056351853413508, 0.005316557642661792, 0.01598211343902623, 0.0030056351853413508], [0.8301808797138456, 0.05819311993877246, 0.06633785235041464, 0.009195435606693114, 0.03307306961103486, 0.003019642779239425], [0.729280039715618, 0.07332212237746968, 0.058343634952387854, 0.03933473298397146, 0.08252346166799143, 0.017196008302561547], [0.7271010095828334, 0.09477156431720195, 0.1141079636594281, 0.01666239921061285, 0.04435105572928439, 0.003006007500639448], [0.7022236274684566, 0.22993261700117948, 0.003013209837679097, 0.017283947933606176, 0.04453338792139963, 0.003013209837679097], [0.39289124484052784, 0.3667872897957996, 0.003011175591481758, 0.03148155914880154, 0.20281755503190751, 0.003011175591481758], [0.12362920622917083, 0.250538420923626, 0.003030582300725296, 0.021530861613913353, 0.5982403466318393, 0.003030582300725296], [0.12583871272559202, 0.22066301635730814, 0.0030144693589129975, 0.021005144203247963, 0.626464187996026, 0.0030144693589129975], [0.7138324027243519, 0.19907646385562414, 0.0030074330067042954, 0.01981493509654175, 0.06126133231007381, 0.0030074330067042954], [0.738527766802316, 0.17971213890012894, 0.0030025314015599837, 0.017881491913585623, 0.057873539580849405, 0.0030025314015599837], [0.06432697412724842, 0.12437170363472992, 0.0030097982608351527, 0.010373954173017983, 0.7949077715433335, 0.0030097982608351527], [0.8816919968331424, 0.09024501137062442, 0.0030031821443382315, 0.005851638460073721, 0.01620498904748303, 0.0030031821443382315], [0.904512466407478, 0.07365629541335662, 0.003012461581075176, 0.004521340733885379, 0.011284974283129813, 0.003012461581075176], [0.013383015226354406, 0.04980042961731185, 0.0030044766048304547, 0.0030241200888932646, 0.9277834818577795, 0.0030044766048304547], [0.009200981555067362, 0.035656490370406635, 0.0029999998960577234, 0.0030175969609630817, 0.9461249313214475, 0.0029999998960577234], [0.9584063538719299, 0.029182466297134238, 0.003000467983817422, 0.003000467983817422, 0.003409775879483712, 0.003000467983817422], [0.006332233304334316, 0.016351643739400786, 0.010526795213892685, 0.0030010701048810546, 0.9607871875326102, 0.0030010701048810546], [0.8765681864069234, 0.07429824663534972, 0.013702819226658077, 0.0036936780323559145, 0.028043391666357203, 0.0036936780323559145]], [[0.861556610739324, 0.06229632273337288, 0.015239553342844958, 0.0037686546086099656, 0.053370203967238274, 0.0037686546086099656], [0.7329824341827901, 0.05133186049536352, 0.04703006507679696, 0.0073249272545990686, 0.15602020779784084, 0.0053105051926094484], [0.008774586108112865, 0.023736050588194262, 0.018379215282143046, 0.0030030679929159186, 0.9431040120357179, 0.0030030679929159186], [0.9397740300832579, 0.047134836483124505, 0.0030042279764367344, 0.0030042279764367344, 0.004078449504307397, 0.0030042279764367344], [0.8891183380394369, 0.08830896857915443, 0.0030075811335843724, 0.005064154812265216, 0.011493376301974877, 0.0030075811335843724], [0.8642498479967432, 0.10749658957340276, 0.003004320152553494, 0.006987534306469479, 0.015257387818277401, 0.003004320152553494], [0.05785833943816216, 0.13585069687098683, 0.003013829906726771, 0.011159667185361195, 0.7891036366920361, 0.003013829906726771], [0.7532332045554642, 0.18997976340694986, 0.0030022161412420075, 0.014417762445302644, 0.036364837309799176, 0.0030022161412420075], [0.7560049654553421, 0.1937686832045316, 0.0030072163946708746, 0.011891237256809645, 0.032320681293975015, 0.0030072163946708746], [0.7437864747644534, 0.19812396601057963, 0.0030028133187543393, 0.014453944773107923, 0.037629987814350535, 0.0030028133187543393], [0.7252051402780256, 0.20759857518767527, 0.0030041218335679367, 0.01749512572335445, 0.04369291514380876, 0.0030041218335679367], [0.7807203648337095, 0.17873493223043319, 0.0030197613618627188, 0.01041644114525182, 0.024088739066879767, 0.0030197613618627188], [0.8287136326157364, 0.13938431134647294, 0.0030192480548437736, 0.008343078975956156, 0.017520480952146703, 0.0030192480548437736], [0.8455518227012754, 0.12336120232183481, 0.0030090338551872643, 0.007919339418989445, 0.01714956784752583, 0.0030090338551872643], [0.016501461026421246, 0.0804486689276997, 0.0030413084462350315, 0.003473969463284749, 0.8934932836901242, 0.0030413084462350315], [0.9293151425950359, 0.05631798482851585, 0.003010455047834741, 0.003010455047834741, 0.005335507432944248, 0.003010455047834741], [0.9485811086667034, 0.03894870597398614, 0.0030004737346939364, 0.0030004737346939364, 0.003468764155228721, 0.0030004737346939364], [0.007850153503516259, 0.01920187942843783, 0.008255093600655473, 0.003001849084842073, 0.9586891752977064, 0.003001849084842073], [0.730102919241196, 0.053563476753943504, 0.02849038463143023, 0.006911292648604592, 0.1753951273041553, 0.005536799420670376], [0.9571505087015277, 0.019932983077466458, 0.01284092586633623, 0.003000161180281797, 0.004075259994105997, 0.003000161180281797], [0.014726240754238425, 0.053458455272416834, 0.0030063575494031257, 0.0030612447088897276, 0.9227413441656488, 0.0030063575494031257], [0.925239062839829, 0.05879408630854017, 0.0030137796412488603, 0.0030137796412488603, 0.00692551192788423, 0.0030137796412488603], [0.8768661976638942, 0.09664559321333166, 0.003004729692771811, 0.005003988804906538, 0.015474760932324156, 0.003004729692771811], [0.8451469248751494, 0.05694854732572251, 0.06401523813048947, 0.007913709448612666, 0.02296756524335113, 0.0030080149766748263], [0.7497771626651428, 0.0657822818212379, 0.04977339906866906, 0.036461112199952614, 0.08121817516916127, 0.016987869075836312], [0.710686325739198, 0.09233118423856784, 0.14031346880200485, 0.015025270168527083, 0.038642099856224105, 0.003001651195478083], [0.10971618291128034, 0.23901860736057942, 0.0030158570263445305, 0.018370260374606012, 0.6268632353008452, 0.0030158570263445305], [0.6841443917367336, 0.2376846801675067, 0.003020073023235712, 0.018451236420832608, 0.05367954562845574, 0.003020073023235712], [0.6908651367603745, 0.220749887589902, 0.003015946467102409, 0.02072865807488981, 0.06162442464062883, 0.003015946467102409], [0.6705927557537761, 0.23677354144029214, 0.0030121082893435507, 0.021464252339130206, 0.06514523388811458, 0.0030121082893435507], [0.694913431038246, 0.2059811809203275, 0.003017849381192807, 0.022521443462588563, 0.07054824581645247, 0.003017849381192807], [0.7409716010274691, 0.18353160658364354, 0.0030007424299842347, 0.01763736538757638, 0.05185794214134245, 0.0030007424299842347], [0.7681494710911135, 0.16885713399664523, 0.0030104240101901133, 0.01464016909184326, 0.04233237780001774, 0.0030104240101901133], [0.8498547624096673, 0.11051196861502213, 0.0030026996338322026, 0.008918583403016371, 0.024709286304630002, 0.0030026996338322026], [0.04442822041831091, 0.10232373223347263, 0.003001191701902172, 0.00714996121438068, 0.8400957027300314, 0.003001191701902172], [0.8862672884929569, 0.08941485048993952, 0.0030168480062582616, 0.00510314305267412, 0.013181021951912855, 0.0030168480062582616], [0.9397925807542353, 0.04564445244661125, 0.003003591712715346, 0.003003591712715346, 0.005552191661007356, 0.003003591712715346], [0.9504074002022934, 0.0370837495303843, 0.003000281106449166, 0.003000281106449166, 0.0035080069479748862, 0.003000281106449166], [0.015506378716581976, 0.01710529929866568, 0.012057191175250805, 0.0030150636038574702, 0.9493010036017866, 0.0030150636038574702], [0.8432295004149298, 0.08306994211864753, 0.016743593645427945, 0.003985750720437565, 0.04898546238011962, 0.003985750720437565]], [[0.8748165181788014, 0.060133852977880264, 0.01500926792564847, 0.0036428584856885095, 0.04275464394629301, 0.0036428584856885095], [0.7080173041184344, 0.05923539927937349, 0.0539010044528354, 0.008871279802446792, 0.16439599482525094, 0.005579017521658981], [0.011135461590575213, 0.029077485425483402, 0.025669049458276194, 0.0030147448488319693, 0.9280885138280012, 0.0030147448488319693], [0.8764411299506017, 0.10277443154319271, 0.003009452913097065, 0.00501719286157855, 0.00974833981843289, 0.003009452913097065], [0.8563514070039469, 0.11722984289035224, 0.0030085126052050797, 0.0062389666049119455, 0.014162758290378885, 0.0030085126052050797], [0.7996432315267096, 0.15433190007559464, 0.0030344195532271043, 0.012017095213693174, 0.027938934077548463, 0.0030344195532271043], [0.7394477011714479, 0.19775655176583665, 0.003001902228393258, 0.015889049956120442, 0.04090289264980864, 0.003001902228393258], [0.7491974477157013, 0.1908560143700901, 0.0030014334198417516, 0.015148327454090175, 0.03879534362043499, 0.0030014334198417516], [0.7311252763577315, 0.19870063251651554, 0.0030019376772535138, 0.017431896211991975, 0.046738319559254005, 0.0030019376772535138], [0.7179187746380866, 0.2182819114042577, 0.003000515090562034, 0.01658828856862405, 0.041209995207907676, 0.003000515090562034], [0.7065636856273452, 0.22790464514548994, 0.0030012471636354124, 0.01684985377206738, 0.04267932112782685, 0.0030012471636354124], [0.08618941902895745, 0.22831580146127659, 0.003009290411242192, 0.015686907764378373, 0.6637892909229032, 0.003009290411242192], [0.07798993796303408, 0.17988973169179134, 0.0030555316235663303, 0.012242281233406963, 0.723766985864635, 0.0030555316235663303], [0.810893946712639, 0.1460944352955696, 0.0030343836706048, 0.0093856877630631, 0.027557162887518485, 0.0030343836706048], [0.8530061179473112, 0.12008322209619625, 0.003009449519731798, 0.006646068838503777, 0.014245692078525145, 0.003009449519731798], [0.9157599666387913, 0.06869248869973263, 0.003025474248618965, 0.003109066582574338, 0.006387529581663727, 0.003025474248618965], [0.93316409690205, 0.05241897125743574, 0.0030071344509208205, 0.0030071344509208205, 0.0053955284877516985, 0.0030071344509208205], [0.9541257345453347, 0.022194002709074283, 0.014237734236327227, 0.003000139454816479, 0.0034422495996309535, 0.003000139454816479], [0.8008366592070775, 0.05169739705055204, 0.022997788470349712, 0.005747244345876825, 0.11423774860242321, 0.0044831623237207765], [0.00854956273907276, 0.022272721116426867, 0.007905851908754395, 0.00300250188914986, 0.9552668604574462, 0.00300250188914986], [0.9464718557733979, 0.04107245800301181, 0.0030009994325086754, 0.0030009994325086754, 0.003452687926064348, 0.0030009994325086754], [0.9351747348577343, 0.05043960784541299, 0.0030056459482678253, 0.0030056459482678253, 0.005368719452049363, 0.0030056459482678253], [0.0166077570925752, 0.054139191582521395, 0.0030082499181975637, 0.0030624290995841384, 0.9201741223889242, 0.0030082499181975637], [0.038631457396786376, 0.051078825957702446, 0.0449355383453409, 0.00547268776879638, 0.8568809610953563, 0.0030005294360177094], [0.70514959927935, 0.07260297843374529, 0.05537749681774373, 0.027643119149282584, 0.13060369026383759, 0.008623116056040873], [0.06999037021181452, 0.07715393673294293, 0.08286473855119901, 0.011528226881388114, 0.7553937373629258, 0.0030689902597296694], [0.6958433134627884, 0.2271977806973606, 0.003013641064355581, 0.01809325965889016, 0.0528383640522499, 0.003013641064355581], [0.6917433360068905, 0.22413024591912944, 0.003015165466914077, 0.01983122996852394, 0.058264857171628034, 0.003015165466914077], [0.6981897262916895, 0.2102257800866442, 0.003013615569521622, 0.020835679567060048, 0.06472158291556303, 0.003013615569521622], [0.7050646063097153, 0.19963412028456187, 0.003012902115351071, 0.021463803762536454, 0.06781166541248423, 0.003012902115351071], [0.4498084991251286, 0.3011531638796825, 0.0030030236074712583, 0.03212759856244274, 0.21090469121780364, 0.0030030236074712583], [0.7256918788313191, 0.1839387424036724, 0.0030017740056500633, 0.018034244898121, 0.06633158585558735, 0.0030017740056500633], [0.7488854515504316, 0.1767368937705159, 0.0030004591677208563, 0.017451141999539767, 0.050925594344070985, 0.0030004591677208563], [0.08196601558892472, 0.15672565385461457, 0.003010768851503816, 0.014320009714152523, 0.7409667831393006, 0.003010768851503816], [0.8531622796641578, 0.1091356596274922, 0.0030021390905906396, 0.008804518821496968, 0.02289326370567172, 0.0030021390905906396], [0.8790221219983156, 0.0903773521697938, 0.0030018255925953847, 0.006751456656175846, 0.017845417990523867, 0.0030018255925953847], [0.8901501309795352, 0.08630874501595646, 0.0030195149246923696, 0.004921940212974999, 0.012580153942148752, 0.0030195149246923696], [0.928121125239112, 0.05808841439021304, 0.003000623953320249, 0.003000623953320249, 0.0047885885107141314, 0.003000623953320249], [0.9566214945332918, 0.019882941634237893, 0.014092790979143602, 0.003000155933841268, 0.003402460985644244, 0.003000155933841268], [0.8874694814172676, 0.07847627999225625, 0.01097713615678047, 0.0036732438764335643, 0.01573061468082869, 0.0036732438764335643]], [[0.8548252374985104, 0.06339858054781819, 0.015109289864632251, 0.0038390471276641106, 0.058988797833710964, 0.0038390471276641106], [0.7446580865043644, 0.050171755799066756, 0.06305962629226013, 0.008612321880978165, 0.12849565592375, 0.005002553599580568], [0.026446595147469366, 0.04680057565578061, 0.053015867441953836, 0.004065860877426098, 0.8666664150598156, 0.003004685817554499], [0.8603527404218065, 0.11531074023249008, 0.003009341360864877, 0.00614820497594363, 0.01216963164803015, 0.003009341360864877], [0.7967194752028506, 0.1607509455909935, 0.0030400444438285668, 0.010444364240496645, 0.026005126078002254, 0.0030400444438285668], [0.09180238709008494, 0.21899015719984274, 0.0030052462523120515, 0.015264053268186653, 0.6679329099372615, 0.0030052462523120515], [0.09863129422418224, 0.20701849782058082, 0.003001826643680971, 0.016677275374019248, 0.6716692792938558, 0.003001826643680971], [0.7332310873747107, 0.19365153079421707, 0.003001438925466345, 0.01838859982843073, 0.04872590415170885, 0.003001438925466345], [0.458985392112969, 0.2981747911926729, 0.003002225341467317, 0.030095159148720504, 0.2067402068627029, 0.003002225341467317], [0.7225773384119605, 0.19746045959356934, 0.003003947264270411, 0.02034720451533346, 0.05360710295059593, 0.003003947264270411], [0.7110547607882607, 0.211946753124192, 0.0030071508382472833, 0.01983193357072797, 0.05115225084032465, 0.0030071508382472833], [0.09615756951861518, 0.22959006038786062, 0.003000716338336273, 0.01871226231492682, 0.6495386751019248, 0.003000716338336273], [0.7031862826638152, 0.21692436977639246, 0.0030115899892971406, 0.017853824042157115, 0.056012343539040915, 0.0030115899892971406], [0.7727490486382897, 0.17623500430239306, 0.0030226546678162095, 0.013187952589444536, 0.03178268513424024, 0.0030226546678162095], [0.8133376342651725, 0.15081956481496814, 0.003004442064803889, 0.009183317106777292, 0.020650599683474286, 0.003004442064803889], [0.8566946054126778, 0.11841468758629298, 0.003009354296504117, 0.0055760269232211805, 0.013295971484799886, 0.003009354296504117], [0.012539747248252861, 0.06232536744357501, 0.00301231803915593, 0.0030661683363137145, 0.9160440808935466, 0.00301231803915593], [0.008968616535927006, 0.024828262146773233, 0.012555720348489716, 0.003001566607910924, 0.9476442677529882, 0.003001566607910924], [0.8328998493363834, 0.04704753186069272, 0.021823256431638405, 0.0052645131307305255, 0.08889426647927355, 0.004070582761281422], [0.9614024174554034, 0.019630418484632938, 0.009523238890371249, 0.0030015460398037422, 0.003440833089984916, 0.0030015460398037422], [0.9527421498650153, 0.03480859651479616, 0.003000022563638566, 0.003000022563638566, 0.0034491859292729776, 0.003000022563638566], [0.9442964380974778, 0.04279146254116085, 0.0030014412121723366, 0.0030014412121723366, 0.003907775724844353, 0.0030014412121723366], [0.9409755767458993, 0.04434980558798709, 0.0030022619116471675, 0.0030022619116471675, 0.005667831931172054, 0.0030022619116471675], [0.021598005320525016, 0.030801927378735067, 0.021672571562536252, 0.0032489073719954116, 0.9196562093491975, 0.003022379017010864], [0.7443688646224682, 0.06799266692871372, 0.04144354414929928, 0.032616818712173375, 0.10316050070322282, 0.010417604884122602], [0.830465722594894, 0.06425574433083646, 0.06926169027805981, 0.009373434328400028, 0.023624605653037943, 0.0030188028147717276], [0.7804605990471359, 0.16209245347840198, 0.0030518179618509956, 0.013281607043949078, 0.03806170450681114, 0.0030518179618509956], [0.7164858847041825, 0.2028180607827666, 0.003005449929706525, 0.018076146698425954, 0.056609007955211905, 0.003005449929706525], [0.6904400231251014, 0.2076803080981286, 0.003004533935277266, 0.018844430418358905, 0.07702617048785661, 0.003004533935277266], [0.7201975579339274, 0.19310433229198518, 0.0030059698113874527, 0.019633849748012952, 0.061052320403299616, 0.0030059698113874527], [0.7226944166975323, 0.1904948222559615, 0.0030055503396860684, 0.021103656953162315, 0.05969600341397173, 0.0030055503396860684], [0.13011466555713425, 0.19631282822248336, 0.003009039865548145, 0.019908957289311673, 0.6476454691999745, 0.003009039865548145], [0.7081782388645307, 0.20853254112680494, 0.0030029488395931694, 0.019855496839154597, 0.05742782549032351, 0.0030029488395931694], [0.8091217594150429, 0.13232948618129414, 0.003024494468339125, 0.013800159959109798, 0.038699605507874935, 0.003024494468339125], [0.8369973768677913, 0.1153020275568098, 0.003006713227137149, 0.011313494844996556, 0.030373674276127943, 0.003006713227137149], [0.8678952599466976, 0.09976155092765338, 0.0030012113981971876, 0.007765127037579782, 0.01857563929167487, 0.0030012113981971876], [0.9167643726417325, 0.06340019304540322, 0.0030246971216499746, 0.004406675391125681, 0.009379364678438654, 0.0030246971216499746], [0.9313416009272539, 0.05276342835431285, 0.0030095230821654156, 0.0031066599783812886, 0.006769264575720877, 0.0030095230821654156], [0.01138514430451347, 0.018729599622831765, 0.013245299845448798, 0.0030005622106664973, 0.9506388318058728, 0.0030005622106664973], [0.8444307547144246, 0.0874970638588483, 0.019943031839974142, 0.003982415707453416, 0.04016431817184621, 0.003982415707453416]], [[0.8765827483495865, 0.060429176690814886, 0.01865777245256002, 0.0036143402370672427, 0.037101622032904145, 0.0036143402370672427], [0.01224010436742939, 0.024768692276385448, 0.020243212582656916, 0.003006120090270289, 0.9367357505929877, 0.003006120090270289], [0.885748087749999, 0.09647146963998673, 0.0030126490595562493, 0.004521067740081465, 0.007234076750820328, 0.0030126490595562493], [0.035548622845638755, 0.1455628223939964, 0.0030219194369137106, 0.007119287458624425, 0.8057254284279131, 0.0030219194369137106], [0.7784873035450856, 0.17553620200356237, 0.003059900641214937, 0.011720674431005135, 0.028136018737917077, 0.003059900641214937], [0.7107285895428173, 0.22609594037164066, 0.0030112495907052774, 0.01641095592322307, 0.040742014980908375, 0.0030112495907052774], [0.6998753120389964, 0.22267183692627507, 0.0030116823631506843, 0.019586013091426352, 0.05184347321700091, 0.0030116823631506843], [0.7087010392473754, 0.20630994941562975, 0.0030085201688014917, 0.022053035041002374, 0.056918935958389476, 0.0030085201688014917], [0.7225808075040734, 0.19184902036377013, 0.0030051401857713214, 0.020819477524086225, 0.05874041423652765, 0.0030051401857713214], [0.7070025036378512, 0.2019887519275155, 0.003006988809797659, 0.023004752732250278, 0.06199001408278767, 0.003006988809797659], [0.45690205764189135, 0.29339923697104986, 0.0030123133331359134, 0.03125707482152234, 0.2124170038992647, 0.0030123133331359134], [0.11232469496941618, 0.22596740231836754, 0.003001961716992382, 0.01973607148206299, 0.6359679077961685, 0.003001961716992382], [0.10433530479805335, 0.20578591721082973, 0.0030067085031731354, 0.017154515628382713, 0.6667108453563879, 0.0030067085031731354], [0.7183685636154924, 0.2239424944964086, 0.003002211740902339, 0.015363182847074804, 0.036321335559219625, 0.003002211740902339], [0.05847400907437511, 0.16760892948561498, 0.003042426256352035, 0.010502305741074129, 0.7573299031862317, 0.003042426256352035], [0.8395952048122699, 0.12743003066252093, 0.003008963581030602, 0.007806396136408027, 0.019150441226739978, 0.003008963581030602], [0.8705641107905538, 0.10260655251419146, 0.00300446830848483, 0.006021854800162079, 0.01479854527812317, 0.00300446830848483], [0.9346980600370342, 0.03030637593558119, 0.023829106219400473, 0.0030080147576043836, 0.005150428292775493, 0.0030080147576043836], [0.8704326077920953, 0.05177124350474067, 0.021479663513144925, 0.006394290057338646, 0.04630288050178488, 0.0036193146308955287], [0.9612929253893184, 0.020272375465293983, 0.008990757702046617, 0.003001776076134723, 0.0034403892910713314, 0.003001776076134723], [0.9565389405053876, 0.031010418741348453, 0.0030003532939186246, 0.0030003532939186246, 0.003449580871508018, 0.0030003532939186246], [0.9530890699771899, 0.034460153493738266, 0.003000034215126088, 0.003000034215126088, 0.0034506738836935264, 0.003000034215126088], [0.9463864218508583, 0.03972790432491708, 0.0030004693751385274, 0.0030004693751385274, 0.004884265698809072, 0.0030004693751385274], [0.9333591381733879, 0.04829720108108798, 0.0030074831382665094, 0.0033069205954540655, 0.009021773873537253, 0.0030074831382665094], [0.9224733587749364, 0.03312498814854183, 0.025826291896139254, 0.00436342239442192, 0.011192077201883902, 0.0030198615840767284], [0.05149719930924972, 0.1053508398523577, 0.003000589304509262, 0.008036030606548143, 0.8291147516228259, 0.003000589304509262], [0.06387379932106488, 0.14132554260343294, 0.003004237697135898, 0.01106921053329572, 0.7777229721479347, 0.003004237697135898], [0.7763614723240437, 0.15660256173756815, 0.0030274023861543275, 0.01590331890424683, 0.045077842261832785, 0.0030274023861543275], [0.1195180142164797, 0.18738021886979672, 0.0030036174859022595, 0.020111136285042044, 0.666983395656877, 0.0030036174859022595], [0.7233059607367084, 0.194878580095454, 0.003004074751735836, 0.020489415274636866, 0.055317894389729096, 0.003004074751735836], [0.718725191042335, 0.1947171956729475, 0.0030061412425226425, 0.020384695028220136, 0.06016063577145219, 0.0030061412425226425], [0.7070494435740979, 0.20422102081768884, 0.003009722929452382, 0.021524895189201233, 0.06118519456010739, 0.003009722929452382], [0.7139616076436114, 0.1971363003574872, 0.0030061869731515525, 0.020313274323631093, 0.0625764437289673, 0.0030061869731515525], [0.11560436720262474, 0.1836710603636918, 0.0030027278604291014, 0.020929987818686473, 0.6737891288941388, 0.0030027278604291014], [0.7701787241541995, 0.16651634405715499, 0.0030279988370472606, 0.015373939380509507, 0.04187499473404142, 0.0030279988370472606], [0.8360397364527402, 0.12292581136541485, 0.0030079663136613356, 0.010155072807168894, 0.024863446747353576, 0.0030079663136613356], [0.03993833718144003, 0.10715592993165761, 0.0030026597542684576, 0.007710866344982989, 0.8391895470333824, 0.0030026597542684576], [0.9176496627057998, 0.0647839127279191, 0.00302379682178688, 0.003983065302946183, 0.007535765619761206, 0.00302379682178688], [0.9411313360583715, 0.026330547438303695, 0.021333811186786563, 0.0030046312083171637, 0.0051950428999039565, 0.0030046312083171637], [0.8765111909915773, 0.07468636171054512, 0.006547436858908023, 0.0037271232127865043, 0.034800764013396775, 0.0037271232127865043]], [[0.9041289549107825, 0.05533074075936656, 0.004951220976707925, 0.003453390553489913, 0.028682302246163093, 0.003453390553489913], [0.9152782160991941, 0.03642889956571767, 0.03567440188188493, 0.004094260592528342, 0.005510925503728887, 0.0030132963569460647], [0.8763707069588281, 0.1050833906126426, 0.003012396817867728, 0.004519764539802438, 0.008001344252991496, 0.003012396817867728], [0.04151777723637267, 0.16357588917501664, 0.003035848543976894, 0.009135893690970778, 0.7796987428096862, 0.003035848543976894], [0.7208494976916155, 0.22789791374799276, 0.0030148703683498673, 0.013644740190397065, 0.03157810763329485, 0.0030148703683498673], [0.08931085771565775, 0.22875948216904218, 0.003008992837947243, 0.015131979912892621, 0.6607796945265131, 0.003008992837947243], [0.7078763444480585, 0.22446808169225257, 0.0030105682855960454, 0.01762794261551107, 0.04400649467298573, 0.0030105682855960454], [0.4549625366430863, 0.3046605767969674, 0.0030013547372838767, 0.029768568736061454, 0.204605608349317, 0.0030013547372838767], [0.7124983708704821, 0.19179518432486994, 0.003011383882546841, 0.021874069732090308, 0.06780960730746402, 0.003011383882546841], [0.7110416298368312, 0.18580876527758602, 0.0030165230718653285, 0.023603449771346888, 0.07351310897050538, 0.0030165230718653285], [0.6965252687949359, 0.2087730554768559, 0.0030091054376906066, 0.022635412216310175, 0.06604805263651681, 0.0030091054376906066], [0.6921362463821531, 0.22139728571082495, 0.0030052261917459743, 0.021582606346563095, 0.058873409176967, 0.0030052261917459743], [0.09820214792845587, 0.20730582349991086, 0.0030023016291438154, 0.01914179731370715, 0.6693456279996385, 0.0030023016291438154], [0.7673540616950063, 0.17507951439566488, 0.003068146720814008, 0.015011012425734252, 0.0364191180419666, 0.003068146720814008], [0.8147243089347035, 0.14325336050706539, 0.003022367930296315, 0.01062196695622017, 0.025355627741418352, 0.003022367930296315], [0.8381048886592197, 0.12719599746117324, 0.0030084398474593994, 0.008028805839450858, 0.02065342834523739, 0.0030084398474593994], [0.9100689473577602, 0.07037267577444994, 0.0030312613150198435, 0.004468196224582946, 0.009027658013167251, 0.0030312613150198435], [0.011115214106643987, 0.029895671323536023, 0.013943269771253743, 0.003005498913602742, 0.9390348469713609, 0.003005498913602742], [0.8291852161430932, 0.06285760363228524, 0.02841524508032311, 0.008107818231319616, 0.06743262779324113, 0.004001489119737871], [0.9608793032917289, 0.01946364359410955, 0.010213959532097219, 0.0030012116128834286, 0.0034406703562974783, 0.0030012116128834286], [0.9557907843375484, 0.03175765993054052, 0.00300024172627414, 0.00300024172627414, 0.0034508305530888623, 0.00300024172627414], [0.9541353621106649, 0.03338422140644623, 0.0030000736886632586, 0.0030000736886632586, 0.0034801954168991733, 0.0030000736886632586], [0.9475449210357025, 0.03819774365884381, 0.003000225426717904, 0.003000225426717904, 0.005256659025300198, 0.003000225426717904], [0.015471673429692748, 0.04371468484357328, 0.0030025219774478594, 0.003056812803337466, 0.9317517849685009, 0.0030025219774478594], [0.895314462305046, 0.07335890046936092, 0.003007701309984944, 0.006100949324075025, 0