{"prediction": [[[0.9852216748768479, 0.0029556650246305434, 0.0029556650246305434, 0.0029556650246305434, 0.0029556650246305434, 0.0029556650246305434], [0.9852216748768479, 0.0029556650246305434, 0.0029556650246305434, 0.0029556650246305434, 0.0029556650246305434, 0.0029556650246305434], [0.9852216748768479, 0.0029556650246305434, 0.0029556650246305434, 0.0029556650246305434, 0.0029556650246305434, 0.0029556650246305434], [0.9852216748768479, 0.0029556650246305434, 0.0029556650246305434, 0.0029556650246305434, 0.0029556650246305434, 0.0029556650246305434], [0.9852216748768479, 0.0029556650246305434, 0.0029556650246305434, 0.0029556650246305434, 0.0029556650246305434, 0.0029556650246305434], [0.9852216748768479, 0.0029556650246305434, 0.0029556650246305434, 0.0029556650246305434, 0.0029556650246305434, 0.0029556650246305434], [0.9852216748768479, 0.0029556650246305434, 0.0029556650246305434, 0.0029556650246305434, 0.0029556650246305434, 0.0029556650246305434], [0.9852216748768479, 0.0029556650246305434, 0.0029556650246305434, 0.0029556650246305434, 0.0029556650246305434, 0.0029556650246305434], [0.9852216748768479, 0.0029556650246305434, 0.0029556650246305434, 0.0029556650246305434, 0.0029556650246305434, 0.0029556650246305434], [0.9852216748768479, 0.0029556650246305434, 0.0029556650246305434, 0.0029556650246305434, 0.0029556650246305434, 0.0029556650246305434], [0.9852216748768479, 0.0029556650246305434, 0.0029556650246305434, 0.0029556650246305434, 0.0029556650246305434, 0.0029556650246305434], [0.9852216748768479, 0.0029556650246305434, 0.0029556650246305434, 0.0029556650246305434, 0.0029556650246305434, 0.0029556650246305434], [0.9852216748768479, 0.0029556650246305434, 0.0029556650246305434, 0.0029556650246305434, 0.0029556650246305434, 0.0029556650246305434], [0.9852216748768479, 0.0029556650246305434, 0.0029556650246305434, 0.0029556650246305434, 0.0029556650246305434, 0.0029556650246305434], [0.9852216748768479, 0.0029556650246305434, 0.0029556650246305434, 0.0029556650246305434, 0.0029556650246305434, 0.0029556650246305434], [0.9852216748768479, 0.0029556650246305434, 0.0029556650246305434, 0.0029556650246305434, 0.0029556650246305434, 0.0029556650246305434], [0.9852216748768479, 0.0029556650246305434, 0.0029556650246305434, 0.0029556650246305434, 0.0029556650246305434, 0.0029556650246305434], [0.9852216748768479, 0.0029556650246305434, 0.0029556650246305434, 0.0029556650246305434, 0.0029556650246305434, 0.0029556650246305434], [0.9852216748768479, 0.0029556650246305434, 0.0029556650246305434, 0.0029556650246305434, 0.0029556650246305434, 0.0029556650246305434], [0.9852216748768479, 0.0029556650246305434, 0.0029556650246305434, 0.0029556650246305434, 0.0029556650246305434, 0.0029556650246305434], [0.9852216748768479, 0.0029556650246305434, 0.0029556650246305434, 0.0029556650246305434, 0.0029556650246305434, 0.0029556650246305434], [0.9852216748768479, 0.0029556650246305434, 0.0029556650246305434, 0.0029556650246305434, 0.0029556650246305434, 0.0029556650246305434], [0.9852216748768479, 0.0029556650246305434, 0.0029556650246305434, 0.0029556650246305434, 0.0029556650246305434, 0.0029556650246305434], [0.9852216748768479, 0.0029556650246305434, 0.0029556650246305434, 0.0029556650246305434, 0.0029556650246305434, 0.0029556650246305434], [0.9852216748768479, 0.0029556650246305434, 0.0029556650246305434, 0.0029556650246305434, 0.0029556650246305434, 0.0029556650246305434], [0.9852216748768479, 0.0029556650246305434, 0.0029556650246305434, 0.0029556650246305434, 0.0029556650246305434, 0.0029556650246305434], [0.9852216748768479, 0.0029556650246305434, 0.0029556650246305434, 0.0029556650246305434, 0.0029556650246305434, 0.0029556650246305434], [0.9852216748768479, 0.0029556650246305434, 0.0029556650246305434, 0.0029556650246305434, 0.0029556650246305434, 0.0029556650246305434], [0.9852216748768479, 0.0029556650246305434, 0.0029556650246305434, 0.0029556650246305434, 0.0029556650246305434, 0.0029556650246305434], [0.9852216748768479, 0.0029556650246305434, 0.0029556650246305434, 0.0029556650246305434, 0.0029556650246305434, 0.0029556650246305434], [0.9852216748768479, 0.0029556650246305434, 0.0029556650246305434, 0.0029556650246305434, 0.0029556650246305434, 0.0029556650246305434], [0.9852216748768479, 0.0029556650246305434, 0.0029556650246305434, 0.0029556650246305434, 0.0029556650246305434, 0.0029556650246305434], [0.9852216748768479, 0.0029556650246305434, 0.0029556650246305434, 0.0029556650246305434, 0.0029556650246305434, 0.0029556650246305434], [0.9852216748768479, 0.0029556650246305434, 0.0029556650246305434, 0.0029556650246305434, 0.0029556650246305434, 0.0029556650246305434], [0.9852216748768479, 0.0029556650246305434, 0.0029556650246305434, 0.0029556650246305434, 0.0029556650246305434, 0.0029556650246305434], [0.9852216748768479, 0.0029556650246305434, 0.0029556650246305434, 0.0029556650246305434, 0.0029556650246305434, 0.0029556650246305434], [0.9852216748768479, 0.0029556650246305434, 0.0029556650246305434, 0.0029556650246305434, 0.0029556650246305434, 0.0029556650246305434], [0.9852216748768479, 0.0029556650246305434, 0.0029556650246305434, 0.0029556650246305434, 0.0029556650246305434, 0.0029556650246305434], [0.9852216748768479, 0.0029556650246305434, 0.0029556650246305434, 0.0029556650246305434, 0.0029556650246305434, 0.0029556650246305434], [0.9852216748768479, 0.0029556650246305434, 0.0029556650246305434, 0.0029556650246305434, 0.0029556650246305434, 0.0029556650246305434]], [[0.9852216748768479, 0.0029556650246305434, 0.0029556650246305434, 0.0029556650246305434, 0.0029556650246305434, 0.0029556650246305434], [0.9785578981935695, 0.007677808051022039, 0.004605132747488629, 0.0030004229224466347, 0.0031583151630265177, 0.0030004229224466347], [0.9789385451238994, 0.007273757468073921, 0.004604991154675489, 0.003000483314149908, 0.0031817396250513265, 0.003000483314149908], [0.978759625607915, 0.007328361984759722, 0.004605796696517903, 0.003000556644126886, 0.0033051024225536118, 0.003000556644126886], [0.978629612460897, 0.007397976321237911, 0.004606020001262287, 0.003000600290707738, 0.0033651906351873685, 0.003000600290707738], [0.9786024899549591, 0.007272528780814178, 0.004606339858464427, 0.0030008355881365745, 0.003516970229489195, 0.0030008355881365745], [0.9781140585707787, 0.007456709224060851, 0.004717804739952156, 0.003001057736726654, 0.003709311991754822, 0.003001057736726654], [0.9776415501868754, 0.007683334102959544, 0.004624479641012475, 0.0030021352205655467, 0.004046365628021505, 0.0030021352205655467], [0.9852216748768479, 0.0029556650246305434, 0.0029556650246305434, 0.0029556650246305434, 0.0029556650246305434, 0.0029556650246305434], [0.03525001867614082, 0.012709385530912559, 0.01186260100232433, 0.004023112125654823, 0.9331360742713567, 0.0030188083936108453], [0.9493382456162732, 0.013798750856649373, 0.01363548048929009, 0.003740645524131892, 0.01647821308373362, 0.00300866442992181], [0.946730104906757, 0.014240343998227285, 0.013134110587998963, 0.003752986901816465, 0.01912412600083539, 0.003018327604364904], [0.9852216748768479, 0.0029556650246305434, 0.0029556650246305434, 0.0029556650246305434, 0.0029556650246305434, 0.0029556650246305434], [0.0899085257422203, 0.02035436943701768, 0.022035832855832896, 0.006443534318783798, 0.8581969581357319, 0.003060779510413393], [0.9129518725274292, 0.019219259284008285, 0.022325473276575827, 0.005759297024416155, 0.03672796122057132, 0.0030161366669993438], [0.9451539644521118, 0.014483149921978225, 0.013774286713275666, 0.0038018190510404424, 0.01976633496992153, 0.003020444891672365], [0.9852216748768479, 0.0029556650246305434, 0.0029556650246305434, 0.0029556650246305434, 0.0029556650246305434, 0.0029556650246305434], [0.07744045489206294, 0.019676281580345557, 0.021195757873600295, 0.00586577055200281, 0.8727950732286149, 0.0030266618733735245], [0.04238002803891791, 0.014655642648142739, 0.014864315994811191, 0.004054239294642783, 0.9210046623542724, 0.00304111166921302], [0.041429507620050064, 0.014382140848516032, 0.013654083863904553, 0.0040491593897380275, 0.9234475537846468, 0.0030375544931445166], [0.9500998969382672, 0.014202791543531051, 0.013058934833227731, 0.0037396032872072864, 0.01589085251922125, 0.00300792087854546], [0.976057226277292, 0.007800404449333774, 0.005167418169052537, 0.003007112742162795, 0.004960725619996163, 0.003007112742162795], [0.9535342094727152, 0.013375922631937225, 0.011828368953945088, 0.003741119788630768, 0.014510985838033653, 0.0030093933147379787], [0.9531210529419724, 0.013482791619268294, 0.011662810793350641, 0.0037418830232817217, 0.014981432119914196, 0.0030100295022128724], [0.9544469854915669, 0.013521274118807587, 0.011378433725846562, 0.0037414737639685945, 0.013902049626656582, 0.0030097832731537906], [0.9774176246695401, 0.007328231252856527, 0.004537039308267453, 0.003005474888947527, 0.004706154991440916, 0.003005474888947527], [0.9779682143761929, 0.0072197100352484195, 0.004505416917743681, 0.0030031646113430257, 0.004300329448129076, 0.0030031646113430257], [0.9780087678258469, 0.007289460601345791, 0.004537337648489349, 0.0030025005578212037, 0.00415943280867534, 0.0030025005578212037], [0.011373508584132887, 0.007195986666731962, 0.004745430182016889, 0.0030227406840886914, 0.9706395931989409, 0.0030227406840886914], [0.952033102474881, 0.013919987553153783, 0.012386330211396051, 0.0037395001886161338, 0.014913073570031764, 0.00300800600192122], [0.9495998740341373, 0.014316023524753594, 0.013118349616671944, 0.0037404220716855327, 0.01621698141775514, 0.0030083493349964564], [0.9441400757676811, 0.015274522745214961, 0.014967711332786952, 0.004014358835962186, 0.018590789626336507, 0.0030125416920181855], [0.9075825229534464, 0.021792059518486232, 0.024848569147370096, 0.006297156393729281, 0.03647047659256648, 0.0030092153944012833], [0.8989638920365407, 0.02262806685025833, 0.030569298923414822, 0.007008710329186088, 0.0378214565991736, 0.0030085752614266003], [0.895379861791654, 0.02375232835024734, 0.02988775787156455, 0.0072816908173730845, 0.04068174442007752, 0.0030166167490836473], [0.09413707092133884, 0.02468879434984868, 0.03082466607849202, 0.008146950340867425, 0.8391437510184758, 0.0030587672909772497], [0.9069905396447595, 0.021788031669497318, 0.02555759890800339, 0.006222803245215907, 0.0364326424118942, 0.0030083841206297885], [0.9437843488410403, 0.01555674526200189, 0.01477489853192052, 0.004047327113682922, 0.018823039855764993, 0.0030136403955894325], [0.9481506973751004, 0.014884779499690247, 0.013534144831420623, 0.0037404193058484937, 0.01668169566120621, 0.0030082633267341425], [0.9852216748768479, 0.0029556650246305434, 0.0029556650246305434, 0.0029556650246305434, 0.0029556650246305434, 0.0029556650246305434]], [[0.9852216748768479, 0.0029556650246305434, 0.0029556650246305434, 0.0029556650246305434, 0.0029556650246305434, 0.0029556650246305434], [0.9790727757761295, 0.007246236137183494, 0.0046048450477255455, 0.003000452500214635, 0.0030752380385322634, 0.003000452500214635], [0.9743838763376813, 0.013383118675725074, 0.0030006962317079247, 0.0030006962317079247, 0.0032309162914698195, 0.0030006962317079247], [0.9736649587220585, 0.013629962016551943, 0.0030011844008200465, 0.0030011844008200465, 0.003701526058929256, 0.0030011844008200465], [0.007577985652583563, 0.013771939420309496, 0.003002210747598277, 0.003002210747598277, 0.9696434426843121, 0.003002210747598277], [0.9736388891358477, 0.013656104591045062, 0.0030011655850969137, 0.0030011655850969137, 0.0037015095178165405, 0.0030011655850969137], [0.9782190546551489, 0.0075599736267801, 0.004606443341594234, 0.0030009514844587587, 0.003612625407559308, 0.0030009514844587587], [0.9852216748768479, 0.0029556650246305434, 0.0029556650246305434, 0.0029556650246305434, 0.0029556650246305434, 0.0029556650246305434], [0.9852216748768479, 0.0029556650246305434, 0.0029556650246305434, 0.0029556650246305434, 0.0029556650246305434, 0.0029556650246305434], [0.9852216748768479, 0.0029556650246305434, 0.0029556650246305434, 0.0029556650246305434, 0.0029556650246305434, 0.0029556650246305434], [0.9852216748768479, 0.0029556650246305434, 0.0029556650246305434, 0.0029556650246305434, 0.0029556650246305434, 0.0029556650246305434], [0.9852216748768479, 0.0029556650246305434, 0.0029556650246305434, 0.0029556650246305434, 0.0029556650246305434, 0.0029556650246305434], [0.9852216748768479, 0.0029556650246305434, 0.0029556650246305434, 0.0029556650246305434, 0.0029556650246305434, 0.0029556650246305434], [0.9852216748768479, 0.0029556650246305434, 0.0029556650246305434, 0.0029556650246305434, 0.0029556650246305434, 0.0029556650246305434], [0.9852216748768479, 0.0029556650246305434, 0.0029556650246305434, 0.0029556650246305434, 0.0029556650246305434, 0.0029556650246305434], [0.9852216748768479, 0.0029556650246305434, 0.0029556650246305434, 0.0029556650246305434, 0.0029556650246305434, 0.0029556650246305434], [0.9852216748768479, 0.0029556650246305434, 0.0029556650246305434, 0.0029556650246305434, 0.0029556650246305434, 0.0029556650246305434], [0.08884678302458916, 0.021859368244307946, 0.02468437840429432, 0.006814716160515032, 0.8547507729095397, 0.003043981256753818], [0.892607766171642, 0.05790452863744882, 0.003002069147074188, 0.006018923064826536, 0.03746464383193412, 0.003002069147074188], [0.9263443989885467, 0.04292361546059576, 0.0030087584978599367, 0.004328891457255458, 0.020385577097882173, 0.0030087584978599367], [0.045310803579371346, 0.03744289143694157, 0.0030166195646337064, 0.004527870153701572, 0.9066851957007181, 0.0030166195646337064], [0.04313747368540388, 0.032939212831934635, 0.0030144020590271046, 0.004524097145152562, 0.9133704122194547, 0.0030144020590271046], [0.9389165126025857, 0.033429634331644004, 0.0030035348444968964, 0.00432032696261628, 0.017326456414160103, 0.0030035348444968964], [0.9380940235339393, 0.03288316188303803, 0.003005776332620756, 0.004323543012155208, 0.01868771890562595, 0.003005776332620756], [0.9399674302978691, 0.031894209091278214, 0.0030056850564717658, 0.004323233105264335, 0.017803757392644812, 0.0030056850564717658], [0.9452985767016482, 0.028805390553899406, 0.0030074026457224787, 0.004227016403008301, 0.015654211049999197, 0.0030074026457224787], [0.9722856652253279, 0.013956834971833164, 0.0030054478407436453, 0.0030054478407436453, 0.004741156280608014, 0.0030054478407436453], [0.9717626568947741, 0.014445570579711992, 0.0030055763569073937, 0.0030055763569073937, 0.004775043454791885, 0.0030055763569073937], [0.9425407912390839, 0.030901799650906697, 0.003005988464931072, 0.004323803565528472, 0.016221628614618976, 0.003005988464931072], [0.9384940242637054, 0.03325122150637541, 0.0030043110145955808, 0.004321525542443716, 0.01792460665828447, 0.0030043110145955808], [0.04727358549772768, 0.03907289873120355, 0.003022997042100016, 0.0045374344218942425, 0.9030700872649745, 0.003022997042100016], [0.09169690156895309, 0.061666385125853304, 0.0030119890271531405, 0.006259435245268213, 0.8343533000056191, 0.0030119890271531405], [0.8725299096258492, 0.07176675235588084, 0.0030137852095327763, 0.006669436632941549, 0.043006330966262996, 0.0030137852095327763], [0.10653539076672851, 0.07418873236943097, 0.0030637177597531177, 0.007562895414373243, 0.8055855459299611, 0.0030637177597531177], [0.5876546548237714, 0.13537705484407456, 0.003024708219613469, 0.012546286525736573, 0.2583725873671907, 0.003024708219613469], [0.8672457533876436, 0.07326106553926211, 0.003023129131664125, 0.0070177987629097965, 0.0464291240468563, 0.003023129131664125], [0.10245482269966824, 0.07121795046481977, 0.0030441954735469815, 0.007142032600190877, 0.8130968032882272, 0.0030441954735469815], [0.8853015698408179, 0.06136650167656042, 0.0030030366300455164, 0.0061443325285491105, 0.04118152269398162, 0.0030030366300455164], [0.9466588988668556, 0.014906299488464721, 0.013609326546985386, 0.0038078759482690116, 0.018005391485605857, 0.0030122076638193964], [0.9852216748768479, 0.0029556650246305434, 0.0029556650246305434, 0.0029556650246305434, 0.0029556650246305434, 0.0029556650246305434]], [[0.9852216748768479, 0.0029556650246305434, 0.0029556650246305434, 0.0029556650246305434, 0.0029556650246305434, 0.0029556650246305434], [0.9786581694832703, 0.007375974489535094, 0.004606055576107638, 0.003000597969310255, 0.0033586045124664515, 0.003000597969310255], [0.9739563555030805, 0.01361296711351123, 0.0030007117757882553, 0.0030007117757882553, 0.0034285420560437136, 0.0030007117757882553], [0.008447636245210223, 0.014484255133194771, 0.003003871361407577, 0.003003871361407577, 0.9680564945373723, 0.003003871361407577], [0.00839071781227871, 0.014595319313918127, 0.003003599716175544, 0.003003599716175544, 0.9680031637252765, 0.003003599716175544], [0.973437828775788, 0.013677977959671229, 0.0030016134393056897, 0.0030016134393056897, 0.0038793529466237147, 0.0030016134393056897], [0.9738592371252507, 0.013254562063925213, 0.0030019581511466368, 0.0030019581511466368, 0.0038803263573841435, 0.0030019581511466368], [0.030712926222980677, 0.013340088443799553, 0.011029099226252972, 0.004013517897679047, 0.9378919732436923, 0.0030123949655954394], [0.03447840898768725, 0.013596833722702704, 0.011049086168537012, 0.004020791197966883, 0.9338373795544458, 0.0030175003686604054], [0.9502050648992232, 0.013899277944825891, 0.01213013220202698, 0.0037454812092844354, 0.017007573758174015, 0.0030124699864655185], [0.9175515541575566, 0.018846461263507953, 0.020453158460976534, 0.00542401352119406, 0.03470699906674373, 0.003017813530021215], [0.9049418537957324, 0.02019004867063322, 0.027422588218157188, 0.0063412308561505, 0.038092585936985994, 0.0030116925223407794], [0.9023437610255379, 0.021469421029984215, 0.02738949443729917, 0.006515758123954306, 0.039268059856214434, 0.003013505527010064], [0.6249829866508655, 0.02547181324958752, 0.056228602952002486, 0.013930888384723197, 0.27638353747707745, 0.003002171285743912], [0.9067620388464606, 0.020134899258272013, 0.023104425694726496, 0.006058862347543331, 0.04091302905243507, 0.003026744800562447], [0.9852216748768479, 0.0029556650246305434, 0.0029556650246305434, 0.0029556650246305434, 0.0029556650246305434, 0.0029556650246305434], [0.9852216748768479, 0.0029556650246305434, 0.0029556650246305434, 0.0029556650246305434, 0.0029556650246305434, 0.0029556650246305434], [0.9011036152997014, 0.02165785186185481, 0.02778883303855605, 0.00648452397811991, 0.039950030186701825, 0.0030151456350660175], [0.8731094698187781, 0.07095787345268048, 0.003012806177012681, 0.006665895410922371, 0.043241148963593636, 0.003012806177012681], [0.09534575680367442, 0.06989398759684942, 0.003023357221381332, 0.006557247034805146, 0.8221562941219084, 0.003023357221381332], [0.8969546376281774, 0.07141697637642817, 0.0030089104321337247, 0.004481301514187723, 0.02112926361693937, 0.0030089104321337247], [0.9306034858742743, 0.039308004617496485, 0.0030049490166516556, 0.004323079245231828, 0.019755532229694187, 0.0030049490166516556], [0.046951850285483786, 0.037113269179968246, 0.0030223641061128074, 0.0045364894892826815, 0.9053536628330395, 0.0030223641061128074], [0.8979570476758989, 0.05307118831242377, 0.0030055111580125932, 0.006024218802254073, 0.03693652289339797, 0.0030055111580125932], [0.9352169273009701, 0.035244725511969575, 0.0030047214828897474, 0.004322137227842497, 0.01920676699343842, 0.0030047214828897474], [0.939947288073427, 0.031404063132205694, 0.003006591903676321, 0.004226236344527338, 0.018409228642487393, 0.003006591903676321], [0.943458093154195, 0.029543497665503397, 0.0030068049423064686, 0.004226290816130963, 0.016758508479557743, 0.0030068049423064686], [0.9706022045477624, 0.015189631873725096, 0.00300907822627621, 0.00300907822627621, 0.005180928899683985, 0.00300907822627621], [0.0415027919339665, 0.032402773543515125, 0.003011669293804256, 0.004519716888700626, 0.9155513790462091, 0.003011669293804256], [0.046542994687162956, 0.0386406518701402, 0.0030203586375376987, 0.00453317604931842, 0.904242460118303, 0.0030203586375376987], [0.9269131282193445, 0.042766168837763935, 0.003007461407826227, 0.004326769315679524, 0.01997901081155955, 0.003007461407826227], [0.8816719042865266, 0.06520560354801115, 0.0030037324608903496, 0.006368463666277379, 0.040746563577404145, 0.0030037324608903496], [0.8762113798471093, 0.06716804227570246, 0.0030087300718576564, 0.006810505346021905, 0.043792612387451094, 0.0030087300718576564], [0.1324196210355789, 0.07924649799673111, 0.0030454475204839174, 0.007349759541876886, 0.7748932263848453, 0.0030454475204839174], [0.8626256765560395, 0.07461976573723555, 0.0030349482034360913, 0.007213882647137948, 0.04947077865271492, 0.0030349482034360913], [0.8657605539668763, 0.07357119572815106, 0.003025991550104575, 0.007291186420222017, 0.04732508078454155, 0.003025991550104575], [0.8755874560200425, 0.06758203867935562, 0.0030094406089310093, 0.0068361788781952865, 0.043975445204544536, 0.0030094406089310093], [0.8807207809964609, 0.06348055552118621, 0.0030056106036038194, 0.006529057480420404, 0.043258384794724776, 0.0030056106036038194], [0.9453234981606101, 0.014637577342590004, 0.013916846441445871, 0.0038835104975245027, 0.019221350563087037, 0.003017216994742405], [0.9852216748768479, 0.0029556650246305434, 0.0029556650246305434, 0.0029556650246305434, 0.0029556650246305434, 0.0029556650246305434]], [[0.9852216748768479, 0.0029556650246305434, 0.0029556650246305434, 0.0029556650246305434, 0.0029556650246305434, 0.0029556650246305434], [0.008649196376334774, 0.007199774608321174, 0.004714780974447023, 0.0030042236846350955, 0.9734278006716269, 0.0030042236846350955], [0.00925066419769471, 0.014661904477164677, 0.0030071980883754376, 0.0030071980883754376, 0.9670658370600143, 0.0030071980883754376], [0.009220179639933167, 0.01502313155736027, 0.00300683468703982, 0.00300683468703982, 0.9667361847415872, 0.00300683468703982], [0.9468046860628886, 0.02913452110678589, 0.003009774431818763, 0.004329056298189298, 0.013712187668498904, 0.003009774431818763], [0.9724901102353644, 0.014385757004749006, 0.003002052070764465, 0.003002052070764465, 0.004117976547593378, 0.003002052070764465], [0.973000448003252, 0.013832784611122481, 0.0030025019972599086, 0.0030025019972599086, 0.004159261393845786, 0.0030025019972599086], [0.973013481502185, 0.013772671585147158, 0.003002739970639897, 0.003002739970639897, 0.004205627000748077, 0.003002739970639897], [0.9453001611527341, 0.0282462651523949, 0.0030101518904760978, 0.004329468075776166, 0.016103801838142806, 0.0030101518904760978], [0.9379213589518477, 0.033046910411318735, 0.0030056206331990957, 0.004322908776604376, 0.018697580593831076, 0.0030056206331990957], [0.9291260242426844, 0.04003861412419336, 0.003007159751161448, 0.004325606966626641, 0.020495435164172487, 0.003007159751161448], [0.885709417184448, 0.06178753560702075, 0.0030026652883529095, 0.006018332389165745, 0.04047938424265974, 0.0030026652883529095], [0.8705330384150147, 0.07234746448476546, 0.0030181212813667688, 0.006359400375861069, 0.044723854161625116, 0.0030181212813667688], [0.8709054878900689, 0.07220651987012584, 0.003024367075146975, 0.00628049608716248, 0.04455876200234874, 0.003024367075146975], [0.8694492777373879, 0.07250866946648608, 0.0030265224413951507, 0.006696515435110391, 0.04529249247822538, 0.0030265224413951507], [0.09598188670486339, 0.023132214865499042, 0.02589334216370454, 0.0074479015052527, 0.8444741411202261, 0.0030705136404542577], [0.9852216748768479, 0.0029556650246305434, 0.0029556650246305434, 0.0029556650246305434, 0.0029556650246305434, 0.0029556650246305434], [0.6282453097673953, 0.02806834733050742, 0.05796381531226067, 0.009844475928163959, 0.2728713976544079, 0.003006654007264577], [0.8664053670329303, 0.07499620984545777, 0.003024463786196957, 0.007125766544060253, 0.04542372900515796, 0.003024463786196957], [0.10411281978094823, 0.08259047839697768, 0.0030767407367651824, 0.007604605938613872, 0.7995386144099299, 0.0030767407367651824], [0.8512867567429359, 0.0936311042666584, 0.0030035834262376482, 0.006747711533344599, 0.042327260604585935, 0.0030035834262376482], [0.9181767334742019, 0.04858137515814335, 0.0030265712341859905, 0.004684764696037549, 0.022503984203245255, 0.0030265712341859905], [0.09242686683849603, 0.06388592599053189, 0.003013507851726489, 0.006269735246532269, 0.8313904562209868, 0.003013507851726489], [0.8885773958417369, 0.059864487861529175, 0.003001942724192509, 0.0060819527533688125, 0.03947227809498015, 0.003001942724192509], [0.08866620776177846, 0.05660863864749768, 0.003009675469413196, 0.006099913987621919, 0.8426058886642755, 0.003009675469413196], [0.9331558345963372, 0.03714808557002389, 0.0030055275589340085, 0.004225239498118668, 0.01945978521765221, 0.0030055275589340085], [0.9390198405936616, 0.033098680406751665, 0.003003685534110782, 0.004222296155325332, 0.01765181177603981, 0.003003685534110782], [0.03952873858865153, 0.03163843910828515, 0.003009788879418415, 0.004413831504749161, 0.9183994130394774, 0.003009788879418415], [0.042931220867822854, 0.035459969074564675, 0.0030114030553979676, 0.0045196772478987785, 0.9110663266989178, 0.0030114030553979676], [0.07492132956682278, 0.039601000374709656, 0.0030048348963605926, 0.0045100164436573794, 0.874957983822089, 0.0030048348963605926], [0.8665132967306894, 0.0822695407192031, 0.00300687979673224, 0.006038825583256998, 0.039164577373386085, 0.00300687979673224], [0.8790264148453495, 0.06694116891240175, 0.0030054953849510124, 0.006588689077675107, 0.04143273639467167, 0.0030054953849510124], [0.8680836196235557, 0.07193615090742159, 0.0030220139989370134, 0.006974002241256327, 0.04696219922989238, 0.0030220139989370134], [0.1327098808335802, 0.07138075318630954, 0.0030294322682028825, 0.00724865170271426, 0.7826018497409903, 0.0030294322682028825], [0.8676398022883948, 0.07088318282710182, 0.0030231348820330814, 0.007371998019924757, 0.04805874710051255, 0.0030231348820330814], [0.8709553866103861, 0.06894803091396522, 0.003016776658746525, 0.007293931485901873, 0.046769097672253804, 0.003016776658746525], [0.8697434590341392, 0.07063847710338661, 0.0030182153556071603, 0.007208829406091187, 0.04637280374516865, 0.0030182153556071603], [0.8733221758704125, 0.0684557039154017, 0.0030128420655566625, 0.006928953821346607, 0.04526748226172595, 0.0030128420655566625], [0.9107525777180484, 0.02095260584625574, 0.02266071920979501, 0.006003008716166286, 0.03661770758475898, 0.003013380924975642], [0.9852216748768479, 0.0029556650246305434, 0.0029556650246305434, 0.0029556650246305434, 0.0029556650246305434, 0.0029556650246305434]], [[0.9852216748768479, 0.0029556650246305434, 0.0029556650246305434, 0.0029556650246305434, 0.0029556650246305434, 0.0029556650246305434], [0.9773077044039737, 0.007640743872806081, 0.004839910538630173, 0.00300257559551762, 0.004206489993554762, 0.00300257559551762], [0.9718264674018955, 0.014888092047288328, 0.0030026175172065506, 0.0030026175172065506, 0.004277587999196523, 0.0030026175172065506], [0.9436169487431224, 0.030780390245017608, 0.003006218594755964, 0.004323925437002421, 0.015266298385345798, 0.003006218594755964], [0.9438976643920801, 0.03058375207035867, 0.00300652664618224, 0.004324307735852747, 0.01518122250934385, 0.00300652664618224], [0.03645632433669197, 0.029348864481088897, 0.0030109161217012218, 0.004517879468095524, 0.9236550994707212, 0.0030109161217012218], [0.01046342441343134, 0.014838293680984412, 0.0030151608844409907, 0.0030151608844409907, 0.9656527992522613, 0.0030151608844409907], [0.9721967194137061, 0.014306185163008247, 0.003003859207465525, 0.003003859207465525, 0.004485517800889288, 0.003003859207465525], [0.9711083492762699, 0.01489531870476565, 0.0030071423326347214, 0.0030071423326347214, 0.004974905021060283, 0.0030071423326347214], [0.9392780196572333, 0.03229714522137539, 0.0030055457432508685, 0.004322927581526484, 0.018090816053363063, 0.0030055457432508685], [0.04716037848058141, 0.04105011558950781, 0.0030227249154227, 0.004536340231353244, 0.9012077158677122, 0.0030227249154227], [0.9217032417350555, 0.04614027111579258, 0.003018218551743999, 0.0043421005084130805, 0.021777949537250853, 0.003018218551743999], [0.8775207652759368, 0.06827526136549442, 0.0030079666265717866, 0.006189179943079318, 0.041998860162345886, 0.0030079666265717866], [0.873647727890897, 0.070135348238476, 0.0030175891649774906, 0.006644163516929054, 0.04353758202374305, 0.0030175891649774906], [0.8719161085499625, 0.06977825445270683, 0.0030219427471364305, 0.006616515856845127, 0.04564523564621279, 0.0030219427471364305], [0.8740617876414372, 0.06890679745527006, 0.0030117557421928355, 0.006671089669600948, 0.04433681374930617, 0.0030117557421928355], [0.9042279363687742, 0.022153187039653122, 0.025724794270201193, 0.006469916878846949, 0.038412068946547404, 0.00301209649597727], [0.8685612555238714, 0.07124732161661809, 0.0030216952580301233, 0.006885285914048811, 0.04726274642940157, 0.0030216952580301233], [0.8594941753447922, 0.07969255310052864, 0.0030414664475878744, 0.007606998400975817, 0.047123340258527435, 0.0030414664475878744], [0.10571599918153955, 0.08044620968180707, 0.003075840576930299, 0.007778345409115361, 0.7999077645736775, 0.003075840576930299], [0.10346451534446634, 0.10459006743649343, 0.003047381511983506, 0.007332005865524596, 0.7785186483295488, 0.003047381511983506], [0.8745170752668655, 0.06977391724826378, 0.0030105199649644657, 0.006744421026456098, 0.04294354652848568, 0.0030105199649644657], [0.09536405099624105, 0.09264964750293742, 0.0030184360269275025, 0.006771033804495231, 0.7991783956424713, 0.0030184360269275025], [0.8762105302100653, 0.0676554055920093, 0.003009105998908682, 0.0065435081465623915, 0.043572344053545625, 0.003009105998908682], [0.8836115986920027, 0.06397263058509192, 0.003002758548889352, 0.006245663772498304, 0.04016458985262845, 0.003002758548889352], [0.8899006510716184, 0.05909393394125556, 0.003002373482605631, 0.005881840765182558, 0.039118827256731936, 0.003002373482605631], [0.9335202617103655, 0.03688741259307633, 0.0030052692305539462, 0.004224754706718521, 0.019357032528731676, 0.0030052692305539462], [0.04374276971433547, 0.03444247730290062, 0.003016694477994304, 0.004424569219548855, 0.9113567948072264, 0.003016694477994304], [0.9349465655450216, 0.03606428020730642, 0.0030032403881357075, 0.004320185509957772, 0.01866248796144279, 0.0030032403881357075], [0.8937558253936615, 0.05606992794451846, 0.0030030805832726632, 0.006019823281367719, 0.03814826221390695, 0.0030030805832726632], [0.884051260082472, 0.06204256234788593, 0.0030034195840468645, 0.006263625910791894, 0.04163571249075652, 0.0030034195840468645], [0.1358378261352469, 0.07013390307422011, 0.003034875128511637, 0.007068193977546052, 0.7808903265559637, 0.003034875128511637], [0.5973059721464209, 0.12383754977356254, 0.0030078989994416086, 0.011490142488545248, 0.26135053759258803, 0.0030078989994416086], [0.841697441461874, 0.07053565258607584, 0.003009255519483003, 0.007106592975906074, 0.07464180193717809, 0.003009255519483003], [0.8723808768445367, 0.06794241969274945, 0.0030152345367559902, 0.007054506785312693, 0.04659172760388924, 0.0030152345367559902], [0.10628939565649399, 0.07310603785694776, 0.0030607792246978086, 0.007588487563382044, 0.8068945204737806, 0.0030607792246978086], [0.8640130420368515, 0.07439164504822995, 0.0030302239028597647, 0.007351063407349415, 0.04818380170184971, 0.0030302239028597647], [0.10661075355704372, 0.07568363225977277, 0.0030670634362431446, 0.007687982332829712, 0.8038835049778675, 0.0030670634362431446], [0.904517344955931, 0.021744426747113636, 0.027013441336875173, 0.006549799348466433, 0.03716651041184695, 0.0030084771997668717], [0.9852216748768479, 0.0029556650246305434, 0.0029556650246305434, 0.0029556650246305434, 0.0029556650246305434, 0.0029556650246305434]], [[0.9852216748768479, 0.0029556650246305434, 0.0029556650246305434, 0.0029556650246305434, 0.0029556650246305434, 0.0029556650246305434], [0.9771760967148416, 0.007728820267960282, 0.004708237760502728, 0.003003520540010669, 0.004379804176674068, 0.003003520540010669], [0.9426029709823719, 0.031925817307393745, 0.003004737885895747, 0.004321604589454644, 0.015140131348988293, 0.003004737885895747], [0.041456918322028455, 0.033957045046488964, 0.0030097607726705775, 0.004516367398931382, 0.91405014768721, 0.0030097607726705775], [0.04279258191097466, 0.03576646080106418, 0.0030108477116099525, 0.004518290985609472, 0.9109009708791318, 0.0030108477116099525], [0.9409676038388938, 0.0324601540771053, 0.0030040145838485734, 0.004320963738093714, 0.016243249178210035, 0.0030040145838485734], [0.9419960222988771, 0.03143911244697892, 0.003005266101592678, 0.004322689633863713, 0.01623164341709484, 0.003005266101592678], [0.943792096660089, 0.029599481917892717, 0.0030079248374543675, 0.004326358851149655, 0.0162662128959599, 0.0030079248374543675], [0.9430171689892646, 0.029543221940751024, 0.003008362151619075, 0.004326947944113394, 0.017095936822633002, 0.003008362151619075], [0.9388569749791374, 0.032432163642257594, 0.003005781984244978, 0.004323472365495071, 0.01837582504461998, 0.003005781984244978], [0.9322581220360475, 0.03722739788849207, 0.003006149484225573, 0.0043243315077740796, 0.0201778495992351, 0.003006149484225573], [0.8911201420225607, 0.05694143749696642, 0.0030032214917615563, 0.006019796616334623, 0.039912180880615045, 0.0030032214917615563], [0.8839973635750067, 0.06224078029005758, 0.003003557341933564, 0.006158762151786777, 0.041595979299281834, 0.003003557341933564], [0.879862151708787, 0.06388693148188447, 0.003010425720261977, 0.006338915702667958, 0.04389114966613665, 0.003010425720261977], [0.5794343357642838, 0.1211028380375994, 0.0030095634170730708, 0.010645867398184265, 0.2827978319657865, 0.0030095634170730708], [0.8738129193280576, 0.06778468667784636, 0.003013727130808775, 0.006520306169541143, 0.045854633562937244, 0.003013727130808775], [0.8779507834857121, 0.06522007499812085, 0.0030082238697948195, 0.006538915196288318, 0.044273778580289025, 0.0030082238697948195], [0.8703250154108468, 0.07022528579657202, 0.0030183902185519098, 0.006813840035648542, 0.046599078319828784, 0.0030183902185519098], [0.8657952783863566, 0.07329535165154122, 0.003026718537117187, 0.007102458710267789, 0.047753474177600015, 0.003026718537117187], [0.566148640974541, 0.1298387591342401, 0.0030156695542633855, 0.012056137480209717, 0.2859251233024824, 0.0030156695542633855], [0.8389105016448306, 0.10009283321089171, 0.003016652762850664, 0.007360509990405909, 0.04760284962817049, 0.003016652762850664], [0.8447201465650064, 0.09674659819087, 0.0030087982087950954, 0.007301476415487655, 0.04521418241104579, 0.0030087982087950954], [0.10375912010535088, 0.07036459920734069, 0.0030474124842024947, 0.007178285186117647, 0.8126031705327859, 0.0030474124842024947], [0.5914802353223501, 0.12625931255953263, 0.0030103490953479316, 0.011807612004086938, 0.2644321419233345, 0.0030103490953479316], [0.10097583865572188, 0.06822746789650254, 0.0030359567152381706, 0.007116041451912599, 0.8176087385653866, 0.0030359567152381706], [0.885867981468541, 0.06120226517605827, 0.003003938517123419, 0.006171636550001379, 0.040750239771152524, 0.003003938517123419], [0.8924851422993957, 0.0568680900414843, 0.003002420703985105, 0.00588161178632735, 0.03876031446482246, 0.003002420703985105], [0.0471941668077887, 0.03829376492344438, 0.003027956571076416, 0.0044413617828949255, 0.9040147933437191, 0.003027956571076416], [0.9340018373481682, 0.03626855497996141, 0.003004565341450729, 0.004322119852951502, 0.019398357136017477, 0.003004565341450729], [0.9312904321758232, 0.03785618013117988, 0.0030069280683200222, 0.004344484700805346, 0.02049504685555154, 0.0030069280683200222], [0.8859015002096633, 0.0595802448614801, 0.003003891457434809, 0.006335099429740009, 0.04217537258424702, 0.003003891457434809], [0.8768998029762042, 0.06657845075561676, 0.0030083056818610687, 0.006698208052344229, 0.043806926852112786, 0.0030083056818610687], [0.8442388699556574, 0.06939672297715672, 0.003006824464428813, 0.007006825018648104, 0.07334393311968011, 0.003006824464428813], [0.8684362415962327, 0.07047917674966744, 0.0030210286734077495, 0.007480439556200162, 0.047562084751084345, 0.0030210286734077495], [0.8698041293690236, 0.06890690749350922, 0.0030201905357203135, 0.007235043405905477, 0.04801353866012089, 0.0030201905357203135], [0.10437053763292341, 0.07562469175997134, 0.0030585320428840063, 0.0075080580241021315, 0.8063796484972352, 0.0030585320428840063], [0.861075284114739, 0.07786149688291871, 0.003037562543413266, 0.0072976310538351435, 0.04769046286168069, 0.003037562543413266], [0.5689626487476444, 0.1283694617709248, 0.003013950833663842, 0.012083176602687616, 0.2845568112114157, 0.003013950833663842], [0.8721476977374707, 0.022900976946354415, 0.02781351044904326, 0.006839134078058329, 0.0672963248240983, 0.003002355964975025], [0.9852216748768479, 0.0029556650246305434, 0.0029556650246305434, 0.0029556650246305434, 0.0029556650246305434, 0.0029556650246305434]], [[0.9852216748768479, 0.0029556650246305434, 0.0029556650246305434, 0.0029556650246305434, 0.0029556650246305434, 0.0029556650246305434], [0.9531792104388752, 0.013651609301603322, 0.011872602048546973, 0.0037405623503577786, 0.014547040075768541, 0.0030089757848480426], [0.9372078611919435, 0.034626025219851905, 0.0030029925244197094, 0.004319403130068921, 0.01784072540929629, 0.0030029925244197094], [0.9320686902692681, 0.038357196585776854, 0.0030037218266109355, 0.004320806854249747, 0.019245862637483475, 0.0030037218266109355], [0.8947655062873842, 0.0562335413062926, 0.003002952084326107, 0.006019053705197459, 0.03697599453247353, 0.003002952084326107], [0.9337735950189291, 0.037041376720741225, 0.003003190153629322, 0.00431993425754136, 0.018858713695529446, 0.003003190153629322], [0.9151437546073793, 0.03412063512756199, 0.0030070486341366456, 0.004325424994456597, 0.04039608800232859, 0.0030070486341366456], [0.9381933250446005, 0.032983932739659196, 0.0030053519545756103, 0.004322946839208492, 0.018489091467380637, 0.0030053519545756103], [0.9414136158157738, 0.030632827456627914, 0.003007153736093351, 0.004325371016818067, 0.017613878238593544, 0.003007153736093351], [0.941566156054231, 0.0305278561256823, 0.0030072574468311486, 0.004325574615603273, 0.017565898310821143, 0.0030072574468311486], [0.9364833882944906, 0.034166049061924775, 0.003005148597520248, 0.004322788912432226, 0.019017476536111976, 0.003005148597520248], [0.9306131101755278, 0.03806280476628862, 0.0030084653322123454, 0.004327949271036905, 0.020979205122721993, 0.0030084653322123454], [0.8905616478841952, 0.055897260036215424, 0.003005039567780447, 0.0060241224940800675, 0.04150689044994852, 0.003005039567780447], [0.8886344751350717, 0.05909473941956408, 0.0030031799189523057, 0.006014885118052607, 0.040249540489407154, 0.0030031799189523057], [0.8829858467267815, 0.062144311113668915, 0.0030072070999308223, 0.006155788342349382, 0.042699639617338615, 0.0030072070999308223], [0.09729591365510142, 0.06395757060679522, 0.0030233823230835966, 0.006678716714526308, 0.8260210343774099, 0.0030233823230835966], [0.8849988775344689, 0.06091484644446141, 0.0030034056749692647, 0.00630054812224848, 0.04177891654888269, 0.0030034056749692647], [0.8819101702046687, 0.06313862335345674, 0.00300446093274142, 0.006463323070170756, 0.04247896150622105, 0.00300446093274142], [0.8472414645169176, 0.09529977249716312, 0.0030073776688649798, 0.006837579086256664, 0.0446064285619327, 0.0030073776688649798], [0.13468602981658584, 0.07335042854306992, 0.0030369929931444717, 0.0073745777830510825, 0.7785149778710042, 0.0030369929931444717], [0.8700045010934997, 0.07158421686548608, 0.0030169972099210332, 0.007213144250184948, 0.0