{"prediction": [[[0.98500332438622, 0.002999335122756038, 0.002999335122756038, 0.002999335122756038, 0.002999335122756038, 0.002999335122756038], [0.98500332438622, 0.002999335122756038, 0.002999335122756038, 0.002999335122756038, 0.002999335122756038, 0.002999335122756038], [0.98500332438622, 0.002999335122756038, 0.002999335122756038, 0.002999335122756038, 0.002999335122756038, 0.002999335122756038], [0.98500332438622, 0.002999335122756038, 0.002999335122756038, 0.002999335122756038, 0.002999335122756038, 0.002999335122756038], [0.98500332438622, 0.002999335122756038, 0.002999335122756038, 0.002999335122756038, 0.002999335122756038, 0.002999335122756038], [0.98500332438622, 0.002999335122756038, 0.002999335122756038, 0.002999335122756038, 0.002999335122756038, 0.002999335122756038], [0.98500332438622, 0.002999335122756038, 0.002999335122756038, 0.002999335122756038, 0.002999335122756038, 0.002999335122756038], [0.98500332438622, 0.002999335122756038, 0.002999335122756038, 0.002999335122756038, 0.002999335122756038, 0.002999335122756038], [0.98500332438622, 0.002999335122756038, 0.002999335122756038, 0.002999335122756038, 0.002999335122756038, 0.002999335122756038], [0.98500332438622, 0.002999335122756038, 0.002999335122756038, 0.002999335122756038, 0.002999335122756038, 0.002999335122756038], [0.98500332438622, 0.002999335122756038, 0.002999335122756038, 0.002999335122756038, 0.002999335122756038, 0.002999335122756038], [0.98500332438622, 0.002999335122756038, 0.002999335122756038, 0.002999335122756038, 0.002999335122756038, 0.002999335122756038], [0.98500332438622, 0.002999335122756038, 0.002999335122756038, 0.002999335122756038, 0.002999335122756038, 0.002999335122756038], [0.98500332438622, 0.002999335122756038, 0.002999335122756038, 0.002999335122756038, 0.002999335122756038, 0.002999335122756038], [0.98500332438622, 0.002999335122756038, 0.002999335122756038, 0.002999335122756038, 0.002999335122756038, 0.002999335122756038], [0.98500332438622, 0.002999335122756038, 0.002999335122756038, 0.002999335122756038, 0.002999335122756038, 0.002999335122756038], [0.98500332438622, 0.002999335122756038, 0.002999335122756038, 0.002999335122756038, 0.002999335122756038, 0.002999335122756038], [0.98500332438622, 0.002999335122756038, 0.002999335122756038, 0.002999335122756038, 0.002999335122756038, 0.002999335122756038], [0.98500332438622, 0.002999335122756038, 0.002999335122756038, 0.002999335122756038, 0.002999335122756038, 0.002999335122756038], [0.98500332438622, 0.002999335122756038, 0.002999335122756038, 0.002999335122756038, 0.002999335122756038, 0.002999335122756038], [0.98500332438622, 0.002999335122756038, 0.002999335122756038, 0.002999335122756038, 0.002999335122756038, 0.002999335122756038], [0.98500332438622, 0.002999335122756038, 0.002999335122756038, 0.002999335122756038, 0.002999335122756038, 0.002999335122756038], [0.98500332438622, 0.002999335122756038, 0.002999335122756038, 0.002999335122756038, 0.002999335122756038, 0.002999335122756038], [0.98500332438622, 0.002999335122756038, 0.002999335122756038, 0.002999335122756038, 0.002999335122756038, 0.002999335122756038], [0.98500332438622, 0.002999335122756038, 0.002999335122756038, 0.002999335122756038, 0.002999335122756038, 0.002999335122756038], [0.98500332438622, 0.002999335122756038, 0.002999335122756038, 0.002999335122756038, 0.002999335122756038, 0.002999335122756038], [0.98500332438622, 0.002999335122756038, 0.002999335122756038, 0.002999335122756038, 0.002999335122756038, 0.002999335122756038], [0.98500332438622, 0.002999335122756038, 0.002999335122756038, 0.002999335122756038, 0.002999335122756038, 0.002999335122756038], [0.98500332438622, 0.002999335122756038, 0.002999335122756038, 0.002999335122756038, 0.002999335122756038, 0.002999335122756038], [0.98500332438622, 0.002999335122756038, 0.002999335122756038, 0.002999335122756038, 0.002999335122756038, 0.002999335122756038], [0.98500332438622, 0.002999335122756038, 0.002999335122756038, 0.002999335122756038, 0.002999335122756038, 0.002999335122756038], [0.98500332438622, 0.002999335122756038, 0.002999335122756038, 0.002999335122756038, 0.002999335122756038, 0.002999335122756038], [0.98500332438622, 0.002999335122756038, 0.002999335122756038, 0.002999335122756038, 0.002999335122756038, 0.002999335122756038], [0.98500332438622, 0.002999335122756038, 0.002999335122756038, 0.002999335122756038, 0.002999335122756038, 0.002999335122756038], [0.98500332438622, 0.002999335122756038, 0.002999335122756038, 0.002999335122756038, 0.002999335122756038, 0.002999335122756038], [0.98500332438622, 0.002999335122756038, 0.002999335122756038, 0.002999335122756038, 0.002999335122756038, 0.002999335122756038], [0.98500332438622, 0.002999335122756038, 0.002999335122756038, 0.002999335122756038, 0.002999335122756038, 0.002999335122756038], [0.98500332438622, 0.002999335122756038, 0.002999335122756038, 0.002999335122756038, 0.002999335122756038, 0.002999335122756038], [0.98500332438622, 0.002999335122756038, 0.002999335122756038, 0.002999335122756038, 0.002999335122756038, 0.002999335122756038], [0.98500332438622, 0.002999335122756038, 0.002999335122756038, 0.002999335122756038, 0.002999335122756038, 0.002999335122756038]], [[0.98500332438622, 0.002999335122756038, 0.002999335122756038, 0.002999335122756038, 0.002999335122756038, 0.002999335122756038], [0.9291959618532281, 0.045200052737252853, 0.014912773663800916, 0.0033505764751744, 0.0043372679373462186, 0.003003367333197515], [0.9396642552991746, 0.03792731198900114, 0.01237153604017526, 0.0033503757791025035, 0.003682180250789948, 0.0030043406417565627], [0.941399069846163, 0.037254284844396565, 0.011308247166745762, 0.003350753355717937, 0.0036825952207062123, 0.00300504956627072], [0.9393889387015298, 0.03876161845559695, 0.011812429752710126, 0.003350257552242947, 0.0036820503153331286, 0.0030047052225871504], [0.9414489773719957, 0.03686368507938825, 0.011650412586715581, 0.003350158103325083, 0.0036819410174914946, 0.003004825841083871], [0.009976897177790166, 0.040721182429165226, 0.017993321494804395, 0.0030980330747508228, 0.9252089599324057, 0.0030016058910836267], [0.009651244949217225, 0.04432385794428663, 0.01962140951530884, 0.003098578973628321, 0.9203024263880647, 0.003002482229494308], [0.9236344442847865, 0.04659763887099323, 0.018796657042023546, 0.0033634492541159762, 0.00460557326913966, 0.003002237278940932], [0.011178024342317353, 0.04942455995240693, 0.02376117687152515, 0.003312779151943891, 0.9093191616790293, 0.003004298002777289], [0.9094798411055067, 0.05374457733599082, 0.02438765813756836, 0.003916251761015004, 0.005468004191778446, 0.0030036674681407204], [0.8932630050286363, 0.06193023378268475, 0.03004484328211537, 0.004893125735507491, 0.006860163534443231, 0.003008628636612679], [0.822892284060051, 0.09701564977278636, 0.05721107131555644, 0.007732670019364618, 0.012138323398825387, 0.003010001433416277], [0.775694270335922, 0.1066331727734044, 0.0894479986146463, 0.009778766551784229, 0.015429459507508063, 0.0030163322167350137], [0.7089900140316364, 0.12761100642899909, 0.1289389723728088, 0.012097029779018574, 0.019352826113957236, 0.0030101512735798853], [0.04578710296176236, 0.14734973278218672, 0.1428227289654882, 0.014112417399436913, 0.6468590845900928, 0.00306893330103305], [0.7331614752394405, 0.1225099007525991, 0.10916804049524861, 0.012423788467036179, 0.019724672627511004, 0.0030121224181646295], [0.7996353797809713, 0.10313093887399725, 0.0699677369687752, 0.0093766166058867, 0.014882876843869509, 0.0030064509265000238], [0.027227481153255753, 0.09433826303293363, 0.060622387878591505, 0.007746288695750139, 0.8070513547555442, 0.0030142244839245743], [0.88043684124379, 0.06445786246433742, 0.037967111679382624, 0.005693196584752916, 0.008430958322146583, 0.0030140297055905787], [0.8387110831323887, 0.08505229628870146, 0.05291419155142391, 0.0077193782046650955, 0.012590889721818576, 0.003012161101002287], [0.8100829813716579, 0.09492209651952126, 0.06799885392559545, 0.009141917874302114, 0.01484973189932075, 0.0030044184096026548], [0.7285363049230354, 0.12399299697513498, 0.10978183013040331, 0.013052020499423103, 0.021623982686870543, 0.003012864785132653], [0.617601444914435, 0.17360941763976778, 0.1617854246877081, 0.016978144218670093, 0.027005886685847073, 0.0030196818535720574], [0.4551875196438908, 0.19298622039771096, 0.2865333434142982, 0.022997721785655047, 0.03927630417858793, 0.0030188905798571013], [0.47999039813287325, 0.19986117006778936, 0.24017533234656963, 0.02588198507519208, 0.05106722097113304, 0.0030238934064426813], [0.49453525315592023, 0.18685305328063295, 0.25670869221598175, 0.022265976747099972, 0.03662692045265484, 0.003010104147710314], [0.6610428930628345, 0.1510185604634241, 0.13877933740808052, 0.0167269208180468, 0.02941759597207267, 0.0030146922755414957], [0.7468943169650845, 0.11343859240578903, 0.09960258640084906, 0.0129555925329654, 0.024103151967471856, 0.0030057597278402167], [0.8010178247202705, 0.09457386839821236, 0.07206577761700025, 0.010504022931935805, 0.018836742260187382, 0.0030017640723936823], [0.7804845076491347, 0.10456350083440065, 0.08197878246351413, 0.010729243837272459, 0.01924208692781156, 0.0030018782878664624], [0.7291170942107412, 0.11817570216147061, 0.11276641433247304, 0.01302041499862331, 0.023908600158953075, 0.0030117741377387493], [0.6333020961768211, 0.159269421109574, 0.16162657503443617, 0.01636275504803071, 0.026427795725618982, 0.0030113569055191048], [0.6157206475906033, 0.15727599168933928, 0.17301415178029217, 0.017621927699844837, 0.03335340812559582, 0.0030138731143246984], [0.98500332438622, 0.002999335122756038, 0.002999335122756038, 0.002999335122756038, 0.002999335122756038, 0.002999335122756038], [0.046282487308379895, 0.11711107421298152, 0.08243735898458059, 0.010915234912871748, 0.7402500161286886, 0.0030038284524977095], [0.7882142009091114, 0.10385798790975614, 0.08096570240153976, 0.009131539578629612, 0.014826911395717762, 0.0030036578052452753], [0.8430549198390266, 0.07967445910444167, 0.05627670167554824, 0.006914695356389797, 0.011066194696283725, 0.0030130293283100224], [0.8815098095581015, 0.06897949749957563, 0.033820563739055884, 0.004746636699998618, 0.007928621481706243, 0.0030148710215620283], [0.98500332438622, 0.002999335122756038, 0.002999335122756038, 0.002999335122756038, 0.002999335122756038, 0.002999335122756038]], [[0.98500332438622, 0.002999335122756038, 0.002999335122756038, 0.002999335122756038, 0.002999335122756038, 0.002999335122756038], [0.9277506009900116, 0.04584118937282791, 0.01624294115328484, 0.0033508494617058154, 0.003811217346519101, 0.003003201675650709], [0.007323307695061507, 0.058822804241492506, 0.003003988533804424, 0.003477180308458364, 0.9243687306873788, 0.003003988533804424], [0.9285392053776553, 0.05834574652242409, 0.0030014262621925487, 0.0033730970439917146, 0.0037390985315438685, 0.0030014262621925487], [0.9334879549707339, 0.05339285950701788, 0.003002162209974488, 0.0033743612218889102, 0.0037404998804103163, 0.003002162209974488], [0.9273804181676091, 0.059501720531044355, 0.003001326622472135, 0.003374525771618612, 0.003740682284783707, 0.003001326622472135], [0.9182352135258247, 0.06864142557919237, 0.003001322909543553, 0.0033771375826939683, 0.0037435774932017174, 0.003001322909543553], [0.9101856641772131, 0.07626271542785294, 0.0030021419801120807, 0.003379536622811267, 0.004167799811898495, 0.0030021419801120807], [0.015403250520338859, 0.11803493187402335, 0.003054303507918114, 0.005242911262451218, 0.8552102993273504, 0.003054303507918114], [0.010789334102604681, 0.0860453847340041, 0.0030036822930896005, 0.0038532270917591856, 0.8933046894854528, 0.0030036822930896005], [0.885247755816378, 0.09611558516288196, 0.0030236230485449086, 0.004207315096813927, 0.008382097826836361, 0.0030236230485449086], [0.8512491919109441, 0.12583088117997668, 0.0030257006120171263, 0.006887069454910821, 0.00998145623013425, 0.0030257006120171263], [0.7984143169335804, 0.17536196857884004, 0.0030154782388218822, 0.008353624054449584, 0.011839133955486225, 0.0030154782388218822], [0.03976909595192616, 0.2381647438946868, 0.0030218890787548497, 0.01195894637403083, 0.7040634356218465, 0.0030218890787548497], [0.6227176973210301, 0.33771607412810406, 0.003025530822823096, 0.013730950967626526, 0.019784215937593122, 0.003025530822823096], [0.053792871435890434, 0.43063034526665545, 0.003030205502959023, 0.018209097858738466, 0.4913072744327976, 0.003030205502959023], [0.04713982888127575, 0.316624913726847, 0.0030731634116502385, 0.015598001737832051, 0.6144909288307447, 0.0030731634116502385], [0.7021679192189548, 0.2588623378941325, 0.003007882150836391, 0.012518210614701167, 0.020435767970538702, 0.003007882150836391], [0.8155573939643436, 0.15433568383819551, 0.003010097736151688, 0.009643860440826803, 0.014442866284330788, 0.003010097736151688], [0.8270588337370357, 0.14338129766080687, 0.0030133268359428134, 0.009150270813550673, 0.014382944116721138, 0.0030133268359428134], [0.8245441143335801, 0.14454668186950234, 0.0030120404436017032, 0.009555587988222425, 0.01532953492149175, 0.0030120404436017032], [0.760241346060177, 0.20153116300717064, 0.0030036856569058135, 0.011872835174431112, 0.020347284444409624, 0.0030036856569058135], [0.6662217180356342, 0.28975105634072834, 0.003047445331781186, 0.015120122831411101, 0.022812212128664078, 0.003047445331781186], [0.05647383664226366, 0.4263434404754743, 0.0030259867589401317, 0.019698860721282883, 0.4914318886430989, 0.0030259867589401317], [0.09090323435421922, 0.4708410646460853, 0.0030118239687639873, 0.02698531242007091, 0.4052467406420965, 0.0030118239687639873], [0.2332446234827039, 0.6163522503403176, 0.0030006177969043382, 0.03717399407707044, 0.10722789650609947, 0.0030006177969043382], [0.47531129847163617, 0.43249311514229294, 0.0030082711874934755, 0.02959561780666335, 0.056583426204420466, 0.0030082711874934755], [0.5732478834071111, 0.35992131161717583, 0.003004230647449098, 0.02205539124474701, 0.038766952436067835, 0.003004230647449098], [0.7194602023369143, 0.22457273636568162, 0.003058256545372904, 0.017139765374521786, 0.03271078283213648, 0.003058256545372904], [0.7706453350933387, 0.17947110128254662, 0.0030000259826238377, 0.01464068946573275, 0.029242822193134312, 0.0030000259826238377], [0.7579568668813282, 0.19697593803378127, 0.003001383930415863, 0.0138260767504861, 0.02523835047357253, 0.003001383930415863], [0.6518943342143143, 0.30375043648143063, 0.0030398457731098238, 0.0145770861562419, 0.023698451601793603, 0.0030398457731098238], [0.06596230555653405, 0.41158542640626083, 0.0030198141351475225, 0.020008781103555584, 0.49640385866335457, 0.0030198141351475225], [0.4879391866098944, 0.4374067022839045, 0.0030150045427653166, 0.02533964829464011, 0.04328445372603054, 0.0030150045427653166], [0.0797623279437475, 0.1845126238778254, 0.20422013974907385, 0.0223870151541429, 0.5061156507608575, 0.0030022425143528607], [0.98500332438622, 0.002999335122756038, 0.002999335122756038, 0.002999335122756038, 0.002999335122756038, 0.002999335122756038], [0.7826662228768597, 0.0967474406144546, 0.08666816526059948, 0.01046892682196112, 0.020448379740120114, 0.0030008646860049293], [0.7977403814925847, 0.17493976462106536, 0.0030089086106481456, 0.0076563759232730405, 0.013645660741780603, 0.0030089086106481456], [0.8530697582458343, 0.07643350391525482, 0.05147784402792584, 0.006172334325921231, 0.009828950233116408, 0.0030176092519473945], [0.98500332438622, 0.002999335122756038, 0.002999335122756038, 0.002999335122756038, 0.002999335122756038, 0.002999335122756038]], [[0.98500332438622, 0.002999335122756038, 0.002999335122756038, 0.002999335122756038, 0.002999335122756038, 0.002999335122756038], [0.918738028470318, 0.050347858774127716, 0.02008703999083668, 0.0033518048189158244, 0.0044721793769106595, 0.0030030885688909783], [0.008624255346261621, 0.0719624153997432, 0.0030024930907668617, 0.0034769645919729996, 0.9099313784804886, 0.0030024930907668617], [0.9229680764728492, 0.06391215139207292, 0.0030011454239628195, 0.0033756038955033577, 0.003741877391648911, 0.0030011454239628195], [0.9238491786886154, 0.0630298967504965, 0.0030011577085498832, 0.003376138803443502, 0.0037424703403448486, 0.0030011577085498832], [0.921097455801615, 0.06577906183558303, 0.003001175395941633, 0.003377335113557162, 0.003743796457361619, 0.003001175395941633], [0.906313289277246, 0.07970143524835342, 0.0030027325958480572, 0.0035125358421878167, 0.00446727444051656, 0.0030027325958480572], [0.02000753539047491, 0.1446583204957478, 0.003034374780881236, 0.006542120152286597, 0.8227232743997283, 0.003034374780881236], [0.8431869058024309, 0.13592480858537406, 0.0030235877752259424, 0.006225732702187663, 0.008615377359555575, 0.0030235877752259424], [0.8288053945920271, 0.14944803959694614, 0.0030183053342404294, 0.006558373385110478, 0.009151581757435365, 0.0030183053342404294], [0.8316095132687473, 0.14266846978673747, 0.003028799407221021, 0.007971073213646653, 0.011693344916426325, 0.003028799407221021], [0.820370657641683, 0.15336386722262202, 0.0030131507874562283, 0.008086459482937042, 0.012152714077845439, 0.0030131507874562283], [0.035779129347099724, 0.19222158493927546, 0.003012715995571536, 0.011095641218896259, 0.7548782125035856, 0.003012715995571536], [0.6513432274879385, 0.31173436241284413, 0.003036558637527111, 0.012588595650407375, 0.01826069717375564, 0.003036558637527111], [0.47316761122515594, 0.4727592131658867, 0.003023991159259667, 0.018689446651623844, 0.02933574663881419, 0.003023991159259667], [0.43485836927997595, 0.48372364855623096, 0.0030199728707927718, 0.02719357491996764, 0.04818446150223989, 0.0030199728707927718], [0.4711394533749474, 0.47276614306297426, 0.0030434249056793257, 0.022834211519505255, 0.02717334223121444, 0.0030434249056793257], [0.6694359947609624, 0.28748743559669754, 0.003049468656532184, 0.014128842731655817, 0.022848789597619948, 0.003049468656532184], [0.7657068509814438, 0.19762977070221688, 0.0030038768139613843, 0.011556337057047667, 0.019099287631368984, 0.0030038768139613843], [0.8285994372103798, 0.13637535145691584, 0.0030324996249184006, 0.012810860505359569, 0.016149351577508055, 0.0030324996249184006], [0.8172019894344973, 0.1486227836515807, 0.003008930269053574, 0.010673044072508683, 0.017484322303306203, 0.003008930269053574], [0.7923570042361369, 0.17250330666138258, 0.0030101614246484214, 0.011082387112950839, 0.01803697914023292, 0.0030101614246484214], [0.7126376027095521, 0.24928695204901705, 0.0030061008434710585, 0.012786730614200834, 0.01927651294028791, 0.0030061008434710585], [0.6290195482036507, 0.3279651165121435, 0.003021680057197039, 0.01513488912252928, 0.021837086047282447, 0.003021680057197039], [0.44958183855906697, 0.4954776573222957, 0.003028469281627147, 0.01990533468171538, 0.02897823087366762, 0.003028469281627147], [0.45265922996986196, 0.46274162961976667, 0.0030170638735505274, 0.027416326493959604, 0.051148686169310814, 0.0030170638735505274], [0.495671584888288, 0.4351468893626503, 0.003008790335739307, 0.024430386505616408, 0.03873355857196667, 0.003008790335739307], [0.6632131015598647, 0.2795800898202187, 0.003051454427795119, 0.018068361077831174, 0.03303553868649523, 0.003051454427795119], [0.7453684443705632, 0.19904326220663396, 0.0030005576532388142, 0.016723325527374364, 0.032863852588950866, 0.0030005576532388142], [0.7782509453365251, 0.16929785103301162, 0.0030003887879355698, 0.015540478326498509, 0.030909947728093756, 0.0030003887879355698], [0.7086549738206122, 0.23835252292640238, 0.0030511875657845645, 0.016074090586553194, 0.030816037534863134, 0.0030511875657845645], [0.0653370131384094, 0.33379516135593607, 0.0030298307584117564, 0.018688361607913238, 0.5761198023809178, 0.0030298307584117564], [0.09794419362117718, 0.4428329568238653, 0.0030121787000432104, 0.025625143485252234, 0.42757334866961894, 0.0030121787000432104], [0.27374335536836464, 0.5588045239253729, 0.00300494576169142, 0.034327177066914086, 0.1271150521159654, 0.00300494576169142], [0.47543949535817, 0.18360386086885122, 0.26530967367493985, 0.023789617063628064, 0.04883297088891269, 0.0030243821454981157], [0.98500332438622, 0.002999335122756038, 0.002999335122756038, 0.002999335122756038, 0.002999335122756038, 0.002999335122756038], [0.98500332438622, 0.002999335122756038, 0.002999335122756038, 0.002999335122756038, 0.002999335122756038, 0.002999335122756038], [0.8136357135149815, 0.08265775001059762, 0.07853929164964818, 0.008363305607016792, 0.01379968428355008, 0.003004254934205704], [0.022759852026887534, 0.07847399077846509, 0.04587274516190244, 0.005818700921724218, 0.8440450886585231, 0.0030296224524976197], [0.98500332438622, 0.002999335122756038, 0.002999335122756038, 0.002999335122756038, 0.002999335122756038, 0.002999335122756038]], [[0.98500332438622, 0.002999335122756038, 0.002999335122756038, 0.002999335122756038, 0.002999335122756038, 0.002999335122756038], [0.9111129698819537, 0.052866059830000596, 0.023939891772520414, 0.003790704919721084, 0.005287013728755395, 0.003003359867048874], [0.013102033811976816, 0.09872820935222933, 0.003071412475260613, 0.004712049067465662, 0.877314882817807, 0.003071412475260613], [0.9113924529623362, 0.07548253081774386, 0.0030022156704254048, 0.0033770758343173303, 0.0037435090447517027, 0.0030022156704254048], [0.010500697146604782, 0.07727919622761124, 0.0030019445233992153, 0.0039081201241462785, 0.9023080974548393, 0.0030019445233992153], [0.011677974597410235, 0.0818406837652202, 0.0030022295412063665, 0.004328477285696506, 0.8961484052692603, 0.0030022295412063665], [0.8424274459672154, 0.13723814709733112, 0.0030236939844022074, 0.006003719289396981, 0.008283299677252037, 0.0030236939844022074], [0.023002783255772093, 0.14350465043061844, 0.0030308288944126916, 0.007400155039645415, 0.8200307534851385, 0.0030308288944126916], [0.7789078694899487, 0.1940374697677853, 0.003009114943629675, 0.00867997686559995, 0.012356453989406732, 0.003009114943629675], [0.03028873711563792, 0.1636235144876484, 0.003026751441293098, 0.009204390596390047, 0.7908298549177375, 0.003026751441293098], [0.8074442240377334, 0.16411602178736787, 0.0030093918285816522, 0.008826517202582845, 0.01359445331515245, 0.0030093918285816522], [0.03628098675168873, 0.16301236605653563, 0.003021808863942137, 0.01036735152310804, 0.7842956779407834, 0.003021808863942137], [0.7222317393906692, 0.24101958966717074, 0.003065244912221324, 0.01186330667881789, 0.018754874438899553, 0.003065244912221324], [0.5853031387684806, 0.3639735533858969, 0.0030177380702137487, 0.016723235388223703, 0.02796459631697136, 0.0030177380702137487], [0.43748555634567304, 0.47671870248588305, 0.0030249879524497816, 0.03196002907551831, 0.047785736188026014, 0.0030249879524497816], [0.22048501309367569, 0.635033970746257, 0.0030041052610815145, 0.0347517044875246, 0.10372110115037983, 0.0030041052610815145], [0.468754251837952, 0.4496412187350936, 0.0030195534101533678, 0.02632323987507399, 0.04924218273157365, 0.0030195534101533678], [0.5571225310822021, 0.39182649568921246, 0.003011408036426171, 0.017289375642768934, 0.02773878151296416, 0.003011408036426171], [0.05287763680751472, 0.22835545841714844, 0.003107521244286716, 0.01438151711900896, 0.6981703451677544, 0.003107521244286716], [0.8054699557482123, 0.15532113935305253, 0.003005002465587223, 0.012073757837623942, 0.02112514212993676, 0.003005002465587223], [0.8318362852193066, 0.13420421535587965, 0.003013633831103196, 0.010536472987779114, 0.017395758774828293, 0.003013633831103196], [0.8224806877185151, 0.14520946943937985, 0.0030109843485087535, 0.010235500052580573, 0.016052374092506958, 0.0030109843485087535], [0.7865120033896901, 0.17876910654731357, 0.0030042377387097274, 0.011159071592066623, 0.017551342993510365, 0.0030042377387097274], [0.6683496640788229, 0.2886582286355419, 0.0030172759924991448, 0.014515675940302621, 0.02244187936033433, 0.0030172759924991448], [0.051717086577227796, 0.3318993697471265, 0.0030586528812496664, 0.016686164076208095, 0.5935800738369382, 0.0030586528812496664], [0.5449249056314011, 0.39708960307023144, 0.003010350118615008, 0.019753092722008387, 0.03221169833912912, 0.003010350118615008], [0.6475793181375448, 0.2984566574511468, 0.003042386882479152, 0.01713965355439034, 0.030739597091959926, 0.003042386882479152], [0.06706862275458389, 0.2215813690518378, 0.0030064442225159744, 0.01719967075907473, 0.6881374489894717, 0.0030064442225159744], [0.7215527001733777, 0.21729109227535634, 0.0030841629609767948, 0.01883330872835103, 0.036154572900961315, 0.0030841629609767948], [0.06310700690407335, 0.17452896516570465, 0.0030004921112241475, 0.015082051349165114, 0.7412809923586086, 0.0030004921112241475], [0.05903647369440828, 0.19464272695591353, 0.0030022114013168125, 0.015397816001165824, 0.7249185605458788, 0.0030022114013168125], [0.6800548585652955, 0.26639599740877007, 0.0030347642257977604, 0.01666636643331993, 0.03081324914101907, 0.0030347642257977604], [0.5518125243794978, 0.38684079857821874, 0.0030065702137860115, 0.019956241617248082, 0.03537729499746342, 0.0030065702137860115], [0.504089149230447, 0.40379043551919885, 0.003005673396953623, 0.02811062777180239, 0.05799844068464451, 0.003005673396953623], [0.5256231311254658, 0.16757434375735136, 0.24172390025939028, 0.02145093338173605, 0.04061813139398235, 0.0030095600820742212], [0.98500332438622, 0.002999335122756038, 0.002999335122756038, 0.002999335122756038, 0.002999335122756038, 0.002999335122756038], [0.7755460300905491, 0.10025282414854576, 0.08787338547063049, 0.011815209411239758, 0.021511538659998913, 0.0030010122190360367], [0.0308056723913364, 0.1518748563816625, 0.003020363986215091, 0.008160126554418235, 0.8031186167001527, 0.003020363986215091], [0.8591050602517636, 0.07560631576035332, 0.04660326472724841, 0.006097690965231187, 0.009566743195882658, 0.0030209250995209304], [0.98500332438622, 0.002999335122756038, 0.002999335122756038, 0.002999335122756038, 0.002999335122756038, 0.002999335122756038]], [[0.98500332438622, 0.002999335122756038, 0.002999335122756038, 0.002999335122756038, 0.002999335122756038, 0.002999335122756038], [0.8714256659400911, 0.0711109850530905, 0.03902001027019345, 0.005623596351776894, 0.009791959562127243, 0.0030277828227208595], [0.8555666238225867, 0.1265789099764675, 0.003030987153576704, 0.00496462867338374, 0.0068278632204085525, 0.003030987153576704], [0.017048392235046044, 0.11726474760477054, 0.003052299259961043, 0.005536558542849848, 0.8540457030974116, 0.003052299259961043], [0.8833852810104613, 0.10149755802376854, 0.0030112643159775016, 0.003910604137261269, 0.00518402819655388, 0.0030112643159775016], [0.8272365088493099, 0.15114818948715814, 0.0030179625683211964, 0.006391284548385605, 0.009188091978503976, 0.0030179625683211964], [0.026927616410502182, 0.16323002730741593, 0.003019933180626332, 0.00910755595805461, 0.7946949339627747, 0.003019933180626332], [0.7438315877890798, 0.22598676041865148, 0.003006870867745887, 0.009602073337603977, 0.014565836719173025, 0.003006870867745887], [0.7185005795151926, 0.24363607750686223, 0.003084413263594181, 0.01216006882510852, 0.019534447625648304, 0.003084413263594181], [0.7463705290368503, 0.21957119874290518, 0.003004480941415562, 0.010915709096851477, 0.01713360124056195, 0.003004480941415562], [0.806587726000048, 0.158289421752492, 0.0030062747735605327, 0.011044474623492074, 0.018065828076846868, 0.0030062747735605327], [0.7986302579049476, 0.16722848272584445, 0.003005402258069563, 0.010684221073519788, 0.017446233779549083, 0.003005402258069563], [0.043526545166760335, 0.1801555828791564, 0.0030050882562247853, 0.012775247285654436, 0.7575324481559793, 0.0030050882562247853], [0.6814107186755801, 0.2783596676490296, 0.0030339878771970924, 0.01322678535255027, 0.02093485256844591, 0.0030339878771970924], [0.06584400834050191, 0.4601677250945319, 0.0030166179533612186, 0.020749503371703518, 0.4472055272865404, 0.0030166179533612186], [0.47280819389789397, 0.4475935974245321, 0.0030186536224416547, 0.026161105813739954, 0.04739979561895064, 0.0030186536224416547], [0.4982667122266727, 0.4439892037638799, 0.003011608075248157, 0.020074854270445443, 0.031646013588505745, 0.003011608075248157], [0.056255147488843575, 0.2784048450097184, 0.0030650084844951837, 0.01639812805298494, 0.6428118624794626, 0.0030650084844951837], [0.7480297423510864, 0.2088651843889289, 0.0030011815675769415, 0.013488749781286882, 0.023613960343544065, 0.0030011815675769415], [0.7997132203024085, 0.1586814319610245, 0.0030035394981935758, 0.0129454718081477, 0.022652796932032225, 0.0030035394981935758], [0.03983377326263354, 0.14655144183572233, 0.0030336467392383286, 0.010348002848157328, 0.7971994885750102, 0.0030336467392383286], [0.03093527719046064, 0.13659079613045413, 0.003040085841854452, 0.009187096581689293, 0.817206658413687, 0.003040085841854452], [0.8079125721733711, 0.1585165252722419, 0.0030071260407539837, 0.010918785273250242, 0.016637865199628735, 0.0030071260407539837], [0.7891623372170758, 0.17596531803238372, 0.003009411121612166, 0.011370421387545782, 0.0174831011197702, 0.003009411121612166], [0.7220227205214068, 0.23066205910460255, 0.003018995126627964, 0.01853090120144288, 0.022746328919291854, 0.003018995126627964], [0.057027346323959636, 0.25460356595245853, 0.0030911298674811934, 0.016146979684551345, 0.6660398483040681, 0.0030911298674811934], [0.06392033862599945, 0.2389852883543757, 0.0030095465895999787, 0.02215061656028308, 0.6689246632801419, 0.0030095465895999787], [0.06660200908196465, 0.24716704620667604, 0.003087139411784402, 0.016750013920583586, 0.663306651967207, 0.003087139411784402], [0.6369567484563423, 0.29380453701511744, 0.003014351891308095, 0.021750083730877383, 0.04145992701504678, 0.003014351891308095], [0.06925134881071303, 0.22986270626517755, 0.003087075906568713, 0.01667849425778321, 0.6780332988531887, 0.003087075906568713], [0.764396870657255, 0.18485466001433581, 0.0030000129477887366, 0.014961034396905697, 0.02978740903592599, 0.0030000129477887366], [0.7079005673149932, 0.23375489797752116, 0.0030018419801671283, 0.016867441063989692, 0.03547340968316155, 0.0030018419801671283], [0.07021813615861232, 0.2895363432190284, 0.003044747654238647, 0.01806790826650916, 0.6160881170473729, 0.003044747654238647], [0.0824457808531821, 0.3973849025854822, 0.003009237241601516, 0.02232508090093811, 0.49182576117719456, 0.003009237241601516], [0.05979574414482385, 0.1487836739726136, 0.12802895490877844, 0.015790759475171553, 0.644557411886601, 0.003043455612011558], [0.98500332438622, 0.002999335122756038, 0.002999335122756038, 0.002999335122756038, 0.002999335122756038, 0.002999335122756038], [0.046823259429605836, 0.09358535981140918, 0.0678965486612495, 0.010177180833849624, 0.7785147785614107, 0.0030028727024751572], [0.8317239070301742, 0.14182153101994316, 0.0030162691459402194, 0.008253387041348191, 0.012168636616654, 0.0030162691459402194], [0.8972919561792637, 0.05560964625209141, 0.031415687285363814, 0.004807636350160984, 0.007869290769018463, 0.0030057831641016495], [0.98500332438622, 0.002999335122756038, 0.002999335122756038, 0.002999335122756038, 0.002999335122756038, 0.002999335122756038]], [[0.98500332438622, 0.002999335122756038, 0.002999335122756038, 0.002999335122756038, 0.002999335122756038, 0.002999335122756038], [0.98500332438622, 0.002999335122756038, 0.002999335122756038, 0.002999335122756038, 0.002999335122756038, 0.002999335122756038], [0.8282961696492578, 0.08133736689306573, 0.06463039656593632, 0.008039393117370962, 0.014689973208685184, 0.003006700565684103], [0.023959687262038672, 0.09055353207004249, 0.06711823711988792, 0.008143006501832604, 0.807211073322223, 0.0030144637239753807], [0.8226387814404329, 0.15255698240301388, 0.0030146658491617324, 0.007860134279503384, 0.01091477017872645, 0.0030146658491617324], [0.7997777994742905, 0.1731073649401491, 0.0030092516931733574, 0.008056971224347334, 0.013039360974866328, 0.0030092516931733574], [0.742334893384919, 0.22689321485246972, 0.003012206078740948, 0.00978308535290279, 0.014964394252226535, 0.003012206078740948], [0.6767542119304178, 0.28356547401643645, 0.0030551809413568508, 0.012852809963848815, 0.02071714220658322, 0.0030551809413568508], [0.559515354184498, 0.3868708200372599, 0.003027836574977686, 0.016778778267323744, 0.030779374360962883, 0.003027836574977686], [0.04646240142180755, 0.28243524100339534, 0.003075256760612058, 0.014292262057350779, 0.6506595819962222, 0.003075256760612058], [0.7450898966208621, 0.2160354102586971, 0.003005996679009541, 0.012461789649796606, 0.02040091011262515, 0.003005996679009541], [0.04203137944121771, 0.15722651854728098, 0.0030097944677821447, 0.011617440046702367, 0.7831050730292347, 0.0030097944677821447], [0.8022158341843796, 0.16195523328294092, 0.003005272617385909, 0.011093250025985326, 0.01872513727192234, 0.003005272617385909], [0.043778062433894024, 0.20222173041549987, 0.003004397660667517, 0.012795666427661613, 0.7351957454016095, 0.003004397660667517], [0.6829530582807182, 0.27550755471334176, 0.003048865722966574, 0.013534031535888474, 0.021907624024118534, 0.003048865722966574], [0.5908472116486845, 0.3531063262154017, 0.003013553437239544, 0.018118019214614558, 0.0319013360468202, 0.003013553437239544], [0.6845001234123539, 0.2659239523428893, 0.0030563230884126658, 0.01576043248447519, 0.027702845583456388, 0.0030563230884126658], [0.7505493933301524, 0.206031320125259, 0.003002885056437726, 0.013523380887243718, 0.023890135544469497, 0.003002885056437726], [0.05200990079105785, 0.20141182565877633, 0.003002138780250095, 0.014457910016598912, 0.7261160859730668, 0.003002138780250095], [0.7182020620827868, 0.2356549502186805, 0.003081691798097991, 0.014621855476575522, 0.025357748625761144, 0.003081691798097991], [0.7840987566977625, 0.17836676164844548, 0.0030029462301119176, 0.011778731446614128, 0.019749857746953963, 0.0030029462301119176], [0.8215002310210078, 0.1460354422868616, 0.0030106267739007223, 0.010132665210623643, 0.01631040793370564, 0.0030106267739007223], [0.8272912502861367, 0.1397861786847409, 0.0030123113608010823, 0.010505725283155007, 0.01639222302436521, 0.0030123113608010823], [0.03965812720832166, 0.15638987244585698, 0.003011294321395086, 0.011512585433191752, 0.7864168262698394, 0.003011294321395086], [0.791366605144535, 0.16771960356352808, 0.003009057193512266, 0.013292209274442069, 0.02160346763047023, 0.003009057193512266], [0.7586320554309336, 0.1888551280224136, 0.0030104880033632046, 0.01924390960167012, 0.027247930938256296, 0.0030104880033632046], [0.6980243852213166, 0.2498294565814993, 0.0030770782358284674, 0.016068188314226645, 0.029923813411300446, 0.0030770782358284674], [0.5659143921835043, 0.3610218965286741, 0.0030151817161479084, 0.02213570413387899, 0.044897643721646896, 0.0030151817161479084], [0.5365707425454778, 0.3615805709101215, 0.0030012802926882402, 0.031472874055644307, 0.0643732519033799, 0.0030012802926882402], [0.08528197137916722, 0.3661135805864096, 0.0030153488443339727, 0.022457296366059514, 0.5201164539796957, 0.0030153488443339727], [0.7002181369917099, 0.2351750907849597, 0.0030452434394595746, 0.018613601538619053, 0.03990268380579214, 0.0030452434394595746], [0.0789935277006332, 0.2400313449211867, 0.003096297805195342, 0.01811478056925232, 0.6566677511985372, 0.003096297805195342], [0.6053646453399623, 0.32099393771989837, 0.0030055722516633423, 0.022962073396790537, 0.0446681990400221, 0.0030055722516633423], [0.5640838147019487, 0.3359901333639727, 0.003001484291752339, 0.0279663057048873, 0.0659567776456866, 0.003001484291752339], [0.6241184700368987, 0.31168558721675554, 0.0030112463522406715, 0.01891828861042328, 0.039255161431441164, 0.0030112463522406715], [0.7262432337636915, 0.12122974939006116, 0.10486686773148197, 0.013550671201117198, 0.03103481863506532, 0.0030746592785828647], [0.98500332438622, 0.002999335122756038, 0.002999335122756038, 0.002999335122756038, 0.002999335122756038, 0.002999335122756038], [0.03823328548621375, 0.08263414323317181, 0.05807318967973135, 0.007934706928527423, 0.8101139802828055, 0.003010694389550214], [0.8492300112513148, 0.07718235964060387, 0.05094750745000305, 0.007233189784730334, 0.01239194504456827, 0.0030149868287796698], [0.98500332438622, 0.002999335122756038, 0.002999335122756038, 0.002999335122756038, 0.002999335122756038, 0.002999335122756038]], [[0.98500332438622, 0.002999335122756038, 0.002999335122756038, 0.002999335122756038, 0.002999335122756038, 0.002999335122756038], [0.7767727230401107, 0.11183273875995156, 0.07380815563452799, 0.010592828448807195, 0.023990283274173633, 0.0030032708424289215], [0.98500332438622, 0.002999335122756038, 0.002999335122756038, 0.002999335122756038, 0.002999335122756038, 0.002999335122756038], [0.98500332438622, 0.002999335122756038, 0.002999335122756038, 0.002999335122756038, 0.002999335122756038, 0.002999335122756038], [0.04020711327575692, 0.10061504482238506, 0.08910508954071941, 0.010246359453664264, 0.7568239897656105, 0.003002403141863882], [0.03151289334259296, 0.19086388510652944, 0.0030121883547689836, 0.010627154331263704, 0.760971690510076, 0.0030121883547689836], [0.6895668888316723, 0.2724836095868298, 0.003045829228707334, 0.01211429597154059, 0.019743547152542694, 0.003045829228707334], [0.060350328254395916, 0.414105090175625, 0.0030235196644969715, 0.018952755296188305, 0.5005447869447968, 0.0030235196644969715], [0.4788710597086429, 0.43670877294449756, 0.0030051636270125195, 0.027423609848008238, 0.05098623024482626, 0.0030051636270125195], [0.06583493065022415, 0.43480753310815456, 0.003021941859236857, 0.02030984996016217, 0.47300380256298546, 0.003021941859236857], [0.6887905837013398, 0.2675202111539184, 0.0030608705206815437, 0.013971373685276671, 0.023596090418102015, 0.0030608705206815437], [0.7753096330619182, 0.18354444510815734, 0.003001594102691707, 0.012897649366467518, 0.022245084258073484, 0.003001594102691707], [0.8102524383795342, 0.15020116258186386, 0.003006007608310491, 0.012144696538767505, 0.021389687283213447, 0.003006007608310491], [0.8165656637721808, 0.1466137126241133, 0.003006202775222074, 0.01142588650522435, 0.019382331548037483, 0.003006202775222074], [0.04363509542043201, 0.17869366710784929, 0.003008635649481304, 0.011888598964764846, 0.7597653672079913, 0.003008635649481304], [0.7371250549630204, 0.21320506777147072, 0.0031017076823827688, 0.017653327569691128, 0.025813134331052277, 0.0031017076823827688], [0.7626505204919074, 0.1932654348731834, 0.0030022784133299798, 0.013464637454586462, 0.024614850353662704, 0.0030022784133299798], [0.054964730677906234, 0.21549342014597225, 0.0030135416270459406, 0.01970729178190244, 0.7038074741401272, 0.0030135416270459406], [0.6599613969931291, 0.29163849528744074, 0.0030422966378808257, 0.015999015375543862, 0.02631649906812469, 0.0030422966378808257], [0.5694726156778864, 0.37359380811695014, 0.0030078185691777616, 0.01905859716243413, 0.03185934190437379, 0.0030078185691777616], [0.6590337075179683, 0.2966573100609726, 0.003029344204556724, 0.014582820088952177, 0.023667473922993457, 0.003029344204556724], [0.7618621836299704, 0.20016851428431368, 0.0030036171957064286, 0.011799042472235592, 0.02016302522206742, 0.0030036171957064286], [0.8063757006339694, 0.15504466795352562, 0.003005331898788983, 0.012114363729114454, 0.020454603885812783, 0.003005331898788983], [0.8071794052803691, 0.15295284808203138, 0.0030148301891482513, 0.012602049651016412, 0.021236036608286574, 0.0030148301891482513], [0.7957715955403946, 0.15876220889800235, 0.003002499161046423, 0.013888050915405216, 0.02557314632410504, 0.003002499161046423], [0.06208514544658251, 0.217575085630131, 0.0031197888347947807, 0.015432742276870234, 0.6986674489768268, 0.0031197888347947807], [0.6