{"prediction": [[[0.98500332438622, 0.002999335122756038, 0.002999335122756038, 0.002999335122756038, 0.002999335122756038, 0.002999335122756038], [0.98500332438622, 0.002999335122756038, 0.002999335122756038, 0.002999335122756038, 0.002999335122756038, 0.002999335122756038], [0.98500332438622, 0.002999335122756038, 0.002999335122756038, 0.002999335122756038, 0.002999335122756038, 0.002999335122756038], [0.98500332438622, 0.002999335122756038, 0.002999335122756038, 0.002999335122756038, 0.002999335122756038, 0.002999335122756038], [0.98500332438622, 0.002999335122756038, 0.002999335122756038, 0.002999335122756038, 0.002999335122756038, 0.002999335122756038], [0.98500332438622, 0.002999335122756038, 0.002999335122756038, 0.002999335122756038, 0.002999335122756038, 0.002999335122756038], [0.98500332438622, 0.002999335122756038, 0.002999335122756038, 0.002999335122756038, 0.002999335122756038, 0.002999335122756038], [0.98500332438622, 0.002999335122756038, 0.002999335122756038, 0.002999335122756038, 0.002999335122756038, 0.002999335122756038], [0.98500332438622, 0.002999335122756038, 0.002999335122756038, 0.002999335122756038, 0.002999335122756038, 0.002999335122756038], [0.98500332438622, 0.002999335122756038, 0.002999335122756038, 0.002999335122756038, 0.002999335122756038, 0.002999335122756038], [0.98500332438622, 0.002999335122756038, 0.002999335122756038, 0.002999335122756038, 0.002999335122756038, 0.002999335122756038], [0.98500332438622, 0.002999335122756038, 0.002999335122756038, 0.002999335122756038, 0.002999335122756038, 0.002999335122756038], [0.98500332438622, 0.002999335122756038, 0.002999335122756038, 0.002999335122756038, 0.002999335122756038, 0.002999335122756038], [0.98500332438622, 0.002999335122756038, 0.002999335122756038, 0.002999335122756038, 0.002999335122756038, 0.002999335122756038], [0.98500332438622, 0.002999335122756038, 0.002999335122756038, 0.002999335122756038, 0.002999335122756038, 0.002999335122756038], [0.98500332438622, 0.002999335122756038, 0.002999335122756038, 0.002999335122756038, 0.002999335122756038, 0.002999335122756038], [0.98500332438622, 0.002999335122756038, 0.002999335122756038, 0.002999335122756038, 0.002999335122756038, 0.002999335122756038], [0.98500332438622, 0.002999335122756038, 0.002999335122756038, 0.002999335122756038, 0.002999335122756038, 0.002999335122756038], [0.98500332438622, 0.002999335122756038, 0.002999335122756038, 0.002999335122756038, 0.002999335122756038, 0.002999335122756038], [0.98500332438622, 0.002999335122756038, 0.002999335122756038, 0.002999335122756038, 0.002999335122756038, 0.002999335122756038], [0.98500332438622, 0.002999335122756038, 0.002999335122756038, 0.002999335122756038, 0.002999335122756038, 0.002999335122756038], [0.98500332438622, 0.002999335122756038, 0.002999335122756038, 0.002999335122756038, 0.002999335122756038, 0.002999335122756038], [0.98500332438622, 0.002999335122756038, 0.002999335122756038, 0.002999335122756038, 0.002999335122756038, 0.002999335122756038], [0.98500332438622, 0.002999335122756038, 0.002999335122756038, 0.002999335122756038, 0.002999335122756038, 0.002999335122756038], [0.98500332438622, 0.002999335122756038, 0.002999335122756038, 0.002999335122756038, 0.002999335122756038, 0.002999335122756038], [0.98500332438622, 0.002999335122756038, 0.002999335122756038, 0.002999335122756038, 0.002999335122756038, 0.002999335122756038], [0.98500332438622, 0.002999335122756038, 0.002999335122756038, 0.002999335122756038, 0.002999335122756038, 0.002999335122756038], [0.98500332438622, 0.002999335122756038, 0.002999335122756038, 0.002999335122756038, 0.002999335122756038, 0.002999335122756038], [0.98500332438622, 0.002999335122756038, 0.002999335122756038, 0.002999335122756038, 0.002999335122756038, 0.002999335122756038], [0.98500332438622, 0.002999335122756038, 0.002999335122756038, 0.002999335122756038, 0.002999335122756038, 0.002999335122756038], [0.98500332438622, 0.002999335122756038, 0.002999335122756038, 0.002999335122756038, 0.002999335122756038, 0.002999335122756038], [0.98500332438622, 0.002999335122756038, 0.002999335122756038, 0.002999335122756038, 0.002999335122756038, 0.002999335122756038], [0.98500332438622, 0.002999335122756038, 0.002999335122756038, 0.002999335122756038, 0.002999335122756038, 0.002999335122756038], [0.98500332438622, 0.002999335122756038, 0.002999335122756038, 0.002999335122756038, 0.002999335122756038, 0.002999335122756038], [0.98500332438622, 0.002999335122756038, 0.002999335122756038, 0.002999335122756038, 0.002999335122756038, 0.002999335122756038], [0.98500332438622, 0.002999335122756038, 0.002999335122756038, 0.002999335122756038, 0.002999335122756038, 0.002999335122756038], [0.98500332438622, 0.002999335122756038, 0.002999335122756038, 0.002999335122756038, 0.002999335122756038, 0.002999335122756038], [0.98500332438622, 0.002999335122756038, 0.002999335122756038, 0.002999335122756038, 0.002999335122756038, 0.002999335122756038], [0.98500332438622, 0.002999335122756038, 0.002999335122756038, 0.002999335122756038, 0.002999335122756038, 0.002999335122756038], [0.98500332438622, 0.002999335122756038, 0.002999335122756038, 0.002999335122756038, 0.002999335122756038, 0.002999335122756038]], [[0.98500332438622, 0.002999335122756038, 0.002999335122756038, 0.002999335122756038, 0.002999335122756038, 0.002999335122756038], [0.016794822770014046, 0.0655394980688539, 0.032273909109955076, 0.004414858306668183, 0.877958820903063, 0.0030180908414457713], [0.8228102016679919, 0.09269288584764515, 0.061149726223209966, 0.008054326326285083, 0.012284830006264185, 0.0030080299286037097], [0.03605922258160296, 0.09942188808059899, 0.08237238271700288, 0.009470348890279636, 0.7696654187062104, 0.0030107390243050724], [0.7451074503180294, 0.10771115895057232, 0.11198902898741113, 0.011860167301851812, 0.020330113842013848, 0.0030020806001215742], [0.054049295049898596, 0.16157122962473924, 0.13531399603182453, 0.015731189164848704, 0.6302968105429761, 0.003037479585712716], [0.5000209076165515, 0.1808907084451241, 0.26261208612116943, 0.019925945240064913, 0.03354261400436645, 0.003007738572723699], [0.4810522136692592, 0.1965783782707927, 0.24269621722298598, 0.026474408123337692, 0.05018783335990666, 0.0030109493537177684], [0.0748672387818871, 0.17594417808420154, 0.24243258129393402, 0.02033437021822689, 0.4834127951359872, 0.0030088364857631927], [0.6715894168896867, 0.1464287949852904, 0.13265477670066508, 0.017400792523438225, 0.028903421550450798, 0.003022797350468811], [0.052179060617022315, 0.12010534221971701, 0.0967227735141944, 0.01273344086034395, 0.7152584519444627, 0.003000930844259603], [0.7478604374143367, 0.1059395534230659, 0.1027390444014218, 0.01347655884712145, 0.02698224231503192, 0.0030021635990222693], [0.6927906491879272, 0.1364043183515704, 0.12385695160368866, 0.01524901616531744, 0.028666754603608315, 0.0030323100878878817], [0.5091100951217573, 0.17809713054831297, 0.2528829527723978, 0.02084459677487656, 0.0360583812105323, 0.003006843572123022], [0.09461064563355295, 0.18505352377064965, 0.22859487598357559, 0.022823944179390872, 0.4659094124339577, 0.003007597998873346], [0.5125827283945785, 0.17766112696558484, 0.2543115443873552, 0.019434402579435656, 0.032993934731212336, 0.0030162629418334563], [0.6759925850719365, 0.14307780938552364, 0.13816559131631076, 0.014473372559579607, 0.025265545417229092, 0.003025096249420534], [0.044732024299294626, 0.12180517285184109, 0.1144102653371952, 0.011986971709531913, 0.7040541691398974, 0.0030113966622397265], [0.8092823844891802, 0.09521689823547866, 0.06781130864247209, 0.009129063187310228, 0.015556326351517068, 0.003004019094041744], [0.8488021247018385, 0.08125769850360798, 0.048125571779289326, 0.007189510253189761, 0.011609237232524104, 0.003015857529550382], [0.9036998541790239, 0.055361145183660115, 0.026972625968889462, 0.004469508732422403, 0.006492536401588836, 0.0030043295344153106], [0.9133425755008071, 0.05059754146130837, 0.023713266859347507, 0.003793391137980083, 0.005550827693629619, 0.0030023973469274737], [0.012160575077688505, 0.04687540251684691, 0.02168003684644154, 0.0033465504883020926, 0.9129345492445404, 0.003002885826180633], [0.9280288486306603, 0.04349807524339997, 0.017707234212483835, 0.0033420990660652443, 0.004421804123859138, 0.0030019387235314813], [0.9308355627100393, 0.04058197234131074, 0.017669587854061572, 0.0033417559193981102, 0.0045695581493652845, 0.003001563025824942], [0.9070177368598642, 0.05393508494417341, 0.026431605860364096, 0.004032368926262565, 0.0055787693584327105, 0.0030044340509030273], [0.02183385321077205, 0.09507749936058237, 0.05138226876764469, 0.00634494657748242, 0.8223348443486264, 0.0030265877348921305], [0.028093257993555273, 0.11977946247452513, 0.08098614135861437, 0.008721206366331976, 0.7594127795393247, 0.0030071522676484645], [0.03773992011460677, 0.15889726192376552, 0.12651609250272447, 0.012291258763623624, 0.6615368775680557, 0.0030185891272239843], [0.050662118416451754, 0.18178587190477327, 0.16580927325289394, 0.015938582418052495, 0.5827817166620706, 0.0030224373457580496], [0.4226816245703198, 0.22220917704980211, 0.2972113387346253, 0.021716266766221574, 0.0331228558967395, 0.0030587369822917473], [0.4495586319706129, 0.21579248858357414, 0.25473376668437986, 0.02628656574101467, 0.05060891407221501, 0.0030196329482033942], [0.44652164397561117, 0.20781438866386695, 0.2843565252649235, 0.02189494177122302, 0.03638991864241041, 0.0030225816819650247], [0.6357473859197691, 0.15673167134164662, 0.15620942675956342, 0.017098109541853316, 0.03120331624969939, 0.0030100901874681465], [0.663910131421433, 0.14275721304175898, 0.14620978323298428, 0.015709653766059747, 0.028379099032760716, 0.003034119505003354], [0.04531692829441797, 0.11008517105573651, 0.10128831680951468, 0.012121160902996277, 0.7281843088348414, 0.0030041141024932066], [0.8054459441555253, 0.09316239734822386, 0.07195274941407288, 0.009976057648864289, 0.01646026586539775, 0.0030025855679160127], [0.8322976867827043, 0.08518457925494669, 0.05819570264407528, 0.008238031741701617, 0.013075022706015139, 0.0030089768705569868], [0.8842844523583672, 0.06707090444234294, 0.031418527723085225, 0.005410861026116233, 0.008802764651738479, 0.0030124897983500147], [0.98500332438622, 0.002999335122756038, 0.002999335122756038, 0.002999335122756038, 0.002999335122756038, 0.002999335122756038]], [[0.98500332438622, 0.002999335122756038, 0.002999335122756038, 0.002999335122756038, 0.002999335122756038, 0.002999335122756038], [0.8295605100417359, 0.08812044017545108, 0.05845190865463431, 0.00805376923803969, 0.012804513535490586, 0.003008858354648342], [0.7989559262632876, 0.16927428828689312, 0.003006304887853195, 0.009767150738448038, 0.0159900249356648, 0.003006304887853195], [0.7551511476788647, 0.20315908742164385, 0.003001842765564568, 0.013047646492592718, 0.022638432875769467, 0.003001842765564568], [0.6824277454215387, 0.26928601809337693, 0.003053680575686104, 0.014886862129190798, 0.027292013204521386, 0.003053680575686104], [0.5972842967893266, 0.3409638195286026, 0.003024141821140565, 0.018781466723233838, 0.03692213331655575, 0.003024141821140565], [0.47479085254684245, 0.42854664976152196, 0.003013392145736548, 0.02863644599096867, 0.06199926740919369, 0.003013392145736548], [0.2508848518349618, 0.5927727198311121, 0.0030034096843301107, 0.036677620644500045, 0.1136579883207658, 0.0030034096843301107], [0.4716747273725116, 0.42339073567206914, 0.0030055649371727947, 0.03125672591132404, 0.06766668116974967, 0.0030055649371727947], [0.612832676696973, 0.310803906015893, 0.00301641683667922, 0.022222123630838784, 0.04810845998293672, 0.00301641683667922], [0.698775564897476, 0.22877879765715084, 0.0030642418986085813, 0.019722596987879606, 0.04659455666027645, 0.0030642418986085813], [0.6945657131338597, 0.23864606765471189, 0.003060995631876336, 0.018782683230548044, 0.04188354471712769, 0.003060995631876336], [0.590880168959608, 0.3365472628117419, 0.003009425470581957, 0.021705723556492452, 0.0448479937309937, 0.003009425470581957], [0.4777490150561554, 0.4204570631443239, 0.003002423980629829, 0.030011243262912653, 0.06577783057534829, 0.003002423980629829], [0.2388997219589177, 0.6108220142840456, 0.003002546271872283, 0.03474940878262628, 0.10952376243066578, 0.003002546271872283], [0.1219892637889807, 0.4170146577116035, 0.003006703001266084, 0.028236736994786522, 0.4267459355020969, 0.003006703001266084], [0.5843501121651371, 0.3571284173591478, 0.0030108973387702946, 0.018565489381925825, 0.033934186416248666, 0.0030108973387702946], [0.6901240111381562, 0.2628124770265103, 0.0030407516448898255, 0.015325960093362704, 0.025656048452191105, 0.0030407516448898255], [0.742031274186015, 0.22215828393091613, 0.003003573818974876, 0.011253642354017743, 0.018549651891101467, 0.003003573818974876], [0.8006674577939438, 0.1700582797989057, 0.00300781004942336, 0.009114249639739969, 0.014144392668563818, 0.00300781004942336], [0.8294373189380924, 0.14696432114431815, 0.003027839295474363, 0.00711368287068657, 0.010428998455954196, 0.003027839295474363], [0.8979423086691041, 0.0872739933191535, 0.0030046426076895966, 0.003800404582808711, 0.004974008213554393, 0.0030046426076895966], [0.9086709882767672, 0.07735006687592345, 0.003002122983310663, 0.0035187757029547326, 0.0044559231777332765, 0.003002122983310663], [0.9172295479440655, 0.06941785976253306, 0.003001221647553224, 0.0033694505739868077, 0.003980698424308201, 0.003001221647553224], [0.9070057775727837, 0.07894989335420295, 0.00300243737210151, 0.0034310368229206207, 0.0046084175058896965, 0.00300243737210151], [0.8587944231022754, 0.1203971429935537, 0.003050765490781062, 0.005551141095514188, 0.009155761827094712, 0.003050765490781062], [0.8240862186443059, 0.1531471403156272, 0.003013849757709103, 0.007057164197313046, 0.009681777327335625, 0.003013849757709103], [0.7290296746698612, 0.23943385647170146, 0.0030077270244344588, 0.01074418345865288, 0.01477683135091552, 0.0030077270244344588], [0.040577666056787406, 0.32863535079047357, 0.003073122434640191, 0.01476113637701623, 0.6098796019064424, 0.003073122434640191], [0.06046449455185231, 0.4931879069843164, 0.0030293611563618323, 0.020516355220087157, 0.41977252093102047, 0.0030293611563618323], [0.10959480926089174, 0.49179298012128564, 0.003017851349881906, 0.030806756852522453, 0.36176975106553655, 0.003017851349881906], [0.22344534480237596, 0.634950435485535, 0.003000551137365098, 0.03450150990005324, 0.10110160753730557, 0.003000551137365098], [0.13978436716542667, 0.44210590907402786, 0.0030119019991390527, 0.031181461349699447, 0.380904458412568, 0.0030119019991390527], [0.5709660928769175, 0.3678879674496929, 0.003007851290104345, 0.020121388401786483, 0.03500884869139448, 0.003007851290104345], [0.6296355306662376, 0.31315142882357194, 0.003024630110148793, 0.017704186221718432, 0.03345959406817444, 0.003024630110148793], [0.6854840657084935, 0.26583820744331405, 0.0030555194258257592, 0.015221653634952054, 0.027345034361588905, 0.0030555194258257592], [0.7575515872559981, 0.2035702399732131, 0.003003608780013354, 0.01197791315250542, 0.020893042058256747, 0.003003608780013354], [0.033811433787010875, 0.16886946459301885, 0.0030123851961741752, 0.010440888635724243, 0.7808534425918977, 0.0030123851961741752], [0.028595876714409572, 0.08658828781865427, 0.06050904903126401, 0.007998640409503509, 0.813294524112678, 0.0030136219134906843], [0.98500332438622, 0.002999335122756038, 0.002999335122756038, 0.002999335122756038, 0.002999335122756038, 0.002999335122756038]], [[0.98500332438622, 0.002999335122756038, 0.002999335122756038, 0.002999335122756038, 0.002999335122756038, 0.002999335122756038], [0.8069553169493001, 0.09423510281702703, 0.07046246291804074, 0.009330613324599156, 0.016013292879845608, 0.0030032111111873683], [0.7601470269035727, 0.20040012434460297, 0.003002765603689332, 0.012026445409757497, 0.02142087213468822, 0.003002765603689332], [0.05988488895212262, 0.2713892552565323, 0.003087418773383085, 0.015644247950451655, 0.6469067702941272, 0.003087418773383085], [0.07327007030111694, 0.29639873031492436, 0.0030553411624234307, 0.018723118129121037, 0.6054973989299909, 0.0030553411624234307], [0.631820290619819, 0.30811077988995983, 0.0030249044563571397, 0.01839025326644761, 0.035628867311059194, 0.0030249044563571397], [0.557281152457878, 0.3739983448244229, 0.0030163149404854807, 0.021116652205648505, 0.04157122063107969, 0.0030163149404854807], [0.1426238525044854, 0.4196645264610052, 0.0030038869934604123, 0.030288938862500996, 0.40141490818508757, 0.0030038869934604123], [0.5606229794788168, 0.36132844362002875, 0.0030007367494653174, 0.02390360025970536, 0.048143503142518536, 0.0030007367494653174], [0.6797241783290413, 0.25851511088013157, 0.0030502432104658798, 0.01848126103894043, 0.03717896333095506, 0.0030502432104658798], [0.10489306301602203, 0.28897849008750653, 0.003038176835012216, 0.022851300925459853, 0.5772007923009872, 0.003038176835012216], [0.6728089674558542, 0.2569883777976887, 0.0030463767304302032, 0.02044781015800782, 0.04366209112758898, 0.0030463767304302032], [0.6755721833224734, 0.25973227885682937, 0.0030476389964147555, 0.018803711928581143, 0.03979654789928654, 0.0030476389964147555], [0.5435036279081544, 0.3863999421310186, 0.003003624988805693, 0.022859434359519593, 0.04122974562369613, 0.003003624988805693], [0.4917501969586601, 0.3995749982773158, 0.003005750443867559, 0.03075345587146159, 0.07190984800482733, 0.003005750443867559], [0.5514876218001469, 0.37824718063876017, 0.003003147174625423, 0.022762122682935156, 0.041496780528906915, 0.003003147174625423], [0.6594132842313379, 0.28572915945108307, 0.0030389715946139784, 0.017207524987747694, 0.03157208814060326, 0.0030389715946139784], [0.6226923579070266, 0.3225496794573139, 0.003013461850560764, 0.017389046111785805, 0.03134199282275226, 0.003013461850560764], [0.05100212512085145, 0.29542363393340765, 0.0030795842621973496, 0.01586565559349224, 0.6315494168278539, 0.0030795842621973496], [0.7299326913475601, 0.23449915277888247, 0.0030118677133991905, 0.011278375014972534, 0.01826604543178652, 0.0030118677133991905], [0.8025519186506107, 0.17089189907806662, 0.00300971575065072, 0.008378637902381997, 0.01215811286763932, 0.00300971575065072], [0.02324928495750195, 0.14364719934211442, 0.003029529120205927, 0.007603284876583747, 0.819441172583388, 0.003029529120205927], [0.896867964782625, 0.08771623257364045, 0.0030046492155702776, 0.00412144546277267, 0.0052850587498213435, 0.0030046492155702776], [0.012439297025860717, 0.08962934349679846, 0.0030040043471043745, 0.004300284899292954, 0.8876230658838391, 0.0030040043471043745], [0.01250784440518387, 0.09262897672822087, 0.0030049788298723806, 0.004368633489809616, 0.8844845877170409, 0.0030049788298723806], [0.848149232628971, 0.1303743449611462, 0.003021456203170043, 0.006283798607141279, 0.009149711396401382, 0.003021456203170043], [0.02539309919842782, 0.16072902587033774, 0.003019181861211714, 0.008103763407945216, 0.7997357478008659, 0.003019181861211714], [0.7780655664128509, 0.19337127695030903, 0.003007853936682656, 0.009302996437442312, 0.013244452326032599, 0.003007853936682656], [0.6761934526119687, 0.2879344715908138, 0.003018197648669211, 0.012306626311112848, 0.01752905418876624, 0.003018197648669211], [0.044926160060181713, 0.33878073482534204, 0.0030622627792241263, 0.01534301771317386, 0.5948255618428542, 0.0030622627792241263], [0.4522567466201161, 0.49347711307393566, 0.0030270297546102225, 0.019481980311932424, 0.028730100484795365, 0.0030270297546102225], [0.451589183966555, 0.4520602718508258, 0.0030103645063367396, 0.02932324460586991, 0.061006570564075664, 0.0030103645063367396], [0.5161504204312652, 0.4222614050454424, 0.00300664277686791, 0.02095392285526986, 0.03462096611428667, 0.00300664277686791], [0.6035825447468908, 0.3360549867704972, 0.003008093284854412, 0.019784667053580486, 0.034561614859322715, 0.003008093284854412], [0.12441649811645118, 0.3881392817236806, 0.0030004020480038046, 0.02674890704547851, 0.45469450901838215, 0.0030004020480038046], [0.5977672796185476, 0.340351289572488, 0.0030130115578105377, 0.019866763353879435, 0.03598864433946376, 0.0030130115578105377], [0.058716586631669586, 0.2626756876078629, 0.003095567148010567, 0.01559298402155427, 0.6568236074428921, 0.003095567148010567], [0.7565913783772109, 0.20289768532549318, 0.0030021840587850916, 0.012130839467961943, 0.02237572871176398, 0.0030021840587850916], [0.8057050578352124, 0.09154833753011876, 0.07367181914818671, 0.009652322668796526, 0.016411036123810986, 0.0030114266938746537], [0.98500332438622, 0.002999335122756038, 0.002999335122756038, 0.002999335122756038, 0.002999335122756038, 0.002999335122756038]], [[0.98500332438622, 0.002999335122756038, 0.002999335122756038, 0.002999335122756038, 0.002999335122756038, 0.002999335122756038], [0.7483888629551968, 0.10833001094717941, 0.10724095392578384, 0.011778052931448712, 0.02125988141610724, 0.0030022378242839268], [0.6577954471517503, 0.2954121350299438, 0.003040481038129185, 0.014964124145298633, 0.02574733159674895, 0.003040481038129185], [0.6489884849874507, 0.2984851011652572, 0.00303432146167185, 0.01669885456528283, 0.029758916358665694, 0.00303432146167185], [0.5948777819690012, 0.3427574665442204, 0.0030062529931897115, 0.01969775311307998, 0.03665449238731912, 0.0030062529931897115], [0.5546465992615494, 0.34385419514125326, 0.0030015797228402966, 0.026517540461238057, 0.06897850569027861, 0.0030015797228402966], [0.08284161739332929, 0.3102815728464585, 0.0030386264035426602, 0.02171834438311163, 0.5790812125700151, 0.0030386264035426602], [0.6370277403247128, 0.29138590988442825, 0.003013808929038178, 0.020594662535854284, 0.04496406939692839, 0.003013808929038178], [0.6807377455934623, 0.25807288634394976, 0.0030508969176627, 0.017875057847337266, 0.0372125163799252, 0.0030508969176627], [0.5978147757501201, 0.32506978462252556, 0.0030112873200652036, 0.023122889959358385, 0.0479699750278655, 0.0030112873200652036], [0.535960871160442, 0.35630097124906684, 0.0030037616160991237, 0.02938339761233791, 0.07234723674595507, 0.0030037616160991237], [0.0938289216113272, 0.335637035802428, 0.0030203645513589518, 0.022959933271213175, 0.5415333802123137, 0.0030203645513589518], [0.08418162088135495, 0.2559913780345134, 0.003075659389576627, 0.01860681364150861, 0.6350688686634698, 0.003075659389576627], [0.6836027973076211, 0.2454628622617882, 0.003027954928238362, 0.01960607635228789, 0.04527235422182615, 0.003027954928238362], [0.6313956053746841, 0.2930517762539699, 0.0030182088920287153, 0.021142579018626147, 0.0483736215686624, 0.0030182088920287153], [0.07640848958985001, 0.2691691855458606, 0.003071731616703748, 0.01825462585886476, 0.630024235772017, 0.003071731616703748], [0.07450985866544968, 0.33831251569231785, 0.0030320876593551488, 0.019789044293207183, 0.561324406030315, 0.0030320876593551488], [0.10661775097460192, 0.4049686953101346, 0.003001367418219434, 0.025471290457322153, 0.4569395284215026, 0.003001367418219434], [0.5500565726171078, 0.3987529633069256, 0.0030107302082706643, 0.017301473842995282, 0.027867529816429953, 0.0030107302082706643], [0.04603545981869854, 0.31735482586042263, 0.003072593942954385, 0.014896782754160657, 0.6155677436808095, 0.003072593942954385], [0.03356263880824106, 0.2236600097619144, 0.003013137354971147, 0.011436108238310457, 0.7253149684815917, 0.003013137354971147], [0.8125562463938246, 0.16103277919509326, 0.0030111725878960664, 0.008315457290341806, 0.01207317194494831, 0.0030111725878960664], [0.8414423937742661, 0.13502240899694498, 0.003020679980161529, 0.007283556802930441, 0.01021028046553548, 0.003020679980161529], [0.014446993088239823, 0.10016311741414001, 0.0030076799613502746, 0.004821287703629177, 0.8745532418712905, 0.0030076799613502746], [0.022478600566015843, 0.13578093292617635, 0.0030338246471819253, 0.007132782507513253, 0.8285400347059306, 0.0030338246471819253], [0.8333574052474447, 0.14135560943215952, 0.003014431716629948, 0.007778864025385287, 0.011479257861750582, 0.003014431716629948], [0.8265348820157024, 0.1465983985214588, 0.0030117954056612874, 0.0081714187886386, 0.012671709862877596, 0.0030117954056612874], [0.7930001616113598, 0.1772662886747028, 0.0030185042769482555, 0.009584527572184783, 0.014112013587856178, 0.0030185042769482555], [0.7859509886838323, 0.18113577035672046, 0.003005007274630958, 0.01078723708579689, 0.016115989324388503, 0.003005007274630958], [0.6880535673455478, 0.27013029557580975, 0.003010157198720734, 0.013739013715480206, 0.022056808965720737, 0.003010157198720734], [0.6353031107950475, 0.31209864221319866, 0.0030174367523867155, 0.017351336793508573, 0.029212036693471822, 0.0030174367523867155], [0.5802745871398647, 0.36193055885514813, 0.003010475444600654, 0.018902832060156378, 0.032871071055629454, 0.003010475444600654], [0.6266017681009542, 0.31247757066684123, 0.003031465593028967, 0.017682657647029417, 0.03717507239911727, 0.003031465593028967], [0.5269860246857216, 0.3711999468466414, 0.0030017038289287747, 0.027036660605279924, 0.0687739602044995, 0.0030017038289287747], [0.30870748315837143, 0.5014525109056684, 0.0030372954286487777, 0.03660779673047791, 0.14715761834818475, 0.0030372954286487777], [0.5359547937836219, 0.34790145346162527, 0.0030005499344832117, 0.029273680059728045, 0.08086897282605848, 0.0030005499344832117], [0.6394746505206125, 0.29712815757511113, 0.0030277979443390944, 0.01891118769090797, 0.03843040832469038, 0.0030277979443390944], [0.7030037644615323, 0.24919261390989433, 0.003067549535874902, 0.014742611847394591, 0.026925910709428902, 0.003067549535874902], [0.7541596517795263, 0.11474377774184032, 0.09415570880571718, 0.011956456887478756, 0.021983261379390256, 0.003001143406047273], [0.98500332438622, 0.002999335122756038, 0.002999335122756038, 0.002999335122756038, 0.002999335122756038, 0.002999335122756038]], [[0.98500332438622, 0.002999335122756038, 0.002999335122756038, 0.002999335122756038, 0.002999335122756038, 0.002999335122756038], [0.673508187555039, 0.14356228783324973, 0.1385560449794483, 0.015023426712386824, 0.026326351481493905, 0.0030237014383821983], [0.06304228008398814, 0.3372043242545779, 0.003042626709846743, 0.018102295100988024, 0.5755658471407524, 0.003042626709846743], [0.5139493991042217, 0.40127626909198344, 0.003004394912204949, 0.025562660145390534, 0.053202881833994464, 0.003004394912204949], [0.12761854733883718, 0.3915302751030013, 0.003003013434868669, 0.028864457015675915, 0.4459806936727484, 0.003003013434868669], [0.31575843951760185, 0.5026574827425265, 0.003038356613647109, 0.03334442526549129, 0.14216293924708598, 0.003038356613647109], [0.582624547070381, 0.30607372361900326, 0.0030087292625097487, 0.025937894168654604, 0.07934637661694152, 0.0030087292625097487], [0.08626032488424835, 0.24401757556809636, 0.003058800612175258, 0.019264201822642043, 0.6443402965006627, 0.003058800612175258], [0.09127096317943907, 0.28744741804421586, 0.003029562705702682, 0.02036594403068839, 0.5948565493342513, 0.003029562705702682], [0.5338114457233437, 0.35770866073216095, 0.0030028868821831613, 0.02947791403034215, 0.07299620574978676, 0.0030028868821831613], [0.2703022590212527, 0.5425540936183553, 0.0030078844054387197, 0.03650185450836185, 0.14462602404115268, 0.0030078844054387197], [0.5279352962627163, 0.3697991250078092, 0.0030015888567795253, 0.028618147430109243, 0.06764425358580625, 0.0030015888567795253], [0.6381057790361945, 0.27322784270944134, 0.0030273437470550147, 0.0226408280849592, 0.059970862675295, 0.0030273437470550147], [0.70915289434514, 0.22132196637593912, 0.00306264660779119, 0.018677949605754696, 0.04472189645758383, 0.00306264660779119], [0.6826711662915145, 0.24375283119857147, 0.0030449161898553575, 0.019524605356033002, 0.04796156477417034, 0.0030449161898553575], [0.599294155754208, 0.295498642779962, 0.0030118386194342554, 0.02491328023251197, 0.07427024399444973, 0.0030118386194342554], [0.5253143037472071, 0.37758815574899846, 0.0030018284290219376, 0.02813062429110814, 0.06296325935464235, 0.0030018284290219376], [0.2809970824489105, 0.5424830082369791, 0.00301920657150837, 0.032861462286920246, 0.13762003388417346, 0.00301920657150837], [0.09954545238515704, 0.4285213629899355, 0.0030080831899974487, 0.023771962214717297, 0.4421450560301952, 0.0030080831899974487], [0.05276163374041764, 0.3732100935322081, 0.003039674905375446, 0.01651407897361713, 0.5514348439430062, 0.003039674905375446], [0.6887304357923326, 0.2715796337979441, 0.003060774838515336, 0.013140205731365892, 0.02042817500132671, 0.003060774838515336], [0.7786746284406069, 0.18799883724960903, 0.003004762466444905, 0.01075213565341406, 0.016564873723480353, 0.003004762466444905], [0.03089178120416036, 0.1583921659822747, 0.0030169623526032025, 0.009726605609406632, 0.7949555224989517, 0.0030169623526032025], [0.026419265068764835, 0.15039422389248983, 0.0030237431231035917, 0.008306203199351964, 0.8088328215931863, 0.0030237431231035917], [0.8275453545777268, 0.1459344748312194, 0.003014493410637945, 0.008221397791628077, 0.012269785978149851, 0.003014493410637945], [0.8073338685661666, 0.1624084556444369, 0.0030132050076263715, 0.009636850681920264, 0.014594415092223511, 0.0030132050076263715], [0.8132982550695992, 0.15730297625180253, 0.0030154470209272028, 0.009177622671855365, 0.014190251964888562, 0.0030154470209272028], [0.813985513351434, 0.15385011243550015, 0.003006905830056556, 0.010394692352893418, 0.01575587020005932, 0.003006905830056556], [0.037254389395268504, 0.1675344543062684, 0.00301006587184574, 0.011350464170610601, 0.777840560384161, 0.00301006587184574], [0.046875911881855005, 0.18229218469966818, 0.0030177278635204717, 0.012626923380241165, 0.7521695243111947, 0.0030177278635204717], [0.7414376715659136, 0.2120109286872928, 0.0030034009419513106, 0.0147815427514818, 0.025763055111409257, 0.0030034009419513106], [0.062155639653091406, 0.2634257693590003, 0.0030898313309751864, 0.017331767215348702, 0.6509071611106092, 0.0030898313309751864], [0.06449237327335652, 0.25687409992645305, 0.003068929696241239, 0.016423991040129357, 0.6560716763675787, 0.003068929696241239], [0.6350490328243092, 0.3036583114337933, 0.00301450779602103, 0.018801433802196895, 0.03646220634765849, 0.00301450779602103], [0.5553085283774217, 0.34364712166583883, 0.0030047235422646576, 0.027163817920200995, 0.06787108495200916, 0.0030047235422646576], [0.6066747341515317, 0.3206923941869458, 0.0030141561512378088, 0.021564582581272213, 0.045039976777774694, 0.0030141561512378088], [0.06604251062111556, 0.278385199910245, 0.0030533703592376836, 0.017365575592172777, 0.6320999731579914, 0.0030533703592376836], [0.07067513166534697, 0.3193472977330231, 0.003049455738925475, 0.023361414602481756, 0.5805172445212972, 0.003049455738925475], [0.05236916677268377, 0.15826998607633236, 0.1348891830239532, 0.014975129035230647, 0.6364559584699666, 0.003040576621833395], [0.98500332438622, 0.002999335122756038, 0.002999335122756038, 0.002999335122756038, 0.002999335122756038, 0.002999335122756038]], [[0.98500332438622, 0.002999335122756038, 0.002999335122756038, 0.002999335122756038, 0.002999335122756038, 0.002999335122756038], [0.655879183261545, 0.13766322989835184, 0.15910852598907066, 0.01542937235502734, 0.028890940660557037, 0.0030287478354479543], [0.5468640266589742, 0.38522154333734937, 0.003003350019876949, 0.021217515059647443, 0.04069021490427529, 0.003003350019876949], [0.30442975644117404, 0.49341906795180385, 0.003044824806954337, 0.033168237879136184, 0.16289328811397724, 0.003044824806954337], [0.49185667889071194, 0.41505073276989146, 0.0030019100878307093, 0.02734308097403591, 0.059745687189699276, 0.0030019100878307093], [0.5403833404383285, 0.3583656514608215, 0.00300250692057105, 0.027755066870270354, 0.06749092738943764, 0.00300250692057105], [0.6662962193804085, 0.2713481408116979, 0.0030419280221928567, 0.017924056558013716, 0.03834772720549411, 0.0030419280221928567], [0.7125831165354138, 0.22377972862083634, 0.003074639194740901, 0.01731001845459499, 0.040177857999672995, 0.003074639194740901], [0.07116319645013297, 0.23920093153656563, 0.0030758246759073726, 0.01638370216886359, 0.667100520492623, 0.0030758246759073726], [0.5725240225564232, 0.36356502810680363, 0.003004453335988025, 0.020556797724264497, 0.03734524494053259, 0.003004453335988025], [0.5305210542355737, 0.3756184943274884, 0.0030012008966454383, 0.027251832153500664, 0.060606217490146296, 0.0030012008966454383], [0.5621530223191905, 0.37354207600777845, 0.0030056320974254647, 0.020192682796993756, 0.03810095468118649, 0.0030056320974254647], [0.714270874368623, 0.2255398835633181, 0.003075528890918621, 0.017039381109041837, 0.03699880317717975, 0.003075528890918621], [0.6894967736515358, 0.23774375495987593, 0.003070986126131568, 0.018956101179761726, 0.047661397956563295, 0.003070986126131568], [0.631603189078298, 0.27195423037843325, 0.00304076375348882, 0.022387802001128415, 0.06797325103516275, 0.00304076375348882], [0.3822887413904038, 0.4087226926019359, 0.0031112269223497785, 0.032480818223034426, 0.17028529393992642, 0.0031112269223497785], [0.5325733604842282, 0.37632728322270925, 0.0030002968839602166, 0.025913349596030727, 0.05918541292911141, 0.0030002968839602166], [0.5150584163823049, 0.40309059409924003, 0.003000578875080311, 0.02463931649335324, 0.05121051527494132, 0.003000578875080311], [0.06150465943551958, 0.3720019522829982, 0.003024076701977689, 0.017880298119894607, 0.5425649367576323, 0.003024076701977689], [0.6673159850448235, 0.2865667991921247, 0.0030456523235381475, 0.014673738881128927, 0.025352172234846707, 0.0030456523235381475], [0.04190479085890359, 0.20522147430938392, 0.0030058056224636833, 0.013205448937348407, 0.7336566746494367, 0.0030058056224636833], [0.03770449029002313, 0.1741679643136577, 0.003015948710121933, 0.011029969797606218, 0.7710656781784689, 0.003015948710121933], [0.7944238875789642, 0.17074500849374838, 0.0030045220626311454, 0.010799484779231028, 0.018022575022794137, 0.0030045220626311454], [0.7970775166926245, 0.16935465244270453, 0.0030053109279721776, 0.010493192684300353, 0.017064016324426362, 0.0030053109279721776], [0.7685071182964732, 0.19552347882069138, 0.003003886614038183, 0.011460334993463845, 0.018501294661295232, 0.003003886614038183], [0.7360303927540993, 0.22548366521356533, 0.0030625325475901145, 0.012684932715442646, 0.019675944221712347, 0.0030625325475901145], [0.04100245151933911, 0.2140215371517419, 0.003004913939853915, 0.01239436556409388, 0.7265718178851174, 0.003004913939853915], [0.7915024640328023, 0.17232389876147094, 0.00300298865447504, 0.011717488412189371, 0.018450171484587375, 0.00300298865447504], [0.7972438909044145, 0.16607506945857645, 0.0030042438491729856, 0.011900053676507056, 0.01877249826215586, 0.0030042438491729856], [0.04834916163912676, 0.18560176049868948, 0.0030068393275018237, 0.01349753075010177, 0.7465378684570784, 0.0030068393275018237], [0.777881887748732, 0.180019722374199, 0.0030051759007283458, 0.013702068042792115, 0.02238597003282031, 0.0030051759007283458], [0.7729707976311339, 0.1788114495595484, 0.0030001978327147075, 0.01517591320338334, 0.027041443940505085, 0.0030001978327147075], [0.05254883849749631, 0.19129441119540927, 0.00300442338300602, 0.013196584971112587, 0.7369513185699698, 0.00300442338300602], [0.06487190853955414, 0.22712022062680037, 0.0030912185703964646, 0.01628797736010323, 0.6855374563327493, 0.0030912185703964646], [0.6707736210788859, 0.26422051030965055, 0.0030277193481837617, 0.01880832997661206, 0.04014209993848391, 0.0030277193481837617], [0.6756353470076607, 0.2653695344713874, 0.0030477251514421893, 0.017815604148206276, 0.03508406406986135, 0.0030477251514421893], [0.5830350636910028, 0.3540149307709035, 0.0030092629722288083, 0.019727718337548654, 0.03720376125608755, 0.0030092629722288083], [0.49601802776293485, 0.41594712751386764, 0.003001620348562367, 0.027218196562214914, 0.054813407463858044, 0.003001620348562367], [0.5193436547385074, 0.1755431863189389, 0.24811240961380193, 0.0199362758531979, 0.03406046778690621, 0.003004005688647749], [0.98500332438622, 0.002999335122756038, 0.002999335122756038, 0.002999335122756038, 0.002999335122756038, 0.002999335122756038]], [[0.98500332438622, 0.002999335122756038, 0.002999335122756038, 0.002999335122756038, 0.002999335122756038, 0.002999335122756038], [0.6532196223366457, 0.14658268672643737, 0.15085892908505733, 0.016289557924735205, 0.03003424288083037, 0.0030149610462942003], [0.6121145724023939, 0.3337442306974306, 0.0030193950925419886, 0.017090070505497143, 0.031012336209594416, 0.0030193950925419886], [0.5308123215844848, 0.38821828813996767, 0.003000379110737955, 0.02501307452677147, 0.04995555752730011, 0.003000379110737955], [0.6137533436402245, 0.3216885533035294, 0.003017280308197255, 0.01963010034112961, 0.038893442098721975, 0.003017280308197255], [0.6431520265327042, 0.2935427786930172, 0.0030295412713310472, 0.018246947730653395, 0.038999164500963246, 0.0030295412713310472], [0.7239965337159617, 0.21849717103446248, 0.003083441911897354, 0.016557333187765314, 0.03478207823801578, 0.003083441911897354], [0.06166859288547678, 0.1723478507115818, 0.003000866185232601, 0.014274845552223789, 0.7457069784802525, 0.003000866185232601], [0.7766096665147236, 0.17358399113622316, 0.0030002163802741472, 0.015179225142332877, 0.028626684446172126, 0.0030002163802741472], [0.7267586645822246, 0.21928452036233587, 0.003061921171734054, 0.017034783057124837, 0.030798189654846493, 0.003061921171734054], [0.0029993351227560394, 0.0029993351227560394, 0.0029993351227560394, 0.0029993351227560394, 0.0029993351227560394, 0.9850033243862198], [0.06868953086021744, 0.22722471120442853, 0.003116698076731408, 0.015908233480937388, 0.6819441283009539, 0.003116698076731408], [0.7322691193983988, 0.21399238321656236, 0.0030000468572967216, 0.014776911158870042, 0.032961492511575416, 0.0030000468572967216], [0.7026496707451717, 0.23463361646597844, 0.00307976415707797, 0.016806112588962967, 0.03975107188573107, 0.00307976415707797], [0.602973238352104, 0.32356855493990855, 0.0030086091588873024, 0.021878131783767015, 0.04556285660644593, 0.0030086091588873024], [0.6172435336782921, 0.3032809174010733, 0.003018519759259274, 0.02182812424427067, 0.05161038515784531, 0.003018519759259274], [0.6369976754278139, 0.3025698676780761, 0.0030270499650060056, 0.018206991163028898, 0.03617136580106907, 0.0030270499650060056], [0.6450851858088875, 0.2975002455154429, 0.0030186170305771852, 0.018057376238294835, 0.03331995837622032, 0.0030186170305771852], [0.683840210207723, 0.26263518452337675, 0.003053478900381683, 0.016166921995077667, 0.03125072547305933, 0.003053478900381683], [0.7481094221923795, 0.20556574009804535, 0.003000618807868986, 0.014180299607835463, 0.026143300486001646, 0.003000618807868986], [0.7857577428633589, 0.17197252308696018, 0.0030016163872892605, 0.013040688233387238, 0.023225813041715216, 0.0030016163872892605], [0.7662416795013434, 0.18990313340964265, 0.003001050157133555, 0.01368716228195358, 0.02416592449279332, 0.003001050157133555], [0.7240048446297463, 0.2281449301967288, 0.0030607534611010287, 0.015019888858605567, 0.026708829392717216, 0.0030607534611010287], [0.7138400484043216, 0.24033631815054465, 0.003011552531715878, 0.014829761365457014, 0.02497076701624502, 0.003011552531715878], [0.052227037245585826, 0.29155784292871323, 0.003080635115032688, 0.016069742310841576, 0.6339841072847939, 0.003080635115032688], [0.570746819657216, 0.3787234699030094, 0.0030102248204086175, 0.017234731464558353, 0.027274529334398962, 0.0030102248204086175], [0.05103287144948747, 0.28975870038619816, 0.0030709320661280043, 0.015203900302139143, 0.6378626637299193, 0.003070932066128