{"prediction": [[[0.9079173101705014, 0.06691632185272929, 0.003509351165496709, 0.003509351165496709, 0.014638314480279337, 0.003509351165496709], [0.8545752898721665, 0.07260824315819124, 0.012902726697194165, 0.0038690920752505707, 0.05217555612194699, 0.0038690920752505707], [0.8397912680636204, 0.08626621174311908, 0.010803847702612479, 0.004065204258739513, 0.05500826397316917, 0.004065204258739513], [0.855781666630907, 0.07851993381557158, 0.014716382218003745, 0.0038670783259096577, 0.04324786068369834, 0.0038670783259096577], [0.84829665769191, 0.08516176390132563, 0.01184170979721079, 0.0039751904567623215, 0.04674948769602878, 0.0039751904567623215], [0.8728691272904631, 0.07289804933369229, 0.01462644604898605, 0.003707743327978475, 0.03219089067090173, 0.003707743327978475], [0.8517358445849478, 0.08307006483317833, 0.013428748357357781, 0.003927467295393774, 0.04391040763372872, 0.003927467295393774], [0.8831772135944309, 0.06739202319549811, 0.008671376310865862, 0.0036314838064867285, 0.033496419286231725, 0.0036314838064867285], [0.8680607450365141, 0.06844849898583454, 0.008454424203652538, 0.0037617326655217573, 0.047512866442955506, 0.0037617326655217573], [0.8625114432951512, 0.06678874942761469, 0.008868379056499892, 0.003808500734282129, 0.05421442675217005, 0.003808500734282129], [0.8266407728366079, 0.07518033051444924, 0.014672245632969963, 0.004159725822799122, 0.07518719937037466, 0.004159725822799122], [0.8540673593838235, 0.06250379924880349, 0.015142061470064229, 0.0038465055475043032, 0.06059376880229999, 0.0038465055475043032], [0.8830032266213861, 0.0588312158733876, 0.015034559949015558, 0.003571834495509429, 0.035987328565191844, 0.003571834495509429], [0.8587090081269686, 0.0712590667135487, 0.011185932081098771, 0.003837629383695895, 0.05117073431099228, 0.003837629383695895], [0.8929561319466272, 0.058652507313147965, 0.009502657106540675, 0.0035204022076773954, 0.031847899218329506, 0.0035204022076773954], [0.8576447904417321, 0.07221175088470105, 0.01316690668113654, 0.0038374597608833503, 0.049301632470663534, 0.0038374597608833503], [0.874843470557911, 0.06391815282667072, 0.01119723125601484, 0.0036720955196953104, 0.042696954320013025, 0.0036720955196953104], [0.8813475807415336, 0.06417829043759499, 0.009109459349356983, 0.003630553636903485, 0.03810356219770724, 0.003630553636903485], [0.8547703475750043, 0.07633408952852681, 0.009494499295130092, 0.003899813043775986, 0.05160143751378686, 0.003899813043775986], [0.8798322228884031, 0.06321032589590869, 0.018687612844500122, 0.0036006194850372306, 0.031068599401113582, 0.0036006194850372306], [0.8909891350059777, 0.07037350158366146, 0.009469047094262101, 0.003595374255593861, 0.021977567804911165, 0.003595374255593861], [0.8697875054282501, 0.06852692294534052, 0.011439623942745735, 0.003727838562522864, 0.04279027055861785, 0.003727838562522864], [0.8582552302402436, 0.07373534879945423, 0.010473996973444491, 0.0038528975650617544, 0.04982962885673411, 0.0038528975650617544], [0.8568301711131758, 0.06817583619833319, 0.009499595223981366, 0.003863093122697152, 0.05776821121911521, 0.003863093122697152], [0.8797010185308116, 0.06540882353639178, 0.005983080887475442, 0.0036680175967865923, 0.041571041851748015, 0.0036680175967865923], [0.8827772248465864, 0.06117665420741629, 0.0036485927743333283, 0.0036485927743333283, 0.04510034262299711, 0.0036485927743333283], [0.8328636736162133, 0.07914789564208397, 0.012714168844956407, 0.004107127738109599, 0.06706000642052716, 0.004107127738109599], [0.8865636029611718, 0.05738443463688692, 0.01010135822385264, 0.0035625537432184347, 0.03882549669165183, 0.0035625537432184347], [0.8653634201021567, 0.07108615781907467, 0.014862360579824256, 0.0037566309968817464, 0.04117479950518086, 0.0037566309968817464], [0.8621797907220652, 0.06694377937619048, 0.017038603811629353, 0.003761314919468979, 0.04631519625117707, 0.003761314919468979], [0.8618364329748969, 0.06984016511935245, 0.013275230385883175, 0.003791689663707614, 0.047464792192452324, 0.003791689663707614], [0.8894429225281355, 0.06508347745712431, 0.005559187466333085, 0.0035928390304633944, 0.03272873448748042, 0.0035928390304633944], [0.8669165861406801, 0.07180432683557549, 0.015187360793779872, 0.003745344447627195, 0.038601037334710105, 0.003745344447627195], [0.8595938254017048, 0.07289624578243993, 0.0072956325430346405, 0.0038610561898950752, 0.05249218389303044, 0.0038610561898950752], [0.8653385414521023, 0.07253247403100588, 0.012163941670881537, 0.0037754907434518763, 0.04241406135910644, 0.0037754907434518763], [0.8749258143956712, 0.0653712540384513, 0.0112661572921088, 0.0036751477630848684, 0.04108647874759914, 0.0036751477630848684], [0.8413504951950386, 0.07567367723052813, 0.015586516280782397, 0.0039903569869083845, 0.05940859731983414, 0.0039903569869083845], [0.8290240695887825, 0.07327999722990672, 0.02424452626488808, 0.0040667715477284575, 0.06531786382096566, 0.0040667715477284575], [0.8185689353743785, 0.08277305145877303, 0.026060915467005414, 0.004182958283817178, 0.06423118113220873, 0.004182958283817178], [0.8950879396725565, 0.07821464116163657, 0.0036566208703929562, 0.0036566208703929562, 0.0157275565546281, 0.0036566208703929562]], [[0.8206089967040554, 0.08927306212349816, 0.015434896312697085, 0.00423803106533836, 0.06620698272907251, 0.00423803106533836], [0.9482301700376564, 0.02742838992928897, 0.014665869938508696, 0.0030016581971267866, 0.003672253700292201, 0.0030016581971267866], [0.9281249603204038, 0.033363898268141165, 0.02478492235145862, 0.0041065003890273215, 0.006599027595767692, 0.0030206910752015067], [0.9181588462001427, 0.037361339352715225, 0.029266812103931804, 0.004097794377646847, 0.008101918126673572, 0.003013289838889891], [0.9256795056121179, 0.034178253764233835, 0.025856956092038298, 0.004104430138924113, 0.007162283844653493, 0.0030185705480324392], [0.9559751228306632, 0.021836198915501842, 0.012785435051736491, 0.00300015653304055, 0.0034029301360174297, 0.00300015653304055], [0.9400197378473537, 0.026272928172069755, 0.021019467112762518, 0.004116159280768111, 0.005540401409522228, 0.003031306177523633], [0.9355986881016534, 0.029382034942106425, 0.01968646740408699, 0.004156972021602755, 0.008115590456019929, 0.003060247074530583], [0.9429046268351833, 0.02659959836189323, 0.017423997245366547, 0.004124600074025257, 0.005912331498235941, 0.003034845985295831], [0.926904116580734, 0.0337091487042303, 0.025191105534128715, 0.004105176094848376, 0.007070920064721296, 0.0030195330213373373], [0.630108236813566, 0.06584285300857128, 0.039888800099026955, 0.014238255150031154, 0.2429576146925882, 0.006964240236216404], [0.6624898780090885, 0.08276129212847173, 0.0706637911983524, 0.03017350658462769, 0.14512947417312833, 0.008782057906331363], [0.07558450174719496, 0.0941700275616912, 0.07221801481231357, 0.011976962094736187, 0.7430388713146848, 0.0030116224693793802], [0.7099482558107678, 0.09146324556954334, 0.13696386978536745, 0.0151983606416871, 0.04340388336901126, 0.0030223848236229965], [0.07187855980959607, 0.10113855546030684, 0.08073236835663455, 0.011235886218142593, 0.7320075428891692, 0.0030070872661507857], [0.8121734451772329, 0.05997418827074839, 0.08008213176379742, 0.008191108191860273, 0.03655036677358346, 0.0030287598227774033], [0.8757349373832198, 0.05451209994224584, 0.045959963115024656, 0.0051689079783296, 0.015617514776214267, 0.003006576804965799], [0.049183951906610957, 0.0643168296797835, 0.06431993660476452, 0.007434179736630596, 0.8117044112629271, 0.0030406908092833673], [0.7967091082508528, 0.07430167996812834, 0.08185638354236967, 0.010891767027521575, 0.03322344450270688, 0.003017616708420708], [0.7962543145301288, 0.07155988984496504, 0.08261275457542334, 0.0110402863231527, 0.03552900709670383, 0.0030037476296262], [0.7878239661247524, 0.06921054665275836, 0.09410877911634395, 0.01164524655326977, 0.0342090896297689, 0.0030023719231065844], [0.8336682245395746, 0.06563663964700318, 0.06778026307439257, 0.008137714192084908, 0.021757062221424907, 0.003020096325519862], [0.03129323756133143, 0.04002596319830878, 0.04603514785342546, 0.004092763047820232, 0.8755391458226688, 0.003013742516445283], [0.02163376666547279, 0.03627172633754759, 0.026183440873380984, 0.004068246022158462, 0.9087999376924903, 0.003042882408949813], [0.8606880816322492, 0.05229090400659405, 0.0568509375149994, 0.006827341847441686, 0.020337904409363228, 0.0030048305893524037], [0.7849614734003445, 0.07647911421029455, 0.09239110423675524, 0.011412185999965602, 0.03174767891837612, 0.0030084432342640747], [0.13460417368650487, 0.10384982519986566, 0.16260381407943292, 0.03183672511927663, 0.5640815934127205, 0.003023868502199612], [0.6879801808304846, 0.10528975741387443, 0.1428559753910559, 0.017153298621747304, 0.04368317399884426, 0.0030376137439935675], [0.6689651284951867, 0.08902436769395691, 0.17024148360273936, 0.01781867126274598, 0.05093132445411379, 0.003019024491257264], [0.7615783210472991, 0.09399713470724871, 0.10550168610459121, 0.01144265189227815, 0.024475791293626484, 0.0030044149549564797], [0.8544865859834333, 0.05066146000870508, 0.06203309269736449, 0.007117678731383738, 0.022694256296599227, 0.0030069262825142143], [0.9113912652613027, 0.03805540404972424, 0.0335458154109073, 0.004093074197236707, 0.009905682294794715, 0.0030087587860344357], [0.9253562524720258, 0.03677443237981725, 0.019435980005611725, 0.004107331040276581, 0.01130605614596256, 0.003019947956306016], [0.7369243443146333, 0.054250072385941435, 0.03974006170276451, 0.015624782911919306, 0.1482863191389205, 0.005174419545821094], [0.9126394276014188, 0.04475407214135436, 0.024526474009878084, 0.004120079514153699, 0.010931387443469897, 0.0030285592897251884], [0.8960921951117155, 0.046165148113205635, 0.03814928706241827, 0.00454255608489733, 0.012047515291194905, 0.003003298336568561], [0.041650347403639626, 0.05641940953852315, 0.07533119444393119, 0.006552956910019003, 0.8170442166634586, 0.0030018750404285175], [0.7873910767904196, 0.08370572920637073, 0.09100090704845783, 0.014375690940776923, 0.02049700179730186, 0.003029594216672836], [0.8703409269758572, 0.05509703900365564, 0.050024891312653974, 0.006058314766763166, 0.015477085958248536, 0.0030017419828212983], [0.8240685025421813, 0.07838137649571827, 0.029156628189040974, 0.004103052783405779, 0.06018738720624799, 0.004103052783405779]], [[0.8446392669679937, 0.0892762932414077, 0.0156322162318244, 0.004006582003133024, 0.042439059552508186, 0.004006582003133024], [0.9215412296710525, 0.037774378221989466, 0.027423208690219136, 0.0041013361879393565, 0.006143032461120943, 0.00301681476767854], [0.8992898159799566, 0.08113886501365002, 0.0030123214399439173, 0.004519408183813657, 0.009027267942691933, 0.0030123214399439173], [0.8632979228940013, 0.10810409840633213, 0.0030043587543853, 0.005867715113431625, 0.016721546077464355, 0.0030043587543853], [0.908056495927939, 0.07359613330800881, 0.0030166663542876416, 0.004524866670693324, 0.007789171384783586, 0.0030166663542876416], [0.9051186286887711, 0.07611154753328188, 0.0030150500413704466, 0.004524109957301337, 0.008215613737904736, 0.0030150500413704466], [0.0189478149231259, 0.05970963864191866, 0.0030387185517425823, 0.004566525468926551, 0.9106985838625438, 0.0030387185517425823], [0.9205863956984387, 0.06042597796820018, 0.0030234736429083833, 0.004534758128139037, 0.008405920919405443, 0.0030234736429083833], [0.9317260475091863, 0.0506109716399486, 0.003033657858572633, 0.004548514336635992, 0.007047150797083733, 0.003033657858572633], [0.023873193457154707, 0.035500532780008365, 0.023521928705374017, 0.004119177488123965, 0.9099384376956022, 0.003046729873736782], [0.6443973444355304, 0.09418880954035933, 0.06734306831386502, 0.030040281451861155, 0.1554771930112253, 0.008553303247158679], [0.6858978193606783, 0.09604054999334238, 0.03646759447826875, 0.03405731944765883, 0.14086989243110953, 0.006666824288942116], [0.7198304810932927, 0.07592680595593666, 0.08427298262560921, 0.04158213642694267, 0.05936795129761337, 0.01901964260060527], [0.747063277602066, 0.08494241340398972, 0.05209091816510854, 0.03652876605657919, 0.06892391990652019, 0.010450704865736335], [0.7091712394931194, 0.08286868235776747, 0.08937277360723346, 0.039878362698136924, 0.06331456737168623, 0.015394374472056471], [0.6569531206984396, 0.10077655651115663, 0.04691150030730039, 0.032739290717510604, 0.1549239792111214, 0.007695552554471422], [0.7849246068378508, 0.08556181934432429, 0.09116211153796025, 0.009689822968217389, 0.02565028895304333, 0.003011350358603853], [0.07991779051434846, 0.14735922347201902, 0.0030134902053161393, 0.010894398039703192, 0.7558016075632971, 0.0030134902053161393], [0.7656347842937231, 0.16701682564324968, 0.00300064488306072, 0.013336572604619902, 0.04801052769228602, 0.00300064488306072], [0.4732722169330988, 0.25783666941261935, 0.0030099023689622627, 0.024517477749718623, 0.23835383116663872, 0.0030099023689622627], [0.09514142760241867, 0.16850278745515027, 0.003001864512699507, 0.012684212245315483, 0.7176678436717167, 0.003001864512699507], [0.7765524170213836, 0.15826342728670068, 0.003001695854556958, 0.01362043047377314, 0.04556033350902868, 0.003001695854556958], [0.8382205101851185, 0.12084361310542896, 0.0030528405960236105, 0.007951275384011702, 0.026878920133393495, 0.0030528405960236105], [0.04648750817087207, 0.09342976724959881, 0.0030013002540050905, 0.005796328276607485, 0.8482837957949114, 0.0030013002540050905], [0.8040507815355821, 0.1486692049141742, 0.0030463871307000053, 0.00954475731903023, 0.03164248196981328, 0.0030463871307000053], [0.6717482052688837, 0.24456892623449814, 0.0030026442964961723, 0.016679364063386694, 0.06099821584023912, 0.0030026442964961723], [0.09398146445258332, 0.2759744589083539, 0.0030082724016026047, 0.020077076002965884, 0.6039504558328916, 0.0030082724016026047], [0.4025971742436512, 0.36935704720031465, 0.003006832173109959, 0.02693335621966419, 0.19509875799015006, 0.003006832173109959], [0.11239375558933695, 0.2719149372028655, 0.0030163614391641087, 0.019810169939741044, 0.5898484143897282, 0.0030163614391641087], [0.6806462039304588, 0.2500210834463842, 0.003025867536827504, 0.016364727219857978, 0.04691625032964397, 0.003025867536827504], [0.7940972018170491, 0.16491122100222458, 0.0030133917199118357, 0.00955511530458146, 0.02540967843632118, 0.0030133917199118357], [0.8840837067933517, 0.0453004274988699, 0.03894530782906035, 0.010114524862726302, 0.01853335648062105, 0.0030226765353706664], [0.77570208056527, 0.055115739597831455, 0.03854901697829147, 0.02220399399646443, 0.10198076564711618, 0.006448403215026424], [0.8043261042612322, 0.05040930995621722, 0.022033192584368966, 0.01656378866752401, 0.1023466000658664, 0.004321004464790901], [0.8926699776348824, 0.0447107494414558, 0.03964831438993002, 0.0050635363368549515, 0.014905804051628772, 0.0030016181452480477], [0.8157881007012332, 0.14364159094775655, 0.003022523566218859, 0.009119872640787754, 0.025405388577784713, 0.003022523566218859], [0.07452378106546596, 0.22605856057949553, 0.0030123467539363066, 0.01400800914594211, 0.6793849557012238, 0.0030123467539363066], [0.7008713010691479, 0.23897704283100205, 0.003003852776707158, 0.015022129313851294, 0.039121821232584585, 0.003003852776707158], [0.7362812084932071, 0.10458937673978413, 0.11464154299037085, 0.01332512256878776, 0.028156235110385324, 0.0030065140974646788], [0.8586026384989368, 0.0808121132807948, 0.0074431867067693055, 0.003894428708013417, 0.04535320409747231, 0.003894428708013417]], [[0.8446122999568271, 0.08417185364885088, 0.014856996811569725, 0.003987225021317353, 0.048384399540117806, 0.003987225021317353], [0.8785174494316457, 0.05558951287601839, 0.04717241945920938, 0.005000234237606078, 0.010716591792690196, 0.0030037922028301233], [0.825643562262257, 0.1445627333706584, 0.0030241726230552986, 0.007388462785010645, 0.01635689633596335, 0.0030241726230552986], [0.7597884795050907, 0.1930441892406026, 0.0030306893291524883, 0.015785713633592956, 0.025320238962408776, 0.0030306893291524883], [0.8185045377202852, 0.14708243188498699, 0.0030252560122810907, 0.0090141718176431, 0.019348346552522648, 0.0030252560122810907], [0.8939680322866224, 0.08461298169086261, 0.0030093673767527234, 0.004551993870871805, 0.010848257398137879, 0.0030093673767527234], [0.8854639960590621, 0.08748695845461953, 0.0030041263668948537, 0.005630251685304766, 0.015410541067223983, 0.0030041263668948537], [0.038060987448646645, 0.08946363527319423, 0.0031207819318118404, 0.005658476903107115, 0.8605753365114284, 0.0031207819318118404], [0.913206251606812, 0.06439063362143477, 0.003016823112902842, 0.004526764327270021, 0.01184270421867734, 0.003016823112902842], [0.8714967940794601, 0.09972247671790312, 0.0030083759540740804, 0.0057552621272902475, 0.017008715167198343, 0.0030083759540740804], [0.06693273395859685, 0.08319264374992275, 0.08903278770596373, 0.010514092063315843, 0.747319874934432, 0.0030078675877689347], [0.7264592048176063, 0.08165461798536706, 0.06224160991934793, 0.04395025171546484, 0.06529432655922933, 0.02039998900298467], [0.14170865406151303, 0.1358758089097472, 0.14052600208126662, 0.02415716099609101, 0.5546429898622909, 0.003089384089091461], [0.3990054976942935, 0.13275736231687937, 0.2700151715288764, 0.02612275850879435, 0.16906342832930643, 0.003035781621849924], [0.11503745465616877, 0.12583368363837996, 0.13502139095454183, 0.021427567222709377, 0.5996371627264955, 0.0030427408017046575], [0.7019895012554972, 0.07512346414370777, 0.0829157917248425, 0.04505298838875161, 0.07130994073147164, 0.023608313755729242], [0.779260479266552, 0.082662731236583, 0.08984841689207357, 0.010935530734576414, 0.034283137219360965, 0.003009704650854176], [0.07707266148241407, 0.15808657363261988, 0.0030095938810406953, 0.012622799310846344, 0.7461987778120384, 0.0030095938810406953], [0.11809780928713265, 0.19375100899669626, 0.003004922036007659, 0.016546569948008162, 0.6655947676961477, 0.003004922036007659], [0.7366989008580948, 0.18903370127218536, 0.0030023424521933247, 0.016015934912006785, 0.05224677805332648, 0.0030023424521933247], [0.7523787707790566, 0.183769877081695, 0.0030004197847548738, 0.014306575637996855, 0.0435439369317419, 0.0030004197847548738], [0.8140328213322742, 0.13728209808112768, 0.0030142098545708046, 0.01032633902176777, 0.03233032185568885, 0.0030142098545708046], [0.8731203156557125, 0.08868176956240721, 0.003000321848752824, 0.007854948222766387, 0.024342322861608243, 0.003000321848752824], [0.9025518542711953, 0.06910566642387342, 0.0030561405413830137, 0.00758124264108389, 0.014648955581081466, 0.0030561405413830137], [0.806552010603721, 0.1468289176357916, 0.003002362863755575, 0.010598799489190206, 0.03001554654378598, 0.003002362863755575], [0.6845578713301851, 0.23738182149755555, 0.003005303119899154, 0.01826049467526088, 0.05378920625720033, 0.003005303119899154], [0.6068233136899915, 0.2869382519387095, 0.003086628395078959, 0.04261685511727889, 0.05744832246386222, 0.003086628395078959], [0.10990354107020546, 0.30100387059546313, 0.0030118978126090026, 0.022895139413571613, 0.5601736532955418, 0.0030118978126090026], [0.6357875470981739, 0.2802669228663139, 0.0030279486291270486, 0.022554255495919034, 0.05533537728133923, 0.0030279486291270486], [0.07563320809545701, 0.21596091054347696, 0.003008913723709054, 0.014389313556252255, 0.6879987403573957, 0.003008913723709054], [0.06834844567701093, 0.06494719249634787, 0.06978276060423416, 0.009963754231390967, 0.7839178896003608, 0.0030399573906553143], [0.8500238325401256, 0.06002717053539691, 0.00954023510977951, 0.023680019607990533, 0.051478531468104424, 0.00525021073860313], [0.053208819097149085, 0.04497187443650759, 0.029469098605608195, 0.010862799730776721, 0.8584567735665233, 0.0030306345634351357], [0.8936187411537158, 0.044220858117094704, 0.03779637096315974, 0.005568026757183031, 0.01579423691665177, 0.0030017660921950787], [0.8148884218306791, 0.14314953527059526, 0.003002613233731681, 0.009497260018597258, 0.026459556412665085, 0.003002613233731681], [0.7069143846909042, 0.2226514752442303, 0.003019477692308147, 0.02341457795549402, 0.040980606724755175, 0.003019477692308147], [0.6478534168224753, 0.2776001274453694, 0.0030217129313400795, 0.018990580845309312, 0.04951244902416567, 0.0030217129313400795], [0.6567869270914554, 0.26495127384907763, 0.0030419367355669982, 0.027447561616534836, 0.044730363971798345, 0.0030419367355669982], [0.683628794161686, 0.09932098664198999, 0.147496062489183, 0.019480079710322444, 0.047043103040930706, 0.003030973955887949], [0.8431202204893539, 0.0798424053448815, 0.02176107917125067, 0.003952495835937281, 0.04737130332263945, 0.003952495835937281]], [[0.8548916736347643, 0.08446492935650345, 0.01767252454611409, 0.003892237710255292, 0.03518639704210773, 0.003892237710255292], [0.8189398233261048, 0.07304107618056263, 0.07531331975892445, 0.009329640866620142, 0.020346644880567595, 0.0030294949872204102], [0.7156769105248841, 0.24054838109087934, 0.0030258259652364322, 0.012773119692161949, 0.024949936761601774, 0.0030258259652364322], [0.08687410942943545, 0.2794603637817894, 0.003043132139417824, 0.019380342722755003, 0.6081989197871844, 0.003043132139417824], [0.7304757978570909, 0.2211712796575957, 0.0030136781033277484, 0.013793706104647642, 0.028531860174010357, 0.0030136781033277484], [0.7965324037038871, 0.15715302172265616, 0.0030375663879788424, 0.011777135017514952, 0.028462306779983945, 0.0030375663879788424], [0.8394394019754332, 0.1229029095105076, 0.003036991469654277, 0.008740072038617071, 0.02284363353613366, 0.003036991469654277], [0.8420710532611668, 0.11380496694835732, 0.00303777552622276, 0.00952393400968128, 0.028524494728349004, 0.00303777552622276], [0.8497340832000186, 0.1063450098590109, 0.0030446948880836766, 0.008732056943787618, 0.02909946022101557, 0.0030446948880836766], [0.7933103059592971, 0.14680476594317593, 0.0030310194400480035, 0.017113160292788757, 0.03670972892464224, 0.0030310194400480035], [0.07822792550743092, 0.17315834089854154, 0.0030075519105646925, 0.013912992238994778, 0.7286856375339035, 0.0030075519105646925], [0.09386729525317816, 0.10199870918135442, 0.1457577905910096, 0.016027942265233994, 0.6393438802086304, 0.0030043825005934143], [0.1067711719158777, 0.30198875968255257, 0.00307232580811758, 0.022943293710795627, 0.562152123074539, 0.00307232580811758], [0.11495004970781766, 0.30939425757237676, 0.003052282756494869, 0.020613815005956816, 0.5489373122008592, 0.003052282756494869], [0.6492369716077476, 0.11326424792984462, 0.1776623469834755, 0.016872549548394615, 0.03987954302840486, 0.0030843409021329114], [0.699731232566833, 0.08618319553165071, 0.052370202169976066, 0.03418726528072718, 0.11570348355303213, 0.011824620897780705], [0.7577216398552034, 0.08051940153058619, 0.10368893833324895, 0.013447140672999541, 0.04161787927003378, 0.003005000337927961], [0.7624725943127817, 0.16198085053487243, 0.003002209166480653, 0.015350642002134651, 0.05419149481724989, 0.003002209166480653], [0.7102686480658584, 0.20512822638734415, 0.0030048741605962033, 0.017864405115894173, 0.06072897210971088, 0.0030048741605962033], [0.6917268798654381, 0.22849004956666502, 0.003005714555474451, 0.01946365805822573, 0.054307983398722226, 0.003005714555474451], [0.7482097305954764, 0.19318127489311243, 0.003002398728648143, 0.014033925788799168, 0.038570271265315766, 0.003002398728648143], [0.056262004965868695, 0.1172182180359297, 0.003005539793522291, 0.00837734402857706, 0.81213135338258, 0.003005539793522291], [0.047321056884928464, 0.0765549952258359, 0.003037889511474692, 0.005093181072806265, 0.86495498779348, 0.003037889511474692], [0.41484882591333694, 0.15000568729838304, 0.021299929814377592, 0.05845806580021869, 0.2516587124684825, 0.10372877870520132], [0.8097571985242846, 0.13581030341121353, 0.003011855915433807, 0.01197608587824835, 0.036432700355385664, 0.003011855915433807], [0.6819468705317588, 0.23468188226765785, 0.0030313280584661423, 0.020122017554694047, 0.05718657352895701, 0.0030313280584661423], [0.13388909459541004, 0.28793692368017965, 0.0030205134410705003, 0.021264488921944737, 0.5508684659203247, 0.0030205134410705003], [0.6276204170666606, 0.2814917910764726, 0.003083934300219654, 0.022319650137739396, 0.062400273118688024, 0.003083934300219654], [0.7096052373750941, 0.22706839925482242, 0.003011589633616723, 0.015859849980207195, 0.041443334122642964, 0.003011589633616723], [0.8130772816618322, 0.06257007716616102, 0.07342588792204456, 0.01052695534565689, 0.037360882798666804, 0.003038915105638591], [0.8224949417833077, 0.06650632505395948, 0.010499975360323854, 0.026267388389652004, 0.06903856077688235, 0.005192808635874584], [0.06343743471243334, 0.041739664373608626, 0.037600013118788723, 0.011592680116124555, 0.8425960362966589, 0.0030341713823859038], [0.8858009287881332, 0.08092338831496812, 0.0030172285908272507, 0.006426900761599293, 0.020814324953644978, 0.0030172285908272507], [0.841946812888293, 0.10912754179230634, 0.0030178474232493975, 0.015398418201654709, 0.02749153227124721, 0.0030178474232493975], [0.7479349442777129, 0.1866149367169146, 0.003000210267675234, 0.015738764477296826, 0.043710933992725125, 0.003000210267675234], [0.653428531836746, 0.2730558224306478, 0.0030186785462629766, 0.018838581173421846, 0.04863970746665838, 0.0030186785462629766], [0.6440659823270671, 0.2799119450054172, 0.003024171713186684, 0.021022374694246223, 0.04895135454689604, 0.003024171713186684], [0.4054607249656774, 0.3704353176859594, 0.0030108966990944628, 0.026896326531122932, 0.1911858374190514, 0.0030108966990944628], [0.6737252099253915, 0.11415470134422939, 0.13110376065177262, 0.02991954037245811, 0.04807067268315007, 0.003026115022998196], [0.8694683050395857, 0.06674403841122183, 0.01899954082840311, 0.003691229334210003, 0.03740565705236954, 0.003691229334210003]], [[0.8610038361072817, 0.07900011923561268, 0.01705548358769851, 0.0038182987363309536, 0.0353039635967452, 0.0038182987363309536], [0.7100073025937174, 0.11717113942390775, 0.12798924485935467, 0.014726935192354887, 0.027084993690083565, 0.003020384240581773], [0.6132930439953755, 0.305773630349846, 0.0030883261964326485, 0.024506901597785173, 0.05024977166412788, 0.0030883261964326485], [0.609726457348366, 0.31033668530549147, 0.003049708075072016, 0.02143643803921171, 0.0524010031567869, 0.003049708075072016], [0.10767067103962809, 0.2977992461170751, 0.003067704711827967, 0.022770636910213703, 0.5656240365094272, 0.003067704711827967], [0.7213354881300812, 0.21356754867174196, 0.003006012710718689, 0.016898550757219473, 0.04218638701952012, 0.003006012710718689], [0.7624921326686878, 0.1678111294100087, 0.0030008235230960813, 0.016999616758669307, 0.04669547411644217, 0.0030008235230960813], [0.804564780087038, 0.1284400052674548, 0.0030309466654828894, 0.012053524060137363, 0.04887979725440404, 0.0030309466654828894], [0.7797629883840965, 0.14668737137866283, 0.0030064740252633993, 0.016101455572717034, 0.05143523661399674, 0.0030064740252633993], [0.7493318461033663, 0.16386299283765407, 0.0030054620854738437, 0.021059819205939963, 0.05973441768209209, 0.0030054620854738437], [0.7435854936787819, 0.18041448715127012, 0.003006341831157475, 0.014439365204729156, 0.05554797030290405, 0.003006341831157475], [0.7018028720631684, 0.22150418995480528, 0.0030186951578509485, 0.02347801412949024, 0.047177533536834314, 0.0030186951578509485], [0.6753611133690762, 0.24627317025880513, 0.0030268893628216287, 0.017859239197941277, 0.05445269844853423, 0.0030268893628216287], [0.10600292013487347, 0.27454411941835666, 0.003058092180885595, 0.020865313538614497, 0.5924714625463843, 0.003058092180885595], [0.08473280995934102, 0.09483637902851842, 0.09992332471947561, 0.01300796156179109, 0.7044952336880844, 0.0030042910427895814], [0.7300791907968195, 0.07015392338894244, 0.07000350900256987, 0.03275902636177798, 0.08416735748831329, 0.012836992961576902], [0.8025273622290364, 0.06751434020587593, 0.07709415233222354, 0.011697642847068746, 0.03815961576909762, 0.003006886616697515], [0.7662927937291933, 0.15843307085512526, 0.0030023549671001136, 0.016647329652441947, 0.05262209582903926, 0.0030023549671001136], [0.4435042975577555, 0.2894962712938617, 0.0030044115350078087, 0.024284553375198824, 0.2367060547031683, 0.0030044115350078087], [0.7033132209309749, 0.21910620368628064, 0.0030136473512824683, 0.017903192669066537, 0.05365008801111298, 0.0030136473512824683], [0.09771811265211555, 0.20136230574452044, 0.0030019429288264095, 0.015596022869191102, 0.6793196728765202, 0.0030019429288264095], [0.0681559000572663, 0.13307769684070148, 0.0030289717723919435, 0.009953076569143455, 0.7827553829881049, 0.0030289717723919435], [0.05447630401329553, 0.08235446742689592, 0.003016559869769036, 0.005943583128949769, 0.8511925256913208, 0.003016559869769036], [0.8761579512707781, 0.08561299677976297, 0.0030658653809330547, 0.007074502662136869, 0.025022818525456042, 0.0030658653809330547], [0.31017999109483585, 0.17786293010445917, 0.031792011416002186, 0.09270941616655805, 0.20997164050693773, 0.17748401071120692], [0.7109577168622659, 0.19088133370863497, 0.003017843115642116, 0.017220723042374705, 0.07490454015544025, 0.003017843115642116], [0.45284276479072577, 0.30639709454315533, 0.0030105014511048606, 0.023859060067613083, 0.21088007769629627, 0.0030105014511048606], [0.33066759278157665, 0.25095709191446225, 0.01327618961670781, 0.06628396375610703, 0.2382232789149835, 0.10059188301616284], [0.2920215119522924, 0.11959752268298948, 0.1593017892214951, 0.052264480730102675, 0.28033181060363865, 0.09648288480948171], [0.7438217629482464, 0.07862274949671107, 0.017319186977051843, 0.028449862387678403, 0.12589817053108118, 0.0058882676592310725], [0.05612543000129219, 0.04491267026857905, 0.036421334934070786, 0.006330241600883257, 0.8532010339174202, 0.0030092892777545425], [0.0486451156808343, 0.07202106149453598, 0.0030334571135311613, 0.009436895037739415, 0.863830013559828, 0.0030334571135311613], [0.06353059101940146, 0.09426239988343808, 0.003003077941937936, 0.007976457972995324, 0.8282243952402893, 0.003003077941937936], [0.8021378691918987, 0.14410911432742377, 0.0030290733368012277, 0.012142185302155361, 0.03555268450491968, 0.0030290733368012277], [0.7274327963168138, 0.2045172480121303, 0.0030030776487606796, 0.016173065151513503, 0.045870735222021064, 0.0030030776487606796], [0.1184024964299096, 0.25425773794793594, 0.0030105530863056744, 0.019763223466329163, 0.6015554359832139, 0.0030105530863056744], [0.6317941841894966, 0.2825563680716443, 0.003062801371295901, 0.023105637238738076, 0.056418207757529315, 0.003062801371295901], [0.6479330702436383, 0.275966385632619, 0.0030211452527612722, 0.018832379498051485, 0.051225874120168526, 0.0030211452527612722], [0.6966865722333737, 0.09370923751414742, 0.14367452109408665, 0.01721858614601915, 0.04570543804218902, 0.0030056449701841488], [0.8643978973280051, 0.07195244087299103, 0.01407068255905715, 0.003771630633087114, 0.04203571797377237, 0.003771630633087114]], [[0.8249510828398119, 0.08714148331920919, 0.020231572086466934, 0.0041571845332173405, 0.05936149268807717, 0.0041571845332173405], [0.7001264423581091, 0.09596061876259415, 0.14822146370708478, 0.016062497751713235, 0.03660497077653007, 0.003024006643968875], [0.6284495993018698, 0.30250371657455466, 0.003077958924301456, 0.01965404212888232, 0.04323672414609038, 0.003077958924301456], [0.3780920376478059, 0.4024571007651379, 0.0030322817674355547, 0.03381851482846288, 0.17956778322372224, 0.0030322817674355547], [0.12760637531975058, 0.2840723916636242, 0.0030645791816727814, 0.023689198308134058, 0.5585028763451456, 0.0030645791816727814], [0.6694902168723013, 0.24365815885422443, 0.003028550357983731, 0.021644781453759577, 0.05914974210374719, 0.003028550357983731], [0.7581443569521863, 0.1700574731986038, 0.0030006147281621486, 0.017172500742516625, 0.048624439650369035, 0.0030006147281621486], [0.5117101276868108, 0.2085141239071953, 0.003064446386621435, 0.032250272877120706, 0.24139658275563047, 0.003064446386621435], [0.7313842469781617, 0.17005044547428358, 0.0030120833354759804, 0.022364966642304515, 0.07017617423429817, 0.0030120833354759804], [0.6747806408970632, 0.22260866708405735, 0.003016913928169758, 0.022895537225977935, 0.07368132693656208, 0.003016913928169758], [0.6999108559604775, 0.1952774108933528, 0.0030205651283079955, 0.021473412015242742, 0.07729719087431099, 0.0030205651283079955], [0.48074012964702767, 0.26145274164370436, 0.003014884794389568, 0.020427254629736234, 0.2313501044907526, 0.003014884794389568], [0.10552319347409551, 0.23418873121430991, 0.003019030797795427, 0.026177367501465227, 0.6280726462145385, 0.003019030797795427], [0.7330430640631075, 0.09165897643649173, 0.12441237589462636, 0.013809192109267909, 0.03407485630272737, 0.003001535193779232], [0.7261135765444022, 0.07048393708647764, 0.06816696561170382, 0.03682656647890732, 0.08166860684952053, 0.016740347428988514], [0.6866513097932484, 0.062408812081031724, 0.0321260487037246, 0.019036756965281815, 0.19378133524423594, 0.005995737212477478], [0.7890530360205488, 0.059539783925913393, 0.04556180266720219, 0.028506611291198632, 0.06704983232086625, 0.010288933774270747], [0.8000689057987067, 0.0700821212760219, 0.0772362681054385, 0.01226473205506135, 0.03734218266610125, 0.003005790098670306], [0.7336037157607406, 0.1957695899616836, 0.003003077695927757, 0.014695201799846864, 0.049925337085873406, 0.003003077695927757], [0.704545934136081, 0.21859243171796605, 0.0030131162067077886, 0.018753490695563025, 0.05208191103697445, 0.0030131162067077886], [0.7875842099158917, 0.16405224309567853, 0.003005834527381766, 0.010762268596563266, 0.03158960933710291, 0.003005834527381766], [0.8874237071659322, 0.08309113359387063, 0.0030025807983167343, 0.005964447494037673, 0.017515550149525983, 0.0030025807983167343], [0.9188432347180986, 0.0573058452277631, 0.0030179529179076136, 0.004479662834901506, 0.013335351383421613, 0.0030179529179076136], [0.9054732760563111, 0.06596341953688355, 0.003029073268900972, 0.0049659771227573745, 0.01753918074624598, 0.003029073268900972], [0.8509360531451887, 0.10159947015946373, 0.0030404939992751154, 0.009077708372137722, 0.03230578032465971, 0.0030404939992751154], [0.3510986648665999, 0.21671079754557424, 0.015105216083049397, 0.07571254333039532, 0.24072355118581099, 0.10064922698857026], [0.7221033476066221, 0.17188532677033766, 0.003001326099141809, 0.017373429414058627, 0.08263524401069801, 0.003001326099141809], [0.7872309001372805, 0.07912744352881666, 0.07528123424998379, 0.013282187069711628, 0.042073785316171945, 0.0030044496980355735], [0.73381216963726, 0.07831941005301223, 0.012530722181122637, 0.02586906145665926, 0.1442170825516648, 0.0052515541202810346], [0.9020214171905295, 0.03639764330626166, 0.030796897778191556, 0.008938138483708403, 0.01881453288030687, 0.003031370361001838], [0.9024787964847347, 0.06972629655043543, 0.003029545200488632, 0.004849570778579671, 0.01688624578527313, 0.003029545200488632], [0.8592473255926829, 0.0910192548641131, 0.0030048688132133495, 0.008763521450056105, 0.034960160466721214, 0.0030048688132133495], [0.8028282148848742, 0.1259974292960876, 0.003029602894207463, 0.013343339906748046, 0.05177181012387525, 0.003029602894207463], [0.7559079723679731, 0.1672589120403812, 0.0030105055202830104, 0.01688982074053642, 0.053922283810543224, 0.0030105055202830104], [0.7248995982254642, 0.19261867796091958, 0.0030041291723523064, 0.018268648754423456, 0.05820481671448803, 0.0030041291723523064], [0.42504384779498106, 0.3425984060624661, 0.0030008382087887433, 0.02965275182265358, 0.19670331790232193, 0.0030008382087887433], [0.6672440488283703, 0.24117208799212075, 0.003025264561551085, 0.030738430324657156, 0.054794903731749715, 0.003025264561551085], [0.11375564637729076, 0.26949163650447855, 0.003015152662974767, 0.018785963675561977, 0.5919364481167193, 0.003015152662974767], [0.7424703788187197, 0.10991160532103034, 0.09846032881238524, 0.013816750977952983, 0.03233994221649677, 0.0030009938534150595], [0.8621035046013332, 0.06415619546388916, 0.012208287856289142, 0.0037848326332677006, 0.05396234681195307, 0.0037848326332677006]], [[0.8075601913770692, 0.08961096484725692, 0.020932127584414203, 0.0043455200467035085, 0.07320567609785253, 0.0043455200467035085], [0.05590837927164803, 0.11208044596215024, 0.10973015755240427, 0.012753098369335754, 0.7065179710249332, 0.0030099478195284323], [0.6438472689836632, 0.28893206293936374, 0.003061874605186896, 0.019325022227548245, 0.04177189663905109, 0.003061874605186896], [0.6477993051102467, 0.27855976958683226, 0.0030525029151055945, 0.020386827466202417, 0.04714909200650741, 0.0030525029151055945], [0.6559629885951979, 0.26229488823262637, 0.003040831511515078, 0.02255538320635824, 0.053105076942787356, 0.003040831511515078], [0.0845327742713247, 0.19654344261471066, 0.0030026168614801286, 0.01620069313113216, 0.6967178562598723, 0.0030026168614801286], [0.7824805562890638, 0.15236543123155477, 0.003004680128418449, 0.014988772299489606, 0.0441558799230549, 0.003004680128418449], [0.7494075467482075, 0.1678571732545737, 0.0030115222858508326, 0.01825410780980565, 0.05845812761571148, 0.0030115222858508326], [0.7136889616837366, 0.18435199834318622, 0.0030159721262261697, 0.020863547452027682, 0.07506354826859712, 0.0030159721262261697], [0.4585954087289842, 0.26361595654414643, 0.0030202358457968267, 0.03888211166218492, 0.23286605137309072, 0.0030202358457968267], [0.7049772009333302, 0.20568900542727314, 0.003014428819638826, 0.025517594450857724, 0.05778734154926129, 0.003014428819638826], [0.10065315637258315, 0.1997030523858759, 0.0030007013995820004, 0.017378957086294305, 0.6762634313560827, 0.0030007013995820004], [0.7485780800025369, 0.19711131980823368, 0.00300448799576178, 0.01348270494423035, 0.03481891925347549, 0.00300448799576178], [0.7279819277025145, 0.19258692802634997, 0.0030053935345756237, 0.015714697772926722, 0.05770565942905759, 0.0030053935345756237], [0.853643261778894, 0.0619825507789538, 0.04934993338787699, 0.007483070100490402, 0.024535079307926474, 0.003006104645858368], [0.9013791852172254, 0.03572880719143823, 0.04176007481284562, 0.004122641037553906, 0.013990911643484002, 0.0030183800974529097], [0.9152706890085757, 0.0341169256473978, 0.029731244039238443, 0.004049187516749372, 0.01382317116634309, 0.0030087826216957324], [0.8598689375673478, 0.10540513821372406, 0.0030489561445781787, 0.0072027138113188414, 0.021425298118452837, 0.0030489561445781787], [0.0713943433605829, 0.1660035917214537, 0.003010947704283365, 0.011381516724132745, 0.745198652785264, 0.003010947704283365], [0.8057127989776867, 0.1479914500771381, 0.0030112735195703326, 0.010247544175971695, 0.030025659730062923, 0.0030112735195703326], [0.8754728974746121, 0.09544342110901789, 0.00300207493019042, 0.006344212083683125, 0.016735319472306037, 0.00300207493019042], [0.9160242370666968, 0.06149957899438495, 0.003016219758492911, 0.004476425415038168, 0.011967319006894394, 0.003016219758492911], [0.9162227454478538, 0.06035933223599829, 0.0030161462683448085, 0.004477617257573535, 0.012908012521884806, 0.0030161462683448085], [0.9182466380076099, 0.058819876204755726, 0.0030406392184157754, 0.004512099309432117, 0.012340108041370795, 0.0030406392184157754], [0.8961303608164795, 0.07311181331886192, 0.0030215089706138788, 0.005519558386223552, 0.01919524953720735, 0.0030215089706138788], [0.8490624889542044, 0.1028430723603211, 0.003061599922515732, 0.012861124995597571, 0.029110113844845485, 0.003061599922515732], [0.8362156090049035, 0.056530472038472196, 0.05612861158479208, 0.009197799824755422, 0.038890910