{"prediction": [[[0.8982436107914483, 0.024807130455478214, 0.016655257521912197, 0.011891476385380113, 0.04120264022471408, 0.0071998846210670235], [0.8527728763099401, 0.037272170841405966, 0.03460890792926458, 0.01741364854786162, 0.047818135134517326, 0.010114261237010234], [0.8453311668245793, 0.04220790900077715, 0.027378519635851715, 0.018949991268679828, 0.05439088011170581, 0.011741533158406176], [0.8521308928825387, 0.03640283056587459, 0.02865203627412929, 0.01784442321655252, 0.05356172523408694, 0.011408091826817934], [0.8639673981738465, 0.03656717364701487, 0.026972253868820933, 0.01712084412907161, 0.044780089793535746, 0.010592240387710358], [0.8579472807120417, 0.034657810194431746, 0.027745100664922077, 0.01768479256673667, 0.05100329299399239, 0.010961722867875362], [0.8657179171493447, 0.03455028329190152, 0.02420767056951723, 0.016520271683640887, 0.0484475521433149, 0.010556305162280847], [0.8656331036905012, 0.03339404526376938, 0.026490649750519457, 0.014570453831010662, 0.05107492534461588, 0.008836822119583403], [0.8607850194861669, 0.03388961915497379, 0.021591783079800544, 0.012547768171066703, 0.0636249866664568, 0.007560823441535196], [0.8740599112216012, 0.02765617596328596, 0.01748636259517374, 0.009097784881922427, 0.06560688957296373, 0.006092875765052928], [0.8961922896861734, 0.025574101243130254, 0.02004726853952526, 0.01022211850637597, 0.04152062907829818, 0.0064435929464970905], [0.8812058242616612, 0.024408880658361453, 0.015205689843369495, 0.007347618365692057, 0.06677367049127615, 0.005058316379639782], [0.8788758675917654, 0.027737754003265443, 0.01947993055313036, 0.009085862064159116, 0.059088847596741725, 0.005731738190938078], [0.8821428792969532, 0.026446373252095267, 0.02248310014351634, 0.008960067798902613, 0.05447613397698777, 0.005491445531544773], [0.8782908827355631, 0.028933333766569796, 0.020010827065231357, 0.009728820720805359, 0.057094457832473744, 0.005941677879356711], [0.8734429315084675, 0.02804160864100194, 0.01856641758774125, 0.00883816497113222, 0.06541306291127477, 0.005697814380382313], [0.8788938931211482, 0.02853674954342322, 0.0237120008211759, 0.013026478036921892, 0.04823014966215905, 0.007600728815171777], [0.8636352306826732, 0.03268193103918091, 0.023520235740073288, 0.013382144904313161, 0.058856587684239285, 0.007923869949520233], [0.876219040204772, 0.029195456472634978, 0.025532883259687524, 0.014840277653943919, 0.04511905341865008, 0.009093288990311461], [0.875638378036783, 0.03007010162901058, 0.026156853899585244, 0.013302421820677635, 0.04673867669790738, 0.008093567916036132], [0.8609752142392042, 0.03177317746777158, 0.028006422205949188, 0.016650054315820922, 0.052558354287117186, 0.010036777484137045], [0.8751845110951794, 0.02911656978482642, 0.02178859466898542, 0.012806477833615009, 0.05318748139407306, 0.007916365223320714], [0.8723372420090927, 0.02824524336374989, 0.022756255952283012, 0.0128343538862354, 0.05510940255130467, 0.008717502237334227], [0.8685739819636349, 0.03142794039684813, 0.020341678865720084, 0.010289545175461573, 0.06355644689285964, 0.00581040670547564], [0.8850052973570673, 0.02676908940148666, 0.017612817516830175, 0.008612409913805007, 0.05663147900594875, 0.005368906804862033], [0.8805088254017668, 0.026010700644814786, 0.014342664738341539, 0.007727151999979388, 0.06605107087167117, 0.005359586343426279], [0.8836937304965932, 0.02480777924321148, 0.015102304970676122, 0.0066380050623487605, 0.0652298416117833, 0.004528338615387155], [0.8691689673357307, 0.028144995155576114, 0.015279276353758173, 0.007319157096311935, 0.0752170900309441, 0.004870514027679141], [0.8760387526861352, 0.028600645983828856, 0.019951822109523988, 0.007895924080496108, 0.06269330873308501, 0.004819546406930958], [0.867239591550349, 0.029049321259361816, 0.02403835363371564, 0.011096168523612249, 0.061150104444205176, 0.007426460588756136], [0.8682609373174729, 0.029649262963419264, 0.023878253627231144, 0.01145278842415299, 0.05932633731125059, 0.007432420356473172], [0.8679445894747072, 0.03148719234477668, 0.027044193477121673, 0.014115754821629762, 0.05037414608009692, 0.009034123801667616], [0.856791514610602, 0.03784131698638254, 0.026948594392732433, 0.016391540045959992, 0.05191877427772656, 0.010108259686596656], [0.8521750335516599, 0.03692563462538133, 0.028507219529838656, 0.01837938099027187, 0.052940250468356535, 0.011072480834491746], [0.8424198723169964, 0.043131994365840934, 0.028659464328975218, 0.02166798692725738, 0.05087339368343564, 0.01324728837749441], [0.8514735753755034, 0.03272365685444517, 0.02727548256102285, 0.01689747489576211, 0.06067854145121515, 0.010951268862051486], [0.8442328084160616, 0.040128961575821645, 0.029051744824740666, 0.019014303996057025, 0.05636377255379526, 0.011208408633523795], [0.8748291661300637, 0.02725189853430656, 0.026003512447976704, 0.015129915269778147, 0.0468679865589714, 0.009917521058903582], [0.8571858224286688, 0.03506786122977678, 0.026402924536465894, 0.01593101311137287, 0.05515282995461592, 0.01025954873909968], [0.900508841407127, 0.019386709132967153, 0.01441685860236307, 0.009359447108901048, 0.05025587661317641, 0.006072267135465405]], [[0.86293737497406, 0.03559024100381528, 0.03061260322824389, 0.01883747518248787, 0.040660768925699906, 0.011361536685693022], [0.043731306896763564, 0.06772040393574925, 0.060446441718253606, 0.0063829803087933025, 0.8187031676649156, 0.0030156994755247617], [0.805434032583407, 0.0781999785956584, 0.0847355155744623, 0.009424183629881802, 0.019169873419106857, 0.0030364161974837703], [0.7091930946946109, 0.12358596361027503, 0.1215229993035615, 0.01398181765850378, 0.02871263835478672, 0.003003486378262074], [0.7148429975115637, 0.10325868206710088, 0.13458880491591207, 0.013788467230753575, 0.030516829073523353, 0.0030042192011465133], [0.05605017415110048, 0.11414079837975728, 0.13066680187098276, 0.012992076629886912, 0.6831072632966007, 0.00304288567167194], [0.04162128393472059, 0.0904292043916037, 0.07688737121380583, 0.008739870128631777, 0.7793090588883202, 0.003013211442917936], [0.8517086296175309, 0.06790674839757263, 0.05621099018733072, 0.007271080611196047, 0.013897877120596033, 0.003004674065773797], [0.028045412215161502, 0.05547600393630024, 0.0518475018746357, 0.005300150456616437, 0.8563078187931927, 0.0030231127240934125], [0.9392476787631222, 0.03354600514865613, 0.0167120335970401, 0.0030039324505503322, 0.004486417590080894, 0.0030039324505503322], [0.930224137292584, 0.04372214953976409, 0.015389984917744065, 0.0030031861224676056, 0.004657356004972609, 0.0030031861224676056], [0.02281341091471146, 0.029455387082371002, 0.018036984247513405, 0.003073651499648137, 0.9236071419716374, 0.003013424284118589], [0.8985214709382428, 0.04732099615209768, 0.037020584440591364, 0.004659370493461797, 0.009462270390457227, 0.003015307585149325], [0.011106269153283386, 0.028136065563271626, 0.016759437788136416, 0.0030225824422324514, 0.9379716758982315, 0.0030039691548446714], [0.011394962052004458, 0.03062725431776675, 0.019811130712332405, 0.003027390730954765, 0.9321311176077975, 0.003008144579144134], [0.8757747037926917, 0.0579007606504453, 0.04599662821104651, 0.005567718917063907, 0.011754177871796754, 0.0030060105569558724], [0.840211879187285, 0.07324699866807907, 0.05908993156602423, 0.00795618374900077, 0.01648883629224869, 0.0030061705373622474], [0.7999802501449419, 0.07748667362657408, 0.08826448147771225, 0.010062208891388376, 0.021169937713150233, 0.003036448146233155], [0.7145353562799334, 0.11637420575205627, 0.12347489546360804, 0.01365237384751118, 0.02895915053541356, 0.0030040181214776086], [0.6994391205710379, 0.1053166262671613, 0.14723896213464766, 0.014458954493566059, 0.030537997408473003, 0.0030083391251142138], [0.06205804074869316, 0.11864144796872078, 0.1300751870527708, 0.014160822293752958, 0.6720564247870289, 0.0030080771490334575], [0.7886635075024859, 0.08948307497260644, 0.08539054938181552, 0.010605685022787822, 0.022834063996749275, 0.0030231191235549322], [0.8601974223413561, 0.06316191690375038, 0.05311676602803534, 0.006648707863749304, 0.01387271147406184, 0.0030024753890470434], [0.026669926453401705, 0.051433650168608055, 0.04193819603149192, 0.004714052485690732, 0.8722301957629167, 0.0030139790978908764], [0.9308769295159811, 0.03499551591263378, 0.02228173265442396, 0.003007126300490618, 0.005831569315979806, 0.003007126300490618], [0.9220623617441441, 0.047705219625338025, 0.018892564816928994, 0.0030020520896839845, 0.005335749634220857, 0.0030020520896839845], [0.9352716926923271, 0.029852669648748584, 0.024635732532925232, 0.0030146426760036507, 0.004210619773991861, 0.0030146426760036507], [0.010133450875349326, 0.027149840390345632, 0.014934259853236695, 0.003060889308583161, 0.9417195681890531, 0.003001991383432146], [0.882750144635779, 0.054550819968417666, 0.04218374679692898, 0.00532984489127894, 0.01217730011295005, 0.003008143594645256], [0.8487741992081734, 0.06778781165520736, 0.05595597493282383, 0.007654578628960585, 0.016824846353600608, 0.0030025892212343034], [0.7864554240896434, 0.08407497385018765, 0.0893956092173759, 0.011902519023816697, 0.025121599299176067, 0.003049874519800448], [0.677141953551114, 0.1276114413907691, 0.130643996925919, 0.0164029228971298, 0.04518296139001847, 0.0030167238450497296], [0.637524633631748, 0.1277177293016934, 0.16701379055455015, 0.020872165993839783, 0.043648784606326846, 0.003222895911841814], [0.6375822501717077, 0.1323590118309535, 0.1609093325780521, 0.02042276833044399, 0.04569085645666909, 0.0030357806321737396], [0.6396580752846944, 0.12107501274937799, 0.16921856900889912, 0.02029401261421215, 0.04659920872353616, 0.0031551216192801297], [0.6939562358559341, 0.11905810271724743, 0.12890399944445735, 0.016970010669977484, 0.03810818735907032, 0.0030034639533134118], [0.7089435322696722, 0.09409177417319792, 0.14160965192143235, 0.01430229106771645, 0.03804903004319753, 0.0030037205247835474], [0.061296986600620405, 0.09257860084317324, 0.08112704179033998, 0.010852571718108585, 0.7510934098018629, 0.0030513892458949414], [0.04569134212533378, 0.06611371758904822, 0.0508944378264496, 0.00631560399832991, 0.8279739857268906, 0.003010912733947928], [0.8711475479533346, 0.02926893662755777, 0.025587309191949712, 0.015220039079286889, 0.04824633431067022, 0.01052983283720056]], [[0.8533687595012, 0.037281135689642385, 0.030145117305007248, 0.018674612470374673, 0.049503494614563916, 0.011026880419211632], [0.047198193718519375, 0.07579125837148579, 0.10474822933057007, 0.00923247975669958, 0.7600116726345459, 0.0030181661881792457], [0.7173330610370838, 0.23595885347642695, 0.00301338228805216, 0.012049472464913039, 0.028631848445471966, 0.00301338228805216], [0.6867988743163946, 0.2559790748344397, 0.0030145412792320463, 0.014792672855978567, 0.036400295434723104, 0.0030145412792320463], [0.6516204337386854, 0.2819439092583895, 0.003000578651055893, 0.017504878044139312, 0.042929621656674, 0.003000578651055893], [0.66020642986287, 0.2815577119632327, 0.0030034549247802906, 0.015817594924530092, 0.03641135339980666, 0.0030034549247802906], [0.7008114809037467, 0.2314146753528957, 0.003017923951553541, 0.014682253322144151, 0.047055742518106417, 0.003017923951553541], [0.805184585395728, 0.14562939226210533, 0.003029071474684924, 0.018957644369440245, 0.024170235023356735, 0.003029071474684924], [0.8209580187037507, 0.1458140710913522, 0.003008376591081986, 0.008148096782162018, 0.01906306024057118, 0.003008376591081986], [0.03139823272635153, 0.0915628740127878, 0.003022712786987984, 0.005579418862455308, 0.8654140488244294, 0.003022712786987984], [0.9290610166212352, 0.0556163460879189, 0.003006617427899014, 0.0031097855751501956, 0.006199616859897766, 0.003006617427899014], [0.8822329230434449, 0.0890247600532412, 0.0030476340613620786, 0.00962252696788726, 0.013024521812702436, 0.0030476340613620786], [0.867750693721479, 0.1070480664817174, 0.0030216775287837186, 0.005719357334341909, 0.01343852740489443, 0.0030216775287837186], [0.8685196517928154, 0.10084998535096115, 0.0030493616320474417, 0.005432565572300947, 0.019099074019827647, 0.0030493616320474417], [0.8540453759615864, 0.1195331823830902, 0.003027641866162686, 0.006224987942291454, 0.01414116998070672, 0.003027641866162686], [0.04278421778708281, 0.12482848354684263, 0.003004025289283454, 0.008859525820771312, 0.8175197222667363, 0.003004025289283454], [0.8085216910982631, 0.15377985852588702, 0.003018954776394744, 0.00987621443185785, 0.021784326391202695, 0.003018954776394744], [0.707813130617821, 0.23942904386708128, 0.003009575801677038, 0.014262961229618017, 0.032475712682125644, 0.003009575801677038], [0.6520900606770449, 0.2875835855207648, 0.0030314807303053045, 0.017407276969243258, 0.03685611537233633, 0.0030314807303053045], [0.09829250721572222, 0.2909625320018009, 0.0030247575626203434, 0.019634324574494065, 0.5850611210827421, 0.0030247575626203434], [0.640870541356976, 0.2948052881832325, 0.003037231846092891, 0.018374286914648312, 0.03987541985295755, 0.003037231846092891], [0.07240812259306276, 0.2534151647935838, 0.0030178090435983994, 0.015325973036195014, 0.6528151214899618, 0.0030178090435983994], [0.808198362968933, 0.152101233002794, 0.0030172722354063334, 0.00979840651464166, 0.02386745304281872, 0.0030172722354063334], [0.8556513417998685, 0.11463331946282988, 0.003005379072544125, 0.00692266816239194, 0.016781912429821508, 0.003005379072544125], [0.8768478073886582, 0.09663141600040981, 0.003012484829287001, 0.005938244856258775, 0.014557562096099272, 0.003012484829287001], [0.9338519054776783, 0.05084200818593681, 0.003003168997152389, 0.0031057505865532166, 0.0061939977555269254, 0.003003168997152389], [0.9374924688055684, 0.04810886960690731, 0.0030015089488341184, 0.0031030747738332093, 0.0052925689160229555, 0.0030015089488341184], [0.8995511822642877, 0.07820904369279078, 0.0030264351956614415, 0.005314200315052029, 0.010872703336546654, 0.0030264351956614415], [0.03595420372766474, 0.11118525071207448, 0.0030118672260530765, 0.0064992053093296705, 0.840337605798825, 0.0030118672260530765], [0.8172747132691949, 0.1433650476657572, 0.003010504501516634, 0.00984986960301885, 0.023489360458995866, 0.003010504501516634], [0.711925085343336, 0.23833957640613224, 0.0030133734458238606, 0.012835379158469188, 0.0308732122004149, 0.0030133734458238606], [0.6731893834421148, 0.26169208532567195, 0.0030119906043425512, 0.01788470317274269, 0.0412098468507856, 0.0030119906043425512], [0.6267092429212925, 0.29039890022328085, 0.0030369945012961473, 0.01932280483538442, 0.057495063017449825, 0.0030369945012961473], [0.3657990731400842, 0.4255755265580714, 0.003000367684264664, 0.03090982531568316, 0.17171483961763184, 0.003000367684264664], [0.6328984767183862, 0.2879927994090061, 0.0030328308592815546, 0.02110668971450048, 0.05193637243954431, 0.0030328308592815546], [0.10323578069994711, 0.2789029312913305, 0.00300185574848075, 0.018040401289141167, 0.5938171752226198, 0.00300185574848075], [0.7164558396144708, 0.21669208905913717, 0.0030010795267405572, 0.015519745592842955, 0.04533016668006795, 0.0030010795267405572], [0.2129445290318014, 0.15862843077259625, 0.03299603088349682, 0.0528080448828746, 0.26012787513700664, 0.28249508929222433], [0.7992087487167105, 0.0819156466324129, 0.07430426012063537, 0.010946023655873823, 0.030582922204556766, 0.0030423986698106292], [0.8767783950933542, 0.026727819666608765, 0.020531617945414353, 0.01489811179126257, 0.05032527923990715, 0.010738776263453034]], [[0.8577873003688282, 0.03355278390844255, 0.025932822967063337, 0.018280790090784538, 0.05276331311637576, 0.01168298954850566], [0.764156048884132, 0.09536322088674336, 0.10100558124699893, 0.011571155677570319, 0.024892788293979604, 0.0030112050105756284], [0.7010043589842573, 0.24435741607520253, 0.003005496045358439, 0.013688038312425873, 0.034939194537397356, 0.003005496045358439], [0.6581969850534031, 0.26576246515099144, 0.003003554901013001, 0.01967684641609094, 0.05035659357748852, 0.003003554901013001], [0.3761052147113675, 0.40450937755828337, 0.00300273706845662, 0.029180026623937615, 0.18419990696949823, 0.00300273706845662], [0.6531558052974052, 0.26781913210124497, 0.0030051212736892773, 0.019667673979517644, 0.05334714607445351, 0.0030051212736892773], [0.676184503445214, 0.25683521164552203, 0.0030010784153674253, 0.017163680929689912, 0.04381444714883931, 0.0030010784153674253], [0.086523820866301, 0.23175154283280225, 0.0030092365925452474, 0.016057538756083758, 0.6596486243597226, 0.0030092365925452474], [0.8168816965490421, 0.13217463810906924, 0.003014595952609404, 0.01031365611328905, 0.03460081732338073, 0.003014595952609404], [0.055095557038449025, 0.05476257364832955, 0.04794891781384543, 0.005714423211574814, 0.8334470858866104, 0.0030314424011908523], [0.8603292042309907, 0.10962073100342438, 0.003014744613488425, 0.0072323673423748455, 0.01678820819623323, 0.003014744613488425], [0.0333710325135594, 0.10727679649522115, 0.0030127925643174294, 0.0064112305462280805, 0.8469153553163565, 0.0030127925643174294], [0.8568253434838287, 0.1113820146662941, 0.0030030479102121023, 0.00755098977933199, 0.018235556250121073, 0.0030030479102121023], [0.8472246641967044, 0.12219846988141611, 0.0030056361261957838, 0.007279754983800942, 0.017285838685687022, 0.0030056361261957838], [0.04241587991699983, 0.11274477377182077, 0.0030025811374757186, 0.008116768306151743, 0.8307174157300762, 0.0030025811374757186], [0.8123314114412927, 0.14548984156379358, 0.0029999997311894564, 0.010814392406695352, 0.025364355125839486, 0.0029999997311894564], [0.7437437572142916, 0.20354415032330062, 0.003011401667466656, 0.013523751780206471, 0.03316553734726802, 0.003011401667466656], [0.09784550088427947, 0.264618176715224, 0.0030214003350295254, 0.017017874345867004, 0.6144756473845706, 0.0030214003350295254], [0.10329937256805163, 0.2829573896838003, 0.003019076044275112, 0.020151226917795997, 0.5875538587418018, 0.003019076044275112], [0.3654689824464994, 0.43462953823693207, 0.003011147653054467, 0.030635894796606174, 0.16324328921385328, 0.003011147653054467], [0.6308228694803997, 0.2996115418464906, 0.00304172839255458, 0.01866311232955583, 0.044819019558444646, 0.00304172839255458], [0.6593873704014689, 0.27422478125756616, 0.003019370612752386, 0.017046747778692285, 0.04330235933676795, 0.003019370612752386], [0.7175390102040959, 0.22786402966421296, 0.0030067397713930914, 0.01398719739147829, 0.03459628319742673, 0.0030067397713930914], [0.817271236630524, 0.14032355881076583, 0.0030085890122328184, 0.010310033959220826, 0.026077992575023873, 0.0030085890122328184], [0.8504339265305562, 0.10897088516343904, 0.003023336233706131, 0.008246988741033433, 0.026301527097559143, 0.003023336233706131], [0.8886150047133865, 0.08624105207174686, 0.003016728269292431, 0.0057669827833818675, 0.013343503892899922, 0.003016728269292431], [0.9315501238480066, 0.052583321954155014, 0.003004451015678591, 0.0033742663809753393, 0.006483385785505742, 0.003004451015678591], [0.9297301493016916, 0.05474062204996218, 0.0030059485071765027, 0.0032078333972469873, 0.006309498236746216, 0.0030059485071765027], [0.8770450560047993, 0.09683818122227088, 0.003012836545221964, 0.0062144503764171586, 0.013876639306068556, 0.003012836545221964], [0.8493780917032362, 0.12028601806937485, 0.003005201575871502, 0.007477345762338429, 0.016848141313307752, 0.003005201575871502], [0.785452835676143, 0.1747039157070713, 0.003008037523937908, 0.01099018885298672, 0.022836984715923353, 0.003008037523937908], [0.6960965729241206, 0.24770591827131194, 0.0030095643916472925, 0.01577809918571283, 0.034400280835560064, 0.0030095643916472925], [0.6464627360401916, 0.28487872620928995, 0.0030279089835503863, 0.01923153123922838, 0.04337118854418925, 0.0030279089835503863], [0.643396695606773, 0.28013893050713035, 0.003025124327204245, 0.020897596675865587, 0.049516528555822656, 0.003025124327204245], [0.6309495318136821, 0.2765683826376723, 0.003022537755630949, 0.019930719254860493, 0.06650629078252329, 0.003022537755630949], [0.6835137358791102, 0.23925830090639, 0.0030030517643048313, 0.018152687246414362, 0.053069172439475766, 0.0030030517643048313], [0.46698414111543024, 0.29110545314953645, 0.003087169320661584, 0.02207596919431442, 0.21366009789939575, 0.003087169320661584], [0.23769081944064938, 0.12937457091778906, 0.04458693758172697, 0.059667308562182254, 0.17938245103337766, 0.34929791246427466], [0.21156050170340254, 0.08911248621903188, 0.11094166394387449, 0.04629425801432903, 0.18353340597774176, 0.3585576841416203], [0.8768272136998329, 0.02450245945151304, 0.018501359448262346, 0.012758134052510242, 0.05773096638229495, 0.009679866965586549]], [[0.8527612064714315, 0.037096807627435384, 0.023952981830059613, 0.01696168759333437, 0.0588860248080562, 0.010341291669682704], [0.817033941892151, 0.08413412024829835, 0.06824423335263473, 0.008715620722793537, 0.018866584034926002, 0.0030054997491964926], [0.06802006715185067, 0.21462864318524905, 0.0030217413000675065, 0.012739625851466322, 0.698568181211299, 0.0030217413000675065], [0.09115068260230005, 0.2696994526438794, 0.0030046989076029894, 0.016647272112068977, 0.6164931948265456, 0.0030046989076029894], [0.6526786062279233, 0.25282130047271434, 0.0030012536938603704, 0.01829256801740262, 0.07020501789423898, 0.0030012536938603704], [0.675873531679492, 0.2486200053406559, 0.003000428443411311, 0.018730878684744167, 0.05077472740828524, 0.003000428443411311], [0.10480727045607559, 0.2615030800280788, 0.0030031576056577347, 0.01802960253301852, 0.6096537317715116, 0.0030031576056577347], [0.71992734251448, 0.21843394649020575, 0.0030018139328174542, 0.014853203696611283, 0.04078187943306825, 0.0030018139328174542], [0.8065186190897603, 0.0692602428129376, 0.0840622473445129, 0.010844720573133744, 0.026303817853697477, 0.0030103523259579646], [0.8212912645076592, 0.04617633547383583, 0.038389824338250104, 0.027139253772750473, 0.04821765780779727, 0.018785664099707035], [0.8442894212321134, 0.059785011070824186, 0.06593531220440588, 0.007915506087632548, 0.019069383326135725, 0.003005366078888258], [0.8416883211504189, 0.12157494686178333, 0.003002266895146735, 0.008855537734056158, 0.021876660463447994, 0.003002266895146735], [0.7659496331234606, 0.18906290735147072, 0.0030388430310137153, 0.01097586593507734, 0.027933907527963594, 0.0030388430310137153], [0.04784811068812801, 0.14261445219698002, 0.0030004206927915543, 0.009300586814662731, 0.7942360089146461, 0.0030004206927915543], [0.04586023940343651, 0.11109328233621048, 0.003001419752998735, 0.008081177230648542, 0.828962461523707, 0.003001419752998735], [0.8305054283524337, 0.12669424068653823, 0.0030021152879476172, 0.011039497858779848, 0.02575660252635302, 0.0030021152879476172], [0.7948231579583547, 0.15463456631639194, 0.003022729572125172, 0.013224602858385191, 0.031272213722617875, 0.003022729572125172], [0.08940214343334614, 0.23978617530461338, 0.003004152736296982, 0.018877545940761273, 0.6459258298486852, 0.003004152736296982], [0.6385289157540599, 0.28632526440221423, 0.003030211430298596, 0.02115945260864344, 0.04792594437448532, 0.003030211430298596], [0.6132724604362538, 0.3098551168222225, 0.0030214063440548774, 0.020578991510305594, 0.05025061854310833, 0.0030214063440548774], [0.10961133425799509, 0.3218276712175629, 0.003024445772242196, 0.02193753608427005, 0.5405745668956876, 0.003024445772242196], [0.6562205874622127, 0.27539797771799157, 0.0030201702468813665, 0.018149968669348083, 0.04419112565668508, 0.0030201702468813665], [0.08615577817371854, 0.25128894995369094, 0.0030075358214666755, 0.017408565045383687, 0.6391316351842736, 0.0030075358214666755], [0.07806598408779637, 0.2232386017442107, 0.003026629677374844, 0.015332368530151906, 0.6773097862830914, 0.003026629677374844], [0.04821742194374407, 0.1321582261381287, 0.0030027684378467674, 0.010090422768835969, 0.8035283922735975, 0.0030027684378467674], [0.8416246330358189, 0.12767589245095434, 0.003021416943662338, 0.007605621823878193, 0.017051018802024, 0.003021416943662338], [0.03103399274853831, 0.10484689541582408, 0.0030643290910340637, 0.0053890164881795636, 0.8526014371653899, 0.0030643290910340637], [0.9211392377429962, 0.055944361536824375, 0.0030289347986323613, 0.00982156392321786, 0.007036967199696985, 0.0030289347986323613], [0.9248586607504901, 0.059113144843096425, 0.003008437535974191, 0.0035265387619235413, 0.006484780572541618, 0.003008437535974191], [0.8571099159926356, 0.1131930050666871, 0.0030053988089976686, 0.0077041369883066885, 0.01598214433437531, 0.0030053988089976686], [0.8178807401669279, 0.14871424030977784, 0.003002648571041093, 0.008474555805190213, 0.018925166576022022, 0.003002648571041093], [0.7685671466168345, 0.19108099460740643, 0.0030192296645858638, 0.010949020881840925, 0.023364378564746425, 0.0030192296645858638], [0.07247635071915044, 0.26667555818824196, 0.0030159661421099624, 0.016734673066597913, 0.6380814857417898, 0.0030159661421099624], [0.10863322136517538, 0.25760855166149477, 0.0030056076386800238, 0.019782580648751883, 0.607964431047218, 0.0030056076386800238], [0.6940939172498686, 0.23276901421777782, 0.0030009674882712266, 0.018287252017450028, 0.048847881538361025, 0.0030009674882712266], [0.7087864569663823, 0.2129454906574509, 0.003010595452831572, 0.016665044250683103, 0.055581817219820744, 0.003010595452831572], [0.1889376812344907, 0.12867738720213348, 0.045537967178126776, 0.06463391485853022, 0.1651634028427574, 0.4070496466839614], [0.21113468875179547, 0.08772523489602013, 0.08691482751318554, 0.047579138253175744, 0.19157600648973197, 0.3750701040960912], [0.8298621608264874, 0.03773587115394934, 0.03493618171897243, 0.021379677229815774, 0.06003407864785725, 0.01605203042291783], [0.8848008091121463, 0.021760349298754224, 0.0171208611729493, 0.011774578429772286, 0.05583644028036749, 0.00870696170601032]], [[0.8588297185256496, 0.03491154096372591, 0.02368850286519981, 0.016416620058971192, 0.05567220910135833, 0.010481408485095047], [0.8268953129439564, 0.0687331460875441, 0.07512109304200648, 0.008082136288055607, 0.018163539717197877, 0.0030047719212395654], [0.7838225216859959, 0.16618806277234302, 0.003014970367927836, 0.009652412023487718, 0.03430706278231773, 0.003014970367927836], [0.7034088661903725, 0.23166351142753494, 0.0030022508584392833, 0.015000181978426886, 0.04392293868678712, 0.0030022508584392833], [0.7053062477492102, 0.22140977326770428, 0.0030006263298122645, 0.01728646321945763, 0.049996263104003374, 0.0030006263298122645], [0.675956053436105, 0.2484605918332828, 0.003000439148859797, 0.018693315468641357, 0.05088916096425126, 0.003000439148859797], [0.6701415546653215, 0.25456028124948604, 0.003002748341382338, 0.017935523489430127, 0.05135714391299763, 0.003002748341382338], [0.6670426251465111, 0.25843511730862384, 0.0030017269074309057, 0.018901711014063984, 0.049617092715939164, 0.0030017269074309057], [0.7447211569971506, 0.09917860447666464, 0.10086252940683575, 0.014883677673551143, 0.03733111368325339, 0.003022917762544582], [0.8142284641627664, 0.046764244730874094, 0.0415834172860291, 0.02873330885509247, 0.04848318337137481, 0.02020738159386303], [0.05349138823361352, 0.08504490431690932, 0.0575263064245817, 0.010103660801697757, 0.7907542276050706, 0.003079512618127089], [0.7632440000161413, 0.18341592707931792, 0.0030146047754732435, 0.013744560439650224, 0.033566302913944135, 0.0030146047754732435], [0.7457470145662483, 0.19956888818571225, 0.00300756192142472, 0.013061451346889335, 0.035607522058300804, 0.00300756192142472], [0.7817734753534633, 0.17243928515021756, 0.0030226264088001613, 0.01104333945515209, 0.028698647223566708, 0.0030226264088001613], [0.050180384415812844, 0.13590060954532698, 0.0030004126117402575, 0.009706618915117078, 0.7982115619002627, 0.0030004126117402575], [0.8177550828677886, 0.13490126923857146, 0.003001718301577799, 0.012089928972864709, 0.02925028231761961, 0.003001718301577799], [0.8083910929127068, 0.13666028946853098, 0.0030124702073446646, 0.014166933309648081, 0.034756743894424846, 0.0030124702073446646], [0.7637548772758638, 0.17171593263548926, 0.003057826453895157, 0.017125474039576132, 0.041288063141280563, 0.003057826453895157], [0.6667835205611973, 0.25637251029412655, 0.0030003426505395537, 0.0204148747381625, 0.0504284091054347, 0.0030003426505395537], [0.6450515289856233, 0.27951442708148533, 0.0030241412465737087, 0.0190839027610996, 0.05030185867864437, 0.0030241412465737087], [0.6516740308184246, 0.2762448371702906, 0.0030209803242418373, 0.018959822982840175, 0.04707934837996115, 0.0030209803242418373], [0.39012211135441205, 0.39658048269857865, 0.0030005781903232128, 0.029106822322759705, 0.17818942724360304, 0.0030005781903232128], [0.10494926798791217, 0.24029076137507302, 0.003000782646721668, 0.01826096948045393, 0.6304974358631177, 0.003000782646721668], [0.7334735661123866, 0.20150742724458182, 0.0030042934822277403, 0.016413474073596196, 0.04259694560498001, 0.0030042934822277403], [0.726416349061566, 0.19510662569806056, 0.0030172187649545913, 0.015811168804943806, 0.05663141890552027, 0.0030172187649545913], [0.8340778322904878, 0.11875672304147161, 0.0030137388579896617, 0.0096792846664464, 0.031458682285614985, 0.0030137388579896617], [0.8586199516738429, 0.11229168678278233, 0.0030139619560284256, 0.007079704871562928, 0.01598073275975494, 0.0030139619560284256], [0.877470277950523, 0.09756779623544472, 0.0030296156454316316, 0.0058200590580012755, 0.013082635465167716, 0.0030296156454316316], [0.924388623970782, 0.05862613482116915, 0.00300848468590413, 0.0038997656272157077, 0.007068506209024929, 0.00300848468590413], [0.9153042714707992, 0.06643635066197229, 0.003018435076775023, 0.004180140380019372, 0.008042367333659203, 0.003018435076775023], [0.04052224262560425, 0.11814142693387883, 0.0030058034535772283, 0.008018135978164802, 0.8273065875551977, 0.0030058034535772283], [0.043166178576094304, 0.13386423735232303, 0.003005361035476154, 0.009388357433007434, 0.807570504567623, 0.003005361035476154], [0.05910897519092733, 0.1513561529296695, 0.003012827921279795, 0.012303226922260673, 0.7712059891145829, 0.003012827921279795], [0.7138404817616207, 0.2176094358722568, 0.003008737415578257, 0.017283227303517733, 0.04524938023144818, 0.003008737415578257], [0.7753239580596454, 0.16314254984464313, 0.0030170499266664536, 0.014276172371944503, 0.04122321987043419, 0.0030170499266664536], [0.19088771299488902, 0.13181439381667187, 0.04186066761134074, 0.06434120261785746, 0.17858508732181275, 0.39251093563742817], [0.17924413395950486, 0.09061725484977048, 0.09253201756492906, 0.05305721752178751, 0.1600852058042552, 0.42446417029975286], [0.8308397487502192, 0.04856325522874565, 0.018863531222792183, 0.024555720304966108, 0.0621479119947958, 0.015029832498481053], [0.8648537312006522, 0.057170446074447996, 0.03927599138417465, 0.008372775096724348, 0.02731695830958025, 0.003010097934420613], [0.8799666778000519, 0.02680735661261842, 0.01984460856613139, 0.014093965826614355, 0.049469988903464455, 0.00981740229111947]], [[0.8761100094682296, 0.028113312966019224, 0.022551140073399707, 0.013113078470428965, 0.05076289918630211, 0.009349559835620318], [0.8632305982614773, 0.05833947745380472, 0.052438568400398074, 0.006948985978278944, 0.016041800660272, 0.0030005692457688044], [0.07836024778583468, 0.13599408510291613, 0.003018749762255859, 0.010165961584030082, 0.7694422060027073, 0.003018749762255859], [0.7513216070672866, 0.09604391510288576, 0.09534018514776735, 0.014912588255267423, 0.03937488397768029, 0.0030068204491125886], [0.7093873664298204, 0.10595439051000045, 0.11975316149697485, 0.016127932434169604, 0.045767385544751564, 0.0030097635842832], [0.6867912714286984, 0.23208167503287067, 0.003002991302288156, 0.018030243338781483, 0.057090827595073064, 0.003002991302288156], [0.4102448591953103, 0.35130120736556525, 0.003003391172361783, 0.02928403299671279, 0.2031631180976881, 0.003003391172361783], [0.6886624017785516, 0.11842031866412386, 0.12593712910181754, 0.01749348722886278, 0.04647584985149036, 0.0030108133751538782], [0.797587924881341, 0.05161343769594624, 0.048047993088005406, 0.032576165289987094, 0.047692042466918105, 0.02248243657780194], [0.8270870558144321, 0.044576486646479806, 0.03672407896969399, 0.0259175212799821, 0.04668989674980258, 0.019004960539609397], [0.8095524850193623, 0.047801163112900606, 0.043275867760720954, 0.02929666751935752, 0.050239247106502426, 0.019834569481156236], [0.7196532224413626, 0.10311962482741002, 0.11928376810414211, 0.016333145009658614, 0.03860990925007032, 0.003000330367356308], [0.7071309333945539, 0.21680640932304707, 0.00300073168274699, 0.017618568463713163, 0.052442625453192074, 0.00300073168274699], [0.7364370156101366, 0.2042233511609911, 0.003002104865840862, 0.01494900450977355, 0.03838641898741706, 0.003002104865840862], [0.7421182469975168, 0.19718628123912108, 0.00301321270415168, 0.015201472820585702, 0.03946757353447312, 0.00301321270415168], [0.8115027429274747, 0.13435888533521018, 0.003010717539001633, 0.013429010051836622, 0.0346879266074753, 0.003010717539001633], [0.10648106908158242, 0.17968432219515126, 0.0030364087457803502, 0.01604087543811994, 0.6917209157935856, 0.0030364087457803502], [0.0801140844902566, 0.1428304624388966, 0.0030241230805668064, 0.014549382560944667, 0.7564578243487685, 0.0030241230805668064], [0.7787688573616754, 0.1589299988269379, 0.003039720052874361, 0.01514050020219886, 0.0410812035034393, 0.003039720052874361], [0.6862771353715218, 0.23802642812922117, 0.003001256587834069, 0.01888955436323058, 0.05080436896035826, 0.003001256587834069], [0.6864887797675728, 0.23793693966777205, 0.003002244181665589, 0.019030517073374022, 0.050539275127949944, 0.003002244181665589], [0.6935051196012982, 0.23078953255904974, 0.003002915172197634, 0.0183706738131678, 0.051328843682089, 0.003002915172197634], [0.7112914876128625, 0.21653432929412042, 0.003000177489185853, 0.01717298058300982, 0.04900084753163548, 0.003000177489185853], [0.712176503777897, 0.21562876288456104, 0.0030088860534164454, 0.01719892114002321, 0.04897804009068591, 0.0030088860534164454], [0.09736275346545312, 0.21410797664264788, 0.003017762704683383, 0.018018515358953067, 0.664475229123579, 0.003017762704683383], [0.05432076952745693, 0.18045105228450775, 0.003000207936385869, 0.01198113977925117, 0.7472466225360125, 0.003000207936385869], [0.8422550445977128, 0.128875522630446, 0.003022231521039016, 0.00709881829540881, 0.01572615143435445, 0.003022231521039016], [0.03391705975565533, 0.10421363971657642, 0.0030131067658516393, 0.006424420391099387, 0.8494186666049656, 0.0030131067658516393], [0.9144469020305666, 0.06961313904278815, 0.003000626688714079, 0.0033352254357518363, 0.006603480113465472, 0.003000626688714079], [0.01804825449251138, 0.07879645329239038, 0.003003919634439229, 0.003777764797228765, 0.893369688148991, 0.003003919634439229], [0.9147138649386065, 0.06537445045148975, 0.0030190787014481614, 0.004686169521127984, 0.009187357685879539, 0.0030190787014481614], [0.04485907229550669, 0.11581299795962757, 0.0030028694024837035, 0.009091173648710713, 0.8242310172911876, 0.0030028694024837035], [0.8210125648723964, 0.1343124427084206, 0.0030011755449000314, 0.011764800381069017, 0.026907840948314086, 0.0030011755449000314], [0.8162308736117005, 0.13172136078146618, 0.0030078079355204596, 0.01292753647510263, 0.033104613260689794, 0.0030078079355204596], [0.09129574392791037, 0.12507182496407834, 0.0030009592090433847, 0.012359725221123184, 0.7652707874688013, 0.0030009592090433847], [0.18491286397275877, 0.09515199062178499, 0.11483360905176199, 0.04976489394251917, 0.1752784984792896, 0.3800581439318855], [0.8152459730797113, 0.04447864561771471, 0.04033668550658444, 0.029360395206027474, 0.04902576490886148, 0.021552535681100597], [0.7611861094717927, 0.10179695934353444, 0.08190679064858147, 0.013428907159789965, 0.038644466879121736, 0.0030367664971798105], [0.8255891194680255, 0.06357829561658718, 0.06437480776116787, 0.00857864467809643, 0.03487058231100376, 0.0030085501651190352], [0.8663634178108821, 0.030991025627015154, 0.019882575793036306, 0.01378796825290585, 0.06012014786670544, 0.008854864649455061]], [[0.8780595275444933, 0.027695815550654493, 0.02163299270315777, 0.012615179320964037, 0.0511949048095314, 0.00880158007119903], [0.8803486615545021, 0.05674987492237608, 0.03939996016158509, 0.0059782268576805825, 0.014517332271196521, 0.0030059442326597088], [0.8505304802336691, 0.07164529781607447, 0.05005014969207288, 0.007439572648104233, 0.017330678749385743, 0.00300382086069362], [0.8138076212709774, 0.04355892974900425, 0.04408162993107424, 0.02720114168505077, 0.052874754927031274, 0.01847592243686214], [0.8160070646196032, 0.04516227477903992, 0.038579324984087955, 0.026737503506603456, 0.05580239415582077, 0.01771143795484479], [0.7053276097670854, 0.0966776629559311, 0.13837668525959304, 0.014978112537650013, 0.041637718123116556, 0.003002211356623727], [0.12147512606313073, 0.11903280781706109, 0.126189076629409, 0.01859529364250897, 0.6111500627550962, 0.0035576330927940057], [0.7769186686321148, 0.05750162506832639, 0.05232632824729868, 0.03443525226073586, 0.05749447396474095, 0.021323651826783408], [0.8121780334430712, 0.04855100292403866, 0.03894463997272943, 0.02836613812365667, 0.05124793106529043, 0.020712254471213633], [0.8082655555843185, 0.04805269731765984, 0.04444180231051469, 0.03159437919942044, 0.04469962516263962, 0.02294594042544711], [0.7161695830946123, 0.10590382534280199, 0.11497904083509959, 0.017399434785625542, 0.042546231462466534, 0.003001884479394072], [0.6818534748561882, 0.23592593178044877, 0.0030065327120892917, 0.02044931260473654, 0.05575821533444782, 0.0030065327120892917], [0.3904172287861861, 0.3724327727676286, 0.003007241442463711, 0.030526839411670937, 0.20060867614958708, 0.003007241442463711], [0.12524500355271903, 0.24221593277046935, 0.0030005558745780196, 0.019869408469027273, 0.6066685434586283, 0.0030005558745780196], [0.6976571632831919, 0.22588647535626322, 0.0030105827891097592, 0.01825605201399921, 0.05217914376832633, 0.0030105827891097592], [0.7208253254828139, 0.20666569982671365, 0.003013510661298029, 0.01828467504024717, 0.04819727832762915, 0.003013510661298029], [0.6869054695284376, 0.22907443680661824, 0.0030046909778294073, 0.02083315038373325, 0.05717756132555223, 0.0030046909778294073], [0.7430224809251387, 0.1900843670029244, 0.0030078293725340544, 0.01726779030838135, 0.04360970301848751, 0.0030078293725340544], [0.7875370441743725, 0.15529064401865936, 0.003008837362164831, 0.014331459037400289, 0.036823178045238235, 0.003008837362164831], [0.24928119662010642, 0.16897403227834704, 0.027071198419912772, 0.06991397190014859, 0.18532851859499766, 0.29943108218648756], [0.18065811034224133, 0.12929066152189003, 0.0417013364181058, 0.06291981448129219, 0.18322127805167593, 0.4022087991847948], [0.20174811998076891, 0.14914532482659257, 0.03332930790991196, 0.06859842610165168, 0.18697684368316314, 0.3602019774979118], [0.7297678292866872, 0.19741602724025328, 0.003003818371654975, 0.01708686247698545, 0.049721644252764166, 0.003003818371654975], [0.7028450235694235, 0.22583674997996747, 0.0030048224456695857, 0.017047642941399457, 0.04826093861787038, 0.0030048224456695857], [0.6880939617213458, 0.2419069464364111, 0.003003082018937284, 0.017803278588020756, 0.046189649216347696, 0.003003082018937284], [0.7399285583552002, 0.20924438986014837, 0.0030087785490485837, 0.013188969441382977, 0.03162052524517136, 0.0030087785490485837], [0.7968586669436979, 0.166448154883697, 0.003006645671593001, 0.009531571779660833, 0.021148315049758393, 0.003006645671593001], [0.8447542330566062, 0.12690213793515934, 0.00300811