{"prediction": [[[0.9437954460168085, 0.010156600766088448, 0.008963564686485286, 0.007466781449732716, 0.023879258500240665, 0.0057383485806442765], [0.9241061126787636, 0.016594506250932027, 0.013043745691069746, 0.012548143876157993, 0.024576530093981096, 0.009130961409095353], [0.9210681627549346, 0.01644088994096702, 0.01406904208046366, 0.013107730430605086, 0.025592474326688455, 0.009721700466341056], [0.9191665008412871, 0.017597878593568195, 0.013896264283347755, 0.014484200670472968, 0.023874152116153742, 0.010981003495170246], [0.9171620355267306, 0.020297092077858653, 0.013027421653781618, 0.01581185826933565, 0.022861879532668963, 0.01083971293962458], [0.9176390926965616, 0.01886591774255054, 0.014794886220456127, 0.015594147772352676, 0.02250836070311575, 0.010597594864963198], [0.9183869221201172, 0.019955682738349766, 0.01392705618292701, 0.015520468759304943, 0.021866035762122777, 0.010343834437178344], [0.9246908880342287, 0.014943459013806438, 0.014327616134190332, 0.012449800274862997, 0.02410465658898442, 0.009483579953927231], [0.9293196155042471, 0.013348741665510146, 0.012578293050528037, 0.011003511545395514, 0.025229384056856773, 0.008520454177462352], [0.9372760951546633, 0.012048348442375144, 0.010847059323313403, 0.00933711473172939, 0.023638761110811084, 0.006852621237107704], [0.9403116678338809, 0.011366842172038719, 0.00976432971983511, 0.008021466113424249, 0.02477139170048083, 0.005764302460340111], [0.9466583011600467, 0.010239003958081097, 0.00886868149612997, 0.006543518517729941, 0.022329087862433067, 0.005361407005579158], [0.9452244317598308, 0.010569940821542766, 0.008315942548791855, 0.006365188805735128, 0.02409029616890475, 0.005434199895194561], [0.9401298441286191, 0.011743236519440084, 0.008835762935411851, 0.006843362961467667, 0.026865503317931225, 0.005582290137130024], [0.9438012971026837, 0.009454272177397346, 0.009493747008350428, 0.0055284732101012314, 0.026193737291366027, 0.0055284732101012314], [0.9395380882073059, 0.009161138720167205, 0.009236022953367198, 0.005760595117255451, 0.030543559884648634, 0.005760595117255451], [0.9397069680881739, 0.01040667526020605, 0.0109011792488618, 0.008498678651722016, 0.024051922186049686, 0.0064345765649866365], [0.939112819897846, 0.011725150378458492, 0.01001585127816804, 0.008783431929314394, 0.02450773738168521, 0.005855009134527707], [0.9338846959228291, 0.011223890967368375, 0.01016836451738646, 0.009742756725298927, 0.02810369672505896, 0.006876595142058345], [0.9360489597339355, 0.01158050250148633, 0.010609181655928524, 0.009518679120286635, 0.026010340423627393, 0.006232336564735627], [0.9348728052770249, 0.010876865667946486, 0.010864231503135344, 0.009472446454329254, 0.02710108623231271, 0.006812564865251305], [0.9380807614915255, 0.011802995665361457, 0.010975255028080092, 0.00950979444079722, 0.022993153496813627, 0.006638039877422061], [0.935121899609658, 0.01199629893985549, 0.011302963038184443, 0.009938174578341546, 0.024624337611887665, 0.0070163262220729935], [0.9313427754180352, 0.012377797294589755, 0.01305819190616653, 0.010657602215954371, 0.024379022403092733, 0.008184610762161336], [0.9237414554144268, 0.017064509012227325, 0.01321678891199811, 0.013668442278541254, 0.022608464136935028, 0.009700340245871412], [0.9203592100366751, 0.01837728401340903, 0.013573801399881479, 0.01459099124802482, 0.0230276848783302, 0.010071028423679308], [0.9174786008195177, 0.018610810884674017, 0.014097285872037388, 0.01439111358841753, 0.024863744550699826, 0.01055844428465355], [0.9206031917407997, 0.017644647897170837, 0.014378178188374415, 0.01418570412899345, 0.023434335388026358, 0.009753942656635477], [0.9251682784745924, 0.014484641831676366, 0.012581694725923952, 0.010630743602966748, 0.02871452947695264, 0.008420111887887934], [0.9328290279952562, 0.014895575168545401, 0.0105503599719012, 0.00999454289636629, 0.024488384274717924, 0.007242109693212842], [0.946162952053755, 0.01090736957316021, 0.009902842925629214, 0.00713788043529043, 0.02057622829576047, 0.005312726716404752], [0.9539348558617439, 0.009045540899314312, 0.007437679826118738, 0.005227432029043302, 0.01912705935473642, 0.005227432029043302], [0.9498711271533079, 0.008408440311810796, 0.00726543370507738, 0.00539239034020823, 0.02367021814938744, 0.00539239034020823], [0.94170113641327, 0.011297642825058095, 0.008686328830879744, 0.007393347347982014, 0.025414209741636176, 0.005507334841173982], [0.9403244315962439, 0.011947353828589224, 0.00974787756472103, 0.008746244396310589, 0.023196781348900235, 0.006037311265235027], [0.9322968001371967, 0.014701881202992286, 0.010460882461246126, 0.010767068211224308, 0.024139621657316757, 0.007633746330023766], [0.9290057059946604, 0.016196244140108236, 0.01094196904073653, 0.011906560791059074, 0.02398883781768513, 0.007960682215750681], [0.9237493485956827, 0.017184756946298105, 0.011590372211623333, 0.012161202800372849, 0.027086457555640986, 0.008227861890381986], [0.9230158271134346, 0.017985571731535067, 0.013371291958765826, 0.011865407411397013, 0.026263624750151975, 0.007498277034715395], [0.9424216414630405, 0.010469648646017229, 0.00851965178216376, 0.006781900174490331, 0.026270150181707246, 0.005537007752580746]], [[0.9256042071260713, 0.015703218140157776, 0.012400820576681706, 0.0121084535113357, 0.024961266970053426, 0.009222033675700021], [0.9021607308759223, 0.03812631334348815, 0.03115598214036157, 0.005964491899102138, 0.017582188641265824, 0.005010293099860052], [0.055020300237944346, 0.04389334485038337, 0.0460730830642766, 0.006804139309794948, 0.843176694467385, 0.005032438070215745], [0.7960274368848219, 0.06760592733251224, 0.08521766871498825, 0.011778646044587162, 0.034369355766343576, 0.005000965256746887], [0.7571697915234171, 0.07467726926674904, 0.10594536793960496, 0.014859586715533358, 0.04231446835719962, 0.005033516197495844], [0.7337571851920229, 0.08798795653528163, 0.11108102224385492, 0.016088789941051052, 0.04600670109768955, 0.005078344990099793], [0.10177461103581811, 0.08666402524900214, 0.12228369916094585, 0.016519330637680713, 0.6675544804238323, 0.005203853492720918], [0.7656361300347501, 0.07933140161211634, 0.0991889669897297, 0.013385086690105357, 0.03744237522306405, 0.005016039450234487], [0.8563978831239756, 0.048746274987448365, 0.05620603646861444, 0.00830515051015675, 0.025297593867410338, 0.005047061042394568], [0.8869905001432451, 0.04304268932825177, 0.03860095946490137, 0.0063189688898744505, 0.020044795269371044, 0.005002086904356219], [0.9043859191340736, 0.0366838057586569, 0.031785246643572344, 0.005963627614699123, 0.01617043863473337, 0.005010962214264652], [0.9436591876551421, 0.02392839245367297, 0.01484247089115965, 0.005005728199359368, 0.007558492601306595, 0.005005728199359368], [0.9491484938080975, 0.02268189495043593, 0.012664278798414882, 0.005000545728301517, 0.005504240986448663, 0.005000545728301517], [0.9529366062189559, 0.020430942456646544, 0.011584776068162226, 0.005001231829584177, 0.0050452115970669766, 0.005001231829584177], [0.014981230995151962, 0.020490873227665934, 0.013017314871010866, 0.005011923746154951, 0.9414867334138614, 0.005011923746154951], [0.017481626053702116, 0.021332707407606337, 0.01678989508900783, 0.005029271842566912, 0.93433722776455, 0.005029271842566912], [0.041211828682219016, 0.03802471281646353, 0.032044459324913885, 0.0059182249937764385, 0.8777899122384046, 0.0050108619442224426], [0.9023457912166974, 0.0361260305324988, 0.03412990113733299, 0.0058415007846258854, 0.016551937265081664, 0.00500483906376323], [0.9009922361185178, 0.035829448432238446, 0.03563653431494022, 0.005840306996043577, 0.01669782760214942, 0.005003646536110708], [0.9020149868221073, 0.036112096586240185, 0.033809435868725944, 0.005842170148203498, 0.017216177099732527, 0.0050051334749905245], [0.8994606532236621, 0.03726643879784269, 0.03275182195486109, 0.005846217495174236, 0.019667773625548106, 0.0050070949029119615], [0.8741245150747938, 0.03945974180626216, 0.05511802233741666, 0.006150143854472835, 0.020130601128346165, 0.005016975798708356], [0.8659475767682973, 0.043923119799383285, 0.05156045012921257, 0.007908994768686383, 0.02562238721196752, 0.0050374713224528795], [0.7843571301785358, 0.07586875636676572, 0.08762705075261598, 0.012406689087197872, 0.03473584244292679, 0.005004531171957637], [0.7626579241123855, 0.07357943381667383, 0.10781141899538493, 0.013776306218045419, 0.03713529148901202, 0.005039625368498345], [0.7643140881393689, 0.0710505210973093, 0.10285044730627528, 0.013592000950316407, 0.04315715419096067, 0.005035788315769481], [0.7741353564557795, 0.0698864859787227, 0.10014401816031282, 0.013096392099995899, 0.037718304713510016, 0.005019442591679072], [0.08420221706579105, 0.09225688769316648, 0.08518271778386184, 0.012105966423044645, 0.7212384769171616, 0.005013734116974324], [0.8996181047542514, 0.0236956314832695, 0.023695353021779556, 0.016693529188018332, 0.02474739798925974, 0.01154998356342148], [0.04508747231263153, 0.03382563709803935, 0.03005612787972531, 0.006052990812150314, 0.8799519863804083, 0.005025785517045151], [0.9166391238469797, 0.03085099798008818, 0.028963362901788404, 0.00598255178651607, 0.012533386753668715, 0.005030576730959068], [0.013987710010110082, 0.015917613676666324, 0.011675393933784237, 0.005011522755967277, 0.9483962368675048, 0.005011522755967277], [0.9160523461845761, 0.019038339887559805, 0.014705302374261186, 0.010341662114386726, 0.03341140032789492, 0.006450949111321328], [0.9487082545400973, 0.023497085650616797, 0.011680107481825113, 0.005002591016644729, 0.006109370294171276, 0.005002591016644729], [0.8969280024383034, 0.03974045967207025, 0.034235116667258994, 0.005959888234116705, 0.018131739216958112, 0.00500479377129259], [0.8865691192330413, 0.04200384497380615, 0.04143703189352096, 0.006312800625953732, 0.018676851906639303, 0.005000351367038556], [0.8733127596121487, 0.04400958841469979, 0.048425323332530086, 0.006881722244244629, 0.022358487730767426, 0.005012118665609138], [0.8885672924389063, 0.0434979294238899, 0.04040388418377013, 0.005955347764578774, 0.01657478592489448, 0.005000760263960412], [0.9015470950206927, 0.04096010137211093, 0.033092404699403596, 0.00596075146720592, 0.013429962005143212, 0.005009685435443665], [0.926506602227195, 0.01515878596764507, 0.013634386879419648, 0.009101481738582573, 0.02973412459273082, 0.005864618594426781]], [[0.9265383951751691, 0.015559364779805978, 0.010924075111615715, 0.011853583441172646, 0.026018189427914867, 0.009106392064321681], [0.8793696348384138, 0.04114341108358046, 0.04332756221297244, 0.007132160503736444, 0.024016674023039388, 0.005010557338257448], [0.7963518899528266, 0.14006414470167927, 0.00500736206925674, 0.010806643929013557, 0.04276259727796714, 0.00500736206925674], [0.10873727907739164, 0.17283010718396427, 0.0050120420808549655, 0.014018868877800343, 0.6943896606991339, 0.0050120420808549655], [0.7335074101760145, 0.18479905298376184, 0.005050313463750966, 0.015591184603074485, 0.05600172530964709, 0.005050313463750966], [0.434390880049675, 0.3183422965192317, 0.005045809585764194, 0.025841195848450134, 0.2113340084111148, 0.005045809585764194], [0.7213863426440932, 0.2049815645078241, 0.005095149607365395, 0.014899081924830651, 0.04854271170852128, 0.005095149607365395], [0.10406791122667436, 0.19475828923628297, 0.005045898064709395, 0.014715490004164491, 0.6763665134034594, 0.005045898064709395], [0.7717375526547552, 0.16518632940064687, 0.00500974973094049, 0.011034367601679536, 0.042022250881037365, 0.00500974973094049], [0.06282603273884749, 0.1058608748166126, 0.0050285182493003955, 0.008032896950867627, 0.8132231589950715, 0.0050285182493003955], [0.05486835007021209, 0.08351686019249858, 0.005002085373736794, 0.00727670120730257, 0.8443339177825131, 0.005002085373736794], [0.04724640927191241, 0.07128059257669342, 0.005015130847621333, 0.007294274758287313, 0.8641484616978642, 0.005015130847621333], [0.9392114514870178, 0.03866554885955461, 0.005006996417316234, 0.005006996417316234, 0.00710201040147887, 0.005006996417316234], [0.9402280813906736, 0.03716941094725381, 0.005008471631266196, 0.005008471631266196, 0.007577092768274107, 0.005008471631266196], [0.020830733459928853, 0.046216093511898565, 0.005053826666760208, 0.005053826666760208, 0.9177916930278919, 0.005053826666760208], [0.8870888651650001, 0.07570603601007062, 0.005003678345650666, 0.007003020732878992, 0.02019472140074892, 0.005003678345650666], [0.876214541115732, 0.08561962149296055, 0.005002425445385893, 0.007004435242957122, 0.021156551257578513, 0.005002425445385893], [0.8637719419449219, 0.09290055360997973, 0.005009804086868702, 0.007293542410905427, 0.026014353860455624, 0.005009804086868702], [0.058040720409920414, 0.11136580401716822, 0.005005249344018413, 0.007400063609037523, 0.813182913275837, 0.005005249344018413], [0.8723170789708831, 0.08649870032838095, 0.00500254624482926, 0.007137596351433167, 0.024041531859644284, 0.00500254624482926], [0.0551236281641298, 0.10159508563387433, 0.00500902761417828, 0.007376018788716829, 0.8258872121849224, 0.00500902761417828], [0.8590886512915543, 0.08980301412646098, 0.00502048830701936, 0.008694528818077932, 0.03237282914986803, 0.00502048830701936], [0.7896887543067728, 0.14460468985256206, 0.00500122500075777, 0.011545104727839348, 0.04415900111131022, 0.00500122500075777], [0.7622541891101076, 0.16880324061585572, 0.005018468792936776, 0.012291989425303223, 0.04661364326285991, 0.005018468792936776], [0.10887265242126885, 0.1908490534568823, 0.005058240628279749, 0.013851636973679745, 0.6763101758916096, 0.005058240628279749], [0.46604282290114685, 0.2958613639299442, 0.005022386372699344, 0.023256511079978708, 0.20479452934353148, 0.005022386372699344], [0.746652596026399, 0.17880236590214657, 0.0050414944695405285, 0.013381648722700146, 0.051080400409673314, 0.0050414944695405285], [0.7683520497676463, 0.1648028556779818, 0.005011991367854752, 0.012453599296655545, 0.04436751252200677, 0.005011991367854752], [0.09088641240439384, 0.06103860841305569, 0.08238339915662118, 0.010526330781354763, 0.750135827557874, 0.005029421686700507], [0.908680305480777, 0.027816236551065236, 0.01007964614600109, 0.016466322489042052, 0.026310113825907342, 0.010647375507207442], [0.9035744520116872, 0.03638850647991942, 0.029381000504419014, 0.0059714886404994465, 0.019668563942021707, 0.005015988421453341], [0.9087373606540404, 0.03320540828495185, 0.03018129639682696, 0.005971229428616435, 0.016886720537158888, 0.005017984698405324], [0.9086402512254245, 0.01884548471676513, 0.0172773784505785, 0.013138863784308067, 0.03270146444915352, 0.009396557373770245], [0.8944628119126481, 0.039262975920225776, 0.03750272507814918, 0.005956071116646301, 0.017813559074985073, 0.005001856897345404], [0.8589139476875488, 0.10152782192288244, 0.0050171101524940295, 0.007167467789263091, 0.022356542295317618, 0.0050171101524940295], [0.8291262622379744, 0.12426107715595315, 0.00508932448890846, 0.008751971207329234, 0.0276820404209264, 0.00508932448890846], [0.7667551970599429, 0.17665847544883137, 0.005029667922039507, 0.010757579073299975, 0.035769412573846714, 0.005029667922039507], [0.8369602556973542, 0.12044920498988762, 0.00507065394640347, 0.00770932670481522, 0.024739904715136082, 0.00507065394640347], [0.881967057639988, 0.04921761437977919, 0.04130754211255913, 0.006432381537416216, 0.0160693399181609, 0.005006064412096618], [0.9305545768289973, 0.014003757436721408, 0.011853260836090783, 0.009151897889657284, 0.02802047138345296, 0.00641603562508015]], [[0.9278931190941042, 0.014567714109468466, 0.011642956987996876, 0.011614668429744623, 0.025225380018724902, 0.009056161359960886], [0.0550209340411152, 0.040303205524721095, 0.038150260406684025, 0.006491525779555679, 0.8550019731924221, 0.0050321010555018355], [0.8459833400509138, 0.10144007598265317, 0.005033635636207573, 0.009091888048285325, 0.0334174246457326, 0.005033635636207573], [0.11330770106532735, 0.16352447699271067, 0.005009194113153467, 0.01520271941375039, 0.6979467143019047, 0.005009194113153467], [0.7525274006189945, 0.1711345934285688, 0.005017222934959622, 0.01511240317192427, 0.051191156910593026, 0.005017222934959622], [0.11899864545954782, 0.1901971116588193, 0.0050552850830924995, 0.015384795255354347, 0.6653088774600936, 0.0050552850830924995], [0.7350113064639238, 0.19417473194538218, 0.005059737566445264, 0.01434085062427289, 0.04635363583353074, 0.005059737566445264], [0.10223587163546423, 0.18602962572183868, 0.005026661608866777, 0.014317934753419059, 0.6873632446715445, 0.005026661608866777], [0.8353540677344948, 0.11789077549853352, 0.005064457424086662, 0.008681542741014743, 0.027944699177783635, 0.005064457424086662], [0.8691675052812197, 0.09056749763728741, 0.005003432328093014, 0.007147475078654278, 0.023110657346652737, 0.005003432328093014], [0.8815196719046662, 0.0805478386794246, 0.005003028515493446, 0.007142600644866441, 0.020783831740055936, 0.005003028515493446], [0.019699181366637775, 0.04382305016281636, 0.0050332724733789655, 0.0050332724733789655, 0.921377951050409, 0.0050332724733789655], [0.9375332190962801, 0.03980653714275495, 0.0050109769738522205, 0.0050109769738522205, 0.007627312839408408, 0.0050109769738522205], [0.01940393319824275, 0.045259818585345224, 0.005040277233749124, 0.005040277233749124, 0.9202154165151646, 0.005040277233749124], [0.8808605296473675, 0.07977239827966977, 0.005001042615754191, 0.00704183452106886, 0.022323152320385523, 0.005001042615754191], [0.054465670347189785, 0.11468458888279111, 0.005001440556625075, 0.00766189126170412, 0.8131849683950648, 0.005001440556625075], [0.839188672578644, 0.11613673919116001, 0.005003146241496157, 0.007841661320560146, 0.02682663442664345, 0.005003146241496157], [0.7791724010532327, 0.16178321175623483, 0.005013583974641594, 0.010195914939613183, 0.038821304301635995, 0.005013583974641594], [0.08758348687486897, 0.10526395491047762, 0.0050256350439077, 0.008213002728043595, 0.7888882853987944, 0.0050256350439077], [0.8370700783152507, 0.1168460822058128, 0.005005064889704999, 0.008095184379082894, 0.027978525320443672, 0.005005064889704999], [0.8651048919742775, 0.08894151978402536, 0.005008226285873595, 0.007870648348999355, 0.028066487320950517, 0.005008226285873595], [0.870131160334682, 0.08504038454286304, 0.00500447512580369, 0.007580524552899979, 0.027238980317947577, 0.00500447512580369], [0.849737508729965, 0.09766125796961837, 0.005032932751449734, 0.01006515657048624, 0.03247021122703096, 0.005032932751449734], [0.777899740106317, 0.1540001232220077, 0.005002421023474137, 0.012891757735151305, 0.04520353688957562, 0.005002421023474137], [0.7572135391008707, 0.17395879788940127, 0.005026169417323881, 0.013018801797075581, 0.045756522378004566, 0.005026169417323881], [0.1129788827490972, 0.17382645921061482, 0.005029612412511415, 0.013422275142837121, 0.6897131580724281, 0.005029612412511415], [0.11487745639534869, 0.19443696873705418, 0.0050188410903097246, 0.014567785763774758, 0.6660801069232029, 0.0050188410903097246], [0.7602949813408405, 0.17556784897274416, 0.005001646497860809, 0.011495045834641593, 0.0426388308560522, 0.005001646497860809], [0.06674237246856642, 0.10304277354945472, 0.005031020414754182, 0.009258980785129402, 0.8108938323673411, 0.005031020414754182], [0.058107011423885135, 0.04098785550132463, 0.038749403021120295, 0.006783448789841454, 0.8503282107312053, 0.005044070532623162], [0.9110504498750993, 0.02006107435730676, 0.015316110500554878, 0.014366474274716134, 0.02838948374836402, 0.01081640724395892], [0.9458491613778118, 0.02332010504307342, 0.011618162826528028, 0.005016733577112323, 0.009179103598362118, 0.005016733577112323], [0.8980507272140157, 0.022070397311312693, 0.017125367370070015, 0.01690036323756431, 0.032644581537677686, 0.013208563329359683], [0.8853181622782635, 0.04254575401528384, 0.03926408660736934, 0.0069539716928155, 0.020915144301120656, 0.005002881105147003], [0.819955904468453, 0.12858192221807271, 0.005119320306180146, 0.009394736769090053, 0.031828795932023986, 0.005119320306180146], [0.7442549263570767, 0.18620998302682457, 0.0050397200576774255, 0.01342155141643768, 0.046034099084306224, 0.0050397200576774255], [0.10620137007442515, 0.21192729990863587, 0.005097662047559693, 0.015143283789661184, 0.6565327221321584, 0.005097662047559693], [0.7428693408175266, 0.19711999034798156, 0.0050700250963274015, 0.011686556281741079, 0.03818406236009583, 0.0050700250963274015], [0.8504074511355578, 0.0541271640716118, 0.059080826916313584, 0.008825547614070823, 0.022497720046058944, 0.005061290216387059], [0.9243925629453926, 0.01708413115973388, 0.01316302587136733, 0.012314450486711035, 0.024537324075600535, 0.008508505461194516]], [[0.9284649403676296, 0.014337633713297892, 0.011809685083043255, 0.011141062938492272, 0.025632600128471014, 0.008614077769065987], [0.05515730454589618, 0.04167585471254763, 0.040424647590557895, 0.006731305415321397, 0.8509796684650447, 0.005031219270632304], [0.845150454031994, 0.09827499956779258, 0.005042311599087266, 0.00980002611920067, 0.03668989708283815, 0.005042311599087266], [0.0801056026663002, 0.10611725940459958, 0.005086158709899327, 0.01092761011739432, 0.7926772103919072, 0.005086158709899327], [0.7898820801049087, 0.1391094885273141, 0.005003961869684755, 0.013069754635325597, 0.047930752993082054, 0.005003961869684755], [0.7716856257594575, 0.1587088219306699, 0.005002736147988949, 0.012718038745989507, 0.04688204126790512, 0.005002736147988949], [0.10198903929235031, 0.17319296887931745, 0.005008652004068063, 0.013763834164512127, 0.7010368536556839, 0.005008652004068063], [0.04637215291759891, 0.04545359668356299, 0.011543298795122026, 0.020842984148517967, 0.037831567783429595, 0.8379563996717685], [0.06448559964904108, 0.10830360688869027, 0.005036586773417884, 0.009004582599956304, 0.8081330373154766, 0.005036586773417884], [0.03902155398526258, 0.035683301828797975, 0.015850201644727852, 0.018371785708686576, 0.05108841251667158, 0.8399847443158535], [0.02246090868946431, 0.05033960837694205, 0.005071465087648018, 0.005071465087648018, 0.9119850876706496, 0.005071465087648018], [0.9365955366912538, 0.041143623243719174, 0.00501176254421338, 0.00501176254421338, 0.007225552432386876, 0.00501176254421338], [0.9358610043051098, 0.04120872293915487, 0.005014885790648278, 0.005014885790648278, 0.00788561538379058, 0.005014885790648278], [0.8919647844718915, 0.07196978079743983, 0.005007747471742354, 0.0070087877871324285, 0.019041152000051464, 0.005007747471742354], [0.8696938208796261, 0.08990728083103756, 0.005004825517024836, 0.007147920492017718, 0.023241326763268913, 0.005004825517024836], [0.06460323864685123, 0.10174531054198625, 0.005033671883613082, 0.008968743610944178, 0.8146153634329921, 0.005033671883613082], [0.7950613513492474, 0.14527714836693567, 0.005004792157593164, 0.010989667114970923, 0.03866224885365967, 0.005004792157593164], [0.7825569188778415, 0.15741092900407894, 0.005007933950324335, 0.011338892927452243, 0.038677391289978595, 0.005007933950324335], [0.775925232090641, 0.15800003137986146, 0.005005578096333192, 0.011931033411016699, 0.044132546925814475, 0.005005578096333192], [0.7553280814365556, 0.1569432661265233, 0.005009516620526755, 0.01210474524139124, 0.06560487395447637, 0.005009516620526755], [0.8548719825890939, 0.09677412293927828, 0.005022547502186368, 0.008317777823925168, 0.029991021643329927, 0.005022547502186368], [0.06143772960064053, 0.086874511084424, 0.00500988533596005, 0.007924419002049215, 0.8337435696409662, 0.00500988533596005], [0.06583888538148899, 0.08786854911739472, 0.005019469232361397, 0.00837706138485046, 0.827876565651543, 0.005019469232361397], [0.848988697355534, 0.09927126265093311, 0.005033455441597176, 0.009867901941158847, 0.03180522716917965, 0.005033455441597176], [0.10611328478485087, 0.1535973972948179, 0.0050034941439720555, 0.013771101733869605, 0.7165112278985175, 0.0050034941439720555], [0.14076823757013918, 0.16629218267566243, 0.005013194442356089, 0.015027423947128396, 0.6678857669223579, 0.005013194442356089], [0.774991431873207, 0.15201782233864114, 0.005004580971119873, 0.013054855641170472, 0.04992672820474178, 0.005004580971119873], [0.8443355400708925, 0.10171575297731232, 0.005047826075498458, 0.009643015510614212, 0.034210039290184, 0.005047826075498458], [0.0659769685017554, 0.1007460108847675, 0.005025578498103107, 0.008464627044576295, 0.8147612365726945, 0.005025578498103107], [0.048235127507765964, 0.0371175636678496, 0.03642013884658388, 0.006048186515015525, 0.8671625426014771, 0.005016440861308021], [0.9008246672116222, 0.02180597783921238, 0.01755872344070259, 0.01571331856812299, 0.032380465952701255, 0.0117168469876385], [0.9004783165488777, 0.02184450974115461, 0.01679599439473685, 0.015697267024431895, 0.033847974099871, 0.01133593819092791], [0.8907326230369489, 0.023991061199719357, 0.01726145902616923, 0.01710876251275859, 0.0375948449616192, 0.013311249262784522], [0.06687970806170951, 0.048827155417082824, 0.049657515150992926, 0.008514174917594031, 0.8210157613759389, 0.005105685076681803], [0.10309850042994576, 0.1813183524599208, 0.005021273644732021, 0.011531954980408614, 0.6940086448402608, 0.005021273644732021], [0.7193659631511999, 0.20693997672178377, 0.005102011594623222, 0.015097086398632865, 0.048392950539136975, 0.005102011594623222], [0.12129807398382486, 0.21405978017765437, 0.005133235503635928, 0.0171632913204801, 0.6372123835107688, 0.005133235503635928], [0.10627940784146764, 0.22176308551794494, 0.0051344954008253185, 0.015205585827544573, 0.6464829300113922, 0.0051344954008253185], [0.7732370152665532, 0.08254881975946805, 0.09227690770007436, 0.013433753636516155, 0.03349275168693643, 0.0050107519504517355], [0.9228171571125171, 0.01714786840642144, 0.012897112533627268, 0.013542005880073552, 0.02360121001266757, 0.009994646054693159]], [[0.9250687268304179, 0.01573995192954994, 0.012666950651789213, 0.012625027573101091, 0.024508981929085093, 0.009390361086056908], [0.8678699975183639, 0.0456782378239183, 0.04714692450241737, 0.008286275491346818, 0.025993582225525908, 0.005024982438427723], [0.791044846261643, 0.1385431707727983, 0.00500629191234594, 0.011630032157227903, 0.04876936698363891, 0.00500629191234594], [0.8481564845337269, 0.09539863896630518, 0.00503931034873973, 0.009387265815397915, 0.03697898998709062, 0.00503931034873973], [0.8519447490983271, 0.09148999709016971, 0.005033447266945028, 0.009913475085819053, 0.03658488419179406, 0.005033447266945028], [0.7866794585647064, 0.13535457832515346, 0.005012332236781462, 0.013291971998399769, 0.054649326638177495, 0.005012332236781462], [0.8541652034867984, 0.09655725078721028, 0.0050173352633364745, 0.00853540555813296, 0.03070746964118537, 0.0050173352633364745], [0.06347953665386705, 0.09201838981859799, 0.005011317763715791, 0.008313988185285044, 0.8261654498148183, 0.005011317763715791], [0.8699017324472661, 0.0872235830996529, 0.005001421253891148, 0.007726454186311455, 0.0251453877589872, 0.005001421253891148], [0.04558712807406221, 0.032727179092659375, 0.019399064266087045, 0.02299147260652659, 0.03816967582701079, 0.841125480133654], [0.043537893212241885, 0.034964700171408326, 0.017709288677109074, 0.020068236462685934, 0.045113875611957184, 0.8386060058645977], [0.9316925196851371, 0.044436938231738256, 0.005028416419029158, 0.005028416419029158, 0.008785292826037112, 0.005028416419029158], [0.8846352624019304, 0.07678132946295312, 0.005004441518419991, 0.00714824873326964, 0.021426276365006876, 0.005004441518419991], [0.8784050723163249, 0.08342206300757102, 0.005001680340650349, 0.0070039310428290395, 0.021165572951974278, 0.005001680340650349], [0.8649919940218438, 0.0917133681014071, 0.005008380497386717, 0.007277819571910557, 0.026000057310065165, 0.005008380497386717], [0.797649205168211, 0.14135100438822185, 0.005004187510468102, 0.011187539554657722, 0.039803875867973126, 0.005004187510468102], [0.759719187010347, 0.17622296998663337, 0.005000918739978303, 0.012487264449313844, 0.04156874107374918, 0.005000918739978303], [0.12208307962181661, 0.17444992547765373, 0.005049208625851234, 0.01401709731518084, 0.6793514803336463, 0.005049208625851234], [0.7526836648706978, 0.17805330124819457, 0.005034231538489989, 0.013295714559474807, 0.04589885624465278, 0.005034231538489989], [0.7405080807377137, 0.16917729913709284, 0.005019985020405436, 0.013225128697240523, 0.06704952138714211, 0.005019985020405436], [0.7681503204484426, 0.15994005612972922, 0.005009348089525138, 0.012856584740777088, 0.049034342502000845, 0.005009348089525138], [0.8476298248938406, 0.10056547153040735, 0.005037144450769927, 0.009545975498785155, 0.03218443917542709, 0.005037144450769927], [0.06561244928154471, 0.08675672523636858, 0.005018321083785019, 0.008489790566218824, 0.8291043927482978, 0.005018321083785019], [0.8693879571576852, 0.08210554189844002, 0.0050084229829516266, 0.008604304908659694, 0.029885350069311832, 0.0050084229829516266], [0.8460662212266529, 0.09527898460686489, 0.005057455607237239, 0.010171110640705807, 0.03836877231130189, 0.005057455607237239], [0.10946448166405624, 0.13869351370644825, 0.005009635833531674, 0.013268618826720745, 0.7285541141357114, 0.005009635833531674], [0.7914887534869967, 0.13364167636799665, 0.005008501327476099, 0.013007941627165367, 0.051844625862889154, 0.005008501327476099], [0.7815475202969472, 0.15020204829342013, 0.005020098819530067, 0.011634745760646879, 0.046575488009925614, 0.005020098819530067], [0.8512806355429317, 0.09734442625601106, 0.0050227909531180585, 0.009083896126353215, 0.03224546016846799, 0.0050227909531180585], [0.8820988892371011, 0.07726886834553949, 0.005003196069414955, 0.007146377580140995, 0.023479472698388442, 0.005003196069414955], [0.045678579901978496, 0.03514814370206049, 0.03398186320543624, 0.006046437786686092, 0.8741275855070589, 0.005017389896779684], [0.9045726123180208, 0.03814195697106592, 0.0290646961576811, 0.00596960161026661, 0.017236708510690438, 0.005014424432275213], [0.8961585852879742, 0.02364703525094942, 0.018371907777848015, 0.017850715380187995, 0.030286986556449572, 0.013684769746590738], [0.8038545946240229, 0.07453433409221319, 0.06597488314147948, 0.01224466009963227, 0.03837364573106982, 0.005017882311582237], [0.1176994946678853, 0.18893541841285422, 0.005049678897165786, 0.013567808570987336, 0.6696979205539415, 0.005049678897165786], [0.7248744895864143, 0.1987658833289136, 0.005078116524561436, 0.01514819603880176, 0.05105519799674749, 0.005078116524561436], [0.43631918682462667, 0.32207533147831074, 0.005051404628432449, 0.02470104303583098, 0.20680162940436672, 0.005051404628432449], [0.12004722986191775, 0.20392503587120694, 0.005094424176714996, 0.01605013190516895, 0.6497887540082763, 0.005094424176714996], [0.10193463711696261, 0.0829962602994273, 0.11536522238761775, 0.01577464702664007, 0.6788720183426852, 0.0050572148266670785], [0.9226528407932902, 0.01533141454009476, 0.014119176710054544, 0.01269495115421349, 0.0250110602830834, 0.010190556519263719]], [[0.9243448043637851, 0.015814987045820055, 0.012533776474844294, 0.012975460504307453, 0.024672363082355857, 0.009658608528887253], [0.8000112875187234, 0.06572624532449384, 0.08143943096041395, 0.01189435052580243, 0.035925879645763756, 0.005002806024802616], [0.7687631151744058, 0.15931309595872767, 0.005005087602856217, 0.012186751683057984, 0.049726861978096185, 0.005005087602856217], [0.7805773390532508, 0.14482855233325845, 0.00500450319046312, 0.012621948892951712, 0.05196315333961286, 0.00500450319046312], [0.8467535838358707, 0.09499073614128191, 0.005044775939819146, 0.010136616097691167, 0.03802951204551796, 0.005044775939819146], [0.8548993498872467, 0.0851327871366709, 0.005046806463445861, 0.010139291586012936, 0.039734958463177844, 0.005046806463445861], [0.07163690489133967, 0.08033389714106759, 0.005029602455844858, 0.008497132703570115, 0.8294728603523329, 0.005029602455844858], [0.8807931418957888, 0.07545483140206767, 0.005005669855548211, 0.007149883417093139, 0.026590803573953926, 0.005005669855548211], [0.024100841715419014, 0.04615842623332042, 0.005077007226113838, 0.005136995015420968, 0.9144497225836119, 0.005077007226113838], [0.04669489993046745, 0.029829284496208402, 0.015361121356377063, 0.01698052800667399, 0.049285734693750825, 0.8418484315165222], [0.043025489550551334, 0.03286419710938905, 0.017733787359460577, 0.021708608370492946, 0.045247686376340954, 0.8394202312337651], [0.050658644262504667, 0.031345950892461914, 0.015845511954348492, 0.01809947761775924, 0.042885298251771994, 0.8411651170211537], [0.053922250526294443, 0.07737224264765169, 0.005005407165051074, 0.007292081911241627, 0.8514026105847101, 0.005005407165051074], [0.865085627669079, 0.08940953572164027, 0.005009147472188502, 0.0073808496447896775, 0.02810569202011414, 0.005009147472188502], [0.7994016107104283, 0.1355383231913237, 0.005004994835713218, 0.011054870852312451, 0.04399520557450908, 0.005004994835713218], [0.10402433439211213, 0.1460576788279304, 0.0050026189384063625, 0.01300041478884081, 0.726912334114304, 0.0050026189384063625], [0.76075019427504, 0.1629318580579568, 0.005017392515530159, 0.013634832911919685, 0.05264832972402326, 0.005017392515530159], [0.45051198571472084, 0.27886320168515555, 0.005005597153087284, 0.02355669493391137, 0.2370569233600377, 0.005005597153087284], [0.7388233230936943, 0.18620378435457222, 0.005059327333047858, 0.01392111830170376, 0.05093311958393415, 0.005059327333047858], [0.7390829011648818, 0.18580018463297396, 0.005058094240400836, 0.014282248419497441, 0.050718477301845075, 0.005058094240400836], [0.7644305256458469, 0.16576043512887276, 0.005014702391824461, 0.012384889713269646, 0.047394744728361624, 0.005014702391824461], [0.7601630869215831, 0.16780703648435424, 0.0050044460208164615, 0.012633561928591797, 0.049387422623837954, 0.0050044460208164615], [0.8577035033184942, 0.08940407341781849, 0.005024495551724856, 0.009367585392163482, 0.03347584676807406, 0.005024495551724856], [0.8492287425189213, 0.09927963046542174, 0.005023282002920657, 0.00855031858803848, 0.03289474442177712, 0.005023282002920657], [0.8007108180166769, 0.12540291692420968, 0.0050141252688461, 0.013257783678888434, 0.05060023084253283, 0.0050141252688461], [0.12541269982566414, 0.15428911825102853, 0.005047808373140089, 0.013791033536081531, 0.6964115316409456, 0.005047808373140089], [0.12365625293439342, 0.14346044384573312, 0.005030547151710904, 0.014074719367299704, 0.7087474895491519, 0.005030547151710904], [0.7753473503598098, 0.15332785740225371, 0.005015256641847026, 0.01294715339420084, 0.048347125560041566, 0.005015256641847026], [0.8112511833352313, 0.1255191647226904, 0.005023701911793807, 0.010344254627827888, 0.04283799349066284, 0.005023701911793807], [0.8674890350957241, 0.08651743554905936, 0.0050040094083723795, 0.00788114554975279, 0.028104364988719113, 0.0050040094083723795], [0.8868007810789739, 0.07390586267219999, 0.0050063089036070955, 0.007146793265131508, 0.022133945176480367, 0.0050063089036070955], [0.8990589123365573, 0.03826263885498453, 0.032348882357777914, 0.005964427091969157, 0.019356361407060353, 0.005008777951650838], [0.8976029100541941, 0.022470354300928, 0.018044613960143792, 0.01669542406867284, 0.03314192600272806, 0.012044771613333257], [0.893748542407292, 0.026320301229602255, 0.018115725684552206, 0.01854403356555629, 0.02991446635229778, 0.013356930760699636], [0.786669213574476, 0.08131977994667014, 0.07542336430906015, 0.013269018335008308, 0.03830801046727081, 0.005010613367514513], [0.7259206126757964, 0.19428362551174858, 0.005070730405946654, 0.015177732786281772, 0.054476568214279944, 0.005070730405946654], [0.7268807154836435, 0.1939682031556216, 0.005068148527038648, 0.015723975108468458, 0.05329080919818907, 0.005068148527038648], [0.11106947773325372, 0.20402512390321717, 0.005078857042267638, 0.016038951507446962, 0.6587087327715468, 0.005078857042267638], [0.7825655705690735, 0.07500364219877789, 0.08453852607588873, 0.013439911688248443, 0.03944888474044285, 0.005003464727568562], [0.9215548131465351, 0.01683950562757347, 0.013223046325490055, 0.013203664706587447, 0.02522056882640958, 0.009958401367404446]], [[0.9207659226074166, 0.016850763868169468, 0.013688131522848644, 0.013765412554105601, 0.0248675480381866, 0.010062221409273047], [0.7727665968069165, 0.06747723471026822, 0.1012039338097541, 0.013056118995178008, 0.04047860568561783, 0.005017509992265454], [0.7479732192844246, 0.17461081713473786, 0.0050251140604026185, 0.013924021465492748, 0.053441713994539515, 0.0050251140604026185], [0.11818783355591045, 0.17408109805921093, 0.0050255953719733825, 0.01411516348599954, 0.6835647141549323, 0.0050255953719733825], [0.7768464741652767, 0.14536157631134328, 0.005008240007591488, 0.012818081939457424, 0.05495738756873964, 0.005008240007591488], [0.7839661305405793, 0.13284910534579922, 0.0050230810138570765, 0.013812655166847104, 0.05932594691906031, 0.0050230810138570765], [0.860846757563498, 0.0845296762086818, 0.0050230180248014575, 0.009414479136428679, 0.035163051041788525, 0.0050230180248014575], [0.883490224456562, 0.07219400519574135, 0.005009221128373112, 0.007156724865929674, 0.027140603225020737, 0.005009221128373112], [0.04708908476579497, 0.06495454996173919, 0.00502613771982899, 0.007309308025804397, 0.8705947818070034, 0.00502613771982899], [0.9395672799257012, 0.037142460983786034, 0.005010634727297039, 0.005010634727297039, 0.008258354908621614, 0.005010634727297039], [0.04956748549903327, 0.031110231688333965, 0.016697339392845626, 0.020205040125371755, 0.04176760205996925, 0.840652301234446], [0.04714675352995943, 0.03118515117754569, 0.01613123923660171, 0.02001027599504409, 0.044302623074623154, 0.8412239569862259], [0.8810344120834347, 0.07559781971329609, 0.005004749858314906, 0.00739291841123159, 0.025965350075407758, 0.005004749858314906], [0.04692346700254762, 0.03456113774227632, 0.012224546334879618, 0.017792330905860704, 0.047708491171232194, 0.8407900268432035], [0.8428093677294555, 0.10166569416780763, 0.005055565669254911, 0.00951037115802633, 0.035903435606200816, 0.005055565669254911], [0.7699170211890264, 0.1526437767637458, 0.005011453214749438, 0.013193430057655341, 0.05422286556007346, 0.005011453214749438], [0.13541814789269943, 0.1621505745287792, 0.00500545638417622, 0.015040151406842115, 0.6773802134033268, 0.00500545638417622], [0.7366482518142197, 0.16938879236895538, 0.005018470965850037, 0.013741565096349623, 0.07018444878877518, 0.005018470965850037], [0.7372822770925291, 0.18368927488104592, 0.005059135766504131, 0.015024728718782361, 0.053885447774634394, 0.005059135766504131], [0.46111888183361655, 0.29323587122788486, 0.005020456456794875, 0.02204713382983431, 0.21355720019507451, 0.005020456456794875], [0.7620019613030331, 0.1684377350009791, 0.005019539606943692, 0.011576921948042239, 0.04794430253405813, 0.005019539606943692], [0.1274585413618294, 0.14572719002709747, 0.005001789677393458, 0.012694413644247298, 0.7041162756120388, 0.005001789677393458], [0.7912688385143306, 0.13269442495714523, 0.005011486572796611, 0.012682342897618604, 0.05333142048531237, 0.005011486572796611], [0.8004258710302522, 0.12082373552028969, 0.005028472162758755, 0.01257303042361003, 0.05612041870033046, 0.005028472162758755], [0.7761563977304043, 0.1485779848576385, 0.0050241512631981995, 0.013227993458239292, 0.05198932142732141, 0.0050241512631981995], [0.7880226381709092, 0.13901966612644068, 0.0050042477023092705, 0.012695777040274251, 0.050253423257757265, 0.0050042477023092705], [0.47415681955497996, 0.25559005988302136, 0.00500385886418725, 0.02367001726000637, 0.2365753855736179, 0.00500385886418725], [0.7642973830721298, 0.15865163724892298, 0.005015677804932293, 0.013