{"prediction": [[[0.9300161180872485, 0.013851081665210287, 0.01080172799196054, 0.009533122627820509, 0.029118136582607684, 0.006679813045152525], [0.8999058134451303, 0.023542144774142043, 0.016917775554458704, 0.017142348606569383, 0.030572075912484332, 0.011919841707215063], [0.9013013733627198, 0.021243112592290513, 0.015757966305192085, 0.016754015768168463, 0.032533448464029384, 0.012410083507599833], [0.904083314332532, 0.021687282696928153, 0.01504696135915339, 0.015645656288183582, 0.032247302207770494, 0.011289483115432382], [0.9121507397617398, 0.019377260430038803, 0.015006125377295216, 0.014479559870667048, 0.0291602154691727, 0.009826099091086385], [0.9138389389669873, 0.017559461246970588, 0.013776997999458843, 0.012680869247709906, 0.0335361689061443, 0.008607563632729024], [0.9347287211026116, 0.014267233631149498, 0.011954371302324693, 0.009272933863337541, 0.023821180875983134, 0.0059555592245935825], [0.9161212551210655, 0.019403820484752237, 0.013346661199848817, 0.011916982819152155, 0.03170928004289794, 0.007502000332283427], [0.9086996181208856, 0.02029462910731888, 0.015338281108184179, 0.014460690354981523, 0.03178983587923334, 0.00941694542939657], [0.917451887734822, 0.017564188842830245, 0.013259521884510423, 0.011795086866726643, 0.03164908562000294, 0.008280229051107861], [0.9123725697419697, 0.017422376217860445, 0.015964304904424617, 0.013893266081609961, 0.029661782261750008, 0.010685700792385367], [0.9035925221751007, 0.019228372765401402, 0.01577120994228788, 0.014913740051440421, 0.03512223209452988, 0.011371922971239621], [0.9097338490591367, 0.01808531807155429, 0.015779753736889356, 0.014807753331817027, 0.030949443727856896, 0.010643882072745726], [0.9113551527232812, 0.018660243866275027, 0.015059035474403118, 0.014582559225993188, 0.02985295180200187, 0.010490056908045591], [0.9116094841764594, 0.019164002245145886, 0.01518681038502023, 0.015070817948872975, 0.02828921269363867, 0.010679672550862745], [0.9107893364976557, 0.01902404710263472, 0.0145777525523952, 0.014335702249133688, 0.030504487367216834, 0.010768674230963627], [0.90918654127034, 0.018272279105934864, 0.015093913987183034, 0.015086502800713554, 0.03105180769613282, 0.011308955139695633], [0.9178444546938187, 0.016524714345069573, 0.013732821681219724, 0.01324955650373482, 0.028515014165998675, 0.010133438610158625], [0.9182364251372219, 0.015511309208726901, 0.015416217974871933, 0.013112378711932446, 0.028362773757113848, 0.009360895210133047], [0.904619127130857, 0.018603815767948777, 0.01511043556754252, 0.014639252550728404, 0.036375610276449206, 0.010651758706474137], [0.9134178561559121, 0.018049249448421498, 0.013884273158213159, 0.014883535515924024, 0.028743921315102255, 0.011021164406426958], [0.9179919553371177, 0.01689641978373948, 0.01355154805488237, 0.013365981798401911, 0.028405632523854175, 0.009788462502004403], [0.9245211959334074, 0.0171060628803393, 0.012607086313207436, 0.012251852366893447, 0.02523301905149992, 0.008280783454652607], [0.9254200968237174, 0.01668057125199359, 0.012868575807117286, 0.011704613189348283, 0.025660348452065718, 0.007665794475757571], [0.9270050232745267, 0.015282337799942052, 0.012753753790361535, 0.01106414622188872, 0.026861233249411143, 0.007033505663869841], [0.9275429372131144, 0.013340779233581925, 0.013143991573670136, 0.009420729067126406, 0.030768295517318522, 0.0057832673951885806], [0.9152317037233243, 0.01496700739813818, 0.014699646091391516, 0.011187816116575953, 0.036358850112047404, 0.007554976558522701], [0.9224159974936353, 0.014948666983024883, 0.012392718660142259, 0.010894860240272333, 0.031470883492608584, 0.007876873130316632], [0.9036921269032349, 0.018313061199552626, 0.015388779845389262, 0.01401576933238883, 0.03816846156722723, 0.010421801152207286], [0.9151894330129097, 0.01786365672830075, 0.013417535400793032, 0.013984942320566473, 0.029345361723489317, 0.010199070813940751], [0.9138090669265857, 0.01696998528697863, 0.014416042309721358, 0.012813627306497979, 0.03264877597458229, 0.009342502195633984], [0.913958364840015, 0.01757305042198481, 0.015305028042673134, 0.013786948068312977, 0.02956890451382116, 0.00980770411319315], [0.9105354019078943, 0.01765738473163918, 0.012910433531713124, 0.011899139707586891, 0.039173669284523885, 0.007823970836642553], [0.9216523120337036, 0.015131887166192128, 0.0128890089322623, 0.011211439119293535, 0.03133504414215154, 0.007780308606396914], [0.9175684322345744, 0.016636626270456104, 0.014977405058199684, 0.012024964765738052, 0.0306454372563002, 0.008147134414731616], [0.9216010004847648, 0.017208915963137405, 0.013141638094416494, 0.012485221743468973, 0.027680703373478, 0.007882520340734294], [0.8988431314432926, 0.022530328470643565, 0.015637740767774515, 0.017176191442215022, 0.03425489415350288, 0.011557713722571377], [0.9014291721970822, 0.0221143573865831, 0.015179990564139195, 0.01663325739571047, 0.032586128820210836, 0.012057093636274234], [0.9113980640790654, 0.021015204747689167, 0.014288812120551213, 0.01331047570891494, 0.030702948436275284, 0.009284494907504], [0.9308418711892533, 0.012840054406087703, 0.010840044512566762, 0.00855042819772938, 0.031006203535242565, 0.005921398159120453]], [[0.9015095957565624, 0.022179129620944447, 0.01708865235790824, 0.014703843703752658, 0.03445752692157311, 0.010061251639259156], [0.06403479747326322, 0.03521749940511586, 0.04537785443519453, 0.006093867481267642, 0.8462148493737496, 0.003061131831409221], [0.8267289947980219, 0.056690258645104165, 0.07514529622061827, 0.008893869384205375, 0.02953707524482523, 0.0030045057072252087], [0.060113662952040604, 0.03572865167924514, 0.04493593909818335, 0.006116434379405965, 0.8500570669610282, 0.0030482449300967547], [0.9027357863767623, 0.03723060238865281, 0.034460815616220004, 0.005422964285671812, 0.017147783789973402, 0.003002047542719626], [0.9229765456401595, 0.032655570095540654, 0.022944995035589475, 0.0044213753775721645, 0.013995901592348248, 0.0030056122587900406], [0.9610369863851057, 0.018862611712202257, 0.009567024115148029, 0.0030015940238768096, 0.004530189739790523, 0.0030015940238768096], [0.9366003320325164, 0.027724014869443078, 0.019248069676387234, 0.004231171028978907, 0.009179612872591253, 0.0030167995200832093], [0.033604758171201524, 0.02351455806681554, 0.023387998603576463, 0.004201692691842716, 0.9122808952915029, 0.003010097175060823], [0.04528425739785505, 0.026391427310154113, 0.030228293000807285, 0.004201866250518945, 0.8908855962528455, 0.0030085597878191203], [0.06856983788078924, 0.04411368536887488, 0.05307744430075661, 0.006969781839833728, 0.8242480309296765, 0.0030212196800690357], [0.8393129969675673, 0.049772103704992986, 0.06686220418495388, 0.00882933057752359, 0.03222208424157882, 0.00300128032338343], [0.8371447022078218, 0.05168146010362104, 0.05810164709785236, 0.009098037440761517, 0.04096996675235839, 0.003004186397584795], [0.8301363365293332, 0.04951953893343101, 0.07297802049032101, 0.009348657086357836, 0.03501445815781889, 0.0030029888027382256], [0.8460177593250366, 0.06009655923375785, 0.0548177857558711, 0.008717627387083737, 0.02734389193330341, 0.003006376364947375], [0.08430177519500977, 0.043070310594020125, 0.07021984158222125, 0.008102025104053558, 0.7912943026855521, 0.0030117448391432764], [0.869550143699251, 0.04640607859795142, 0.04674002109734073, 0.00712175486482634, 0.027164594023047342, 0.0030174077175831784], [0.9159565178615977, 0.030148501584870615, 0.029639456135827857, 0.00461512884267681, 0.01663936436397153, 0.0030010312110555332], [0.04340062149363494, 0.024238306623531915, 0.02549958398631653, 0.004204154836129834, 0.8996466101400297, 0.0030107229203571516], [0.0430715930276591, 0.02705235129734683, 0.0312937020209201, 0.0041992207757784285, 0.8913773844233779, 0.003005748454917608], [0.8540285387099321, 0.049878903690727026, 0.05176903078799455, 0.008345823104051454, 0.032971137603048616, 0.003006566104246314], [0.860170044626988, 0.044074264561577266, 0.05173889735437902, 0.007878119061582171, 0.03312826879361884, 0.0030104056018547404], [0.8808195239842602, 0.04836276234162213, 0.03402432309192854, 0.006938666848508983, 0.026819390342369555, 0.0030353333913106114], [0.8857529284560702, 0.026090956645544724, 0.023028098830173593, 0.017201968610037713, 0.036872262932273324, 0.011053784525900234], [0.8800052534324074, 0.02556781789072852, 0.019059435186609852, 0.013252706602145099, 0.053944666892534646, 0.008170119995574581], [0.8996764063070815, 0.022630510970348613, 0.01468553049704845, 0.011077386199047894, 0.044433077944894234, 0.007497088081579351], [0.8847111526361897, 0.024369464603208393, 0.015934283387008374, 0.012908807832544571, 0.05294827592878333, 0.009128015612265429], [0.8643741243110815, 0.030489916461836394, 0.02140818004594384, 0.019446333131540063, 0.04949664855739013, 0.01478479749220814], [0.8666666230606588, 0.03035171213199897, 0.02314394122145742, 0.021504735101006676, 0.04215079549329506, 0.016182192991583116], [0.874178549160114, 0.045986209936817166, 0.04268419445339352, 0.0065078666984401045, 0.027620119028606154, 0.0030230607226291862], [0.07040939353724536, 0.040334944999685755, 0.056470030465910495, 0.006445236574959969, 0.823317952838816, 0.003022441583382462], [0.06594651624462664, 0.03875290445118381, 0.04842472894779522, 0.006114872585422704, 0.8377247061520087, 0.003036271618962956], [0.918222285935432, 0.03362069497928191, 0.02720955482124439, 0.004330417108674318, 0.013614582610790158, 0.0030024645445771206], [0.9307184856160278, 0.02954180967043921, 0.01953748000025727, 0.004225725148599172, 0.012965270985403258, 0.0030112285792733688], [0.9168243160675613, 0.03348536291689721, 0.02769253061578615, 0.0047291238363975155, 0.014267032638600203, 0.0030016339247576464], [0.9036100642073298, 0.041409739345403644, 0.03036785538037466, 0.00590584971102064, 0.015701546478825972, 0.0030049448770453663], [0.8792813082719364, 0.043294395037499704, 0.044215116410773955, 0.0076729384841473045, 0.022511757478231576, 0.003024484317411252], [0.8269541243920102, 0.05911317267987277, 0.06838985440602519, 0.010218140223059348, 0.0323233411146099, 0.003001367184422714], [0.8695628032888447, 0.04785123942563803, 0.04654278345010427, 0.008330725591144042, 0.024670778249270154, 0.003041669994998828], [0.9058961530840813, 0.02492483931446798, 0.017709385678610117, 0.013452145211300844, 0.030707535613210234, 0.007309941098329365]], [[0.9008208087839685, 0.023060560837430917, 0.01648061017121949, 0.01778759370705707, 0.02984677492891989, 0.012003651571404175], [0.8073221439047047, 0.06898947570941354, 0.07513815170298314, 0.011015685146542078, 0.03452259222861769, 0.003011951307738602], [0.7769788905999402, 0.1682395092625178, 0.003039742983608049, 0.0085726061963755, 0.04012950797395046, 0.003039742983608049], [0.09832993215811482, 0.17445798446288863, 0.0030437321955046376, 0.009886834654178122, 0.7112377843338091, 0.0030437321955046376], [0.8568834932894024, 0.10167076662134773, 0.0030430337039349165, 0.006531850125594298, 0.02882782255578582, 0.0030430337039349165], [0.8990413173048756, 0.07056277305388824, 0.0030017705142442357, 0.00486843292997516, 0.019523935682772598, 0.0030017705142442357], [0.038541025892434584, 0.053808443045725365, 0.0030116653060571546, 0.0049339898041560306, 0.8966932106455697, 0.0030116653060571546], [0.9282225368556931, 0.046937742752031074, 0.003017673902273443, 0.0048911066186023665, 0.01391326596912654, 0.003017673902273443], [0.9150460513140487, 0.05651295949224602, 0.0030056760746782914, 0.004872854058027506, 0.01755678298632127, 0.0030056760746782914], [0.06733757578679114, 0.08870827359779654, 0.0030452425249096297, 0.006565069422179171, 0.831298596143414, 0.0030452425249096297], [0.08682200981349414, 0.1298631683331141, 0.003002614867262308, 0.008492963386133888, 0.7688166287327334, 0.003002614867262308], [0.8041762959756369, 0.1310132267672835, 0.003005275325123146, 0.009138553225382222, 0.04966137338145103, 0.003005275325123146], [0.5397775098614632, 0.1831020764320769, 0.003015898384138241, 0.013803318600972744, 0.2572852983372106, 0.003015898384138241], [0.7967634449693607, 0.13563117227726268, 0.0030088901586653176, 0.009664845435474186, 0.05192275700057181, 0.0030088901586653176], [0.7954776518984362, 0.1448328298883747, 0.0030108377053973652, 0.009330172951773021, 0.044337669850621333, 0.0030108377053973652], [0.11088423540545057, 0.13218237167637803, 0.003010252899125847, 0.010554566056436558, 0.7403583210634832, 0.003010252899125847], [0.8138833490612621, 0.12115967311066592, 0.0030025256540111953, 0.009843473487423475, 0.049108453032626204, 0.0030025256540111953], [0.09105668156853342, 0.10696998529218424, 0.0030082626243859052, 0.008407318404404118, 0.7875494894861064, 0.0030082626243859052], [0.05757999833340285, 0.07014578102844797, 0.003006740730400003, 0.005987355859044416, 0.8602733833183048, 0.003006740730400003], [0.8233766732644615, 0.11949870095238731, 0.0030021661172034905, 0.008024974841642654, 0.04309531870710162, 0.0030021661172034905], [0.09391301154573868, 0.13166355991165127, 0.0030017264122012785, 0.009551704287266292, 0.758868271430941, 0.0030017264122012785], [0.7960470885623215, 0.1377105953867618, 0.0030091927196450948, 0.009448455450122932, 0.0507754751615036, 0.0030091927196450948], [0.8220841679830848, 0.12050472486574751, 0.0030013676556333684, 0.008738796535025618, 0.04266957530487529, 0.0030013676556333684], [0.8698451547709277, 0.04538748014222641, 0.045553847039980964, 0.006748236326394944, 0.029447058157224454, 0.0030182235632453544], [0.9081987744178018, 0.0321790737530105, 0.026844167869356235, 0.005615282986656718, 0.024152599020221318, 0.0030101019529534486], [0.8755818017708876, 0.02767520423840345, 0.022328525721067777, 0.019975901678949744, 0.04029919127434226, 0.014139375316349302], [0.04975191220955045, 0.028691975786636355, 0.029059139903210154, 0.004327006214614233, 0.8851561293313985, 0.0030138365545902936], [0.08579027551572792, 0.04886976476069879, 0.05227942738285316, 0.007999205828220477, 0.8020441881528749, 0.0030171383596247], [0.8333935001250543, 0.05245398405165803, 0.06583566609949927, 0.009282445472843546, 0.03603396670334153, 0.0030004375476034052], [0.8026390717178231, 0.13822771404244272, 0.0030059930676886075, 0.009332887725052601, 0.04378834037930443, 0.0030059930676886075], [0.813128101943413, 0.12738395018953735, 0.003003910930404807, 0.007508113042958493, 0.045972012963281295, 0.003003910930404807], [0.8414238978294978, 0.1076103712360801, 0.0030076994325341864, 0.007355525066736474, 0.037594807002617345, 0.0030076994325341864], [0.8713437090058404, 0.08934261738973644, 0.003035166337419886, 0.006417016565561126, 0.02682632436402235, 0.003035166337419886], [0.05943276269706403, 0.07219792945232154, 0.003009385628653649, 0.0054983909413343825, 0.8568521456519728, 0.003009385628653649], [0.8938147607282658, 0.07366398630388701, 0.00300214231770912, 0.005301798871502182, 0.02121516946092678, 0.00300214231770912], [0.8593304117829262, 0.09910029177784911, 0.0030371185241612492, 0.007071989559621084, 0.02842306983128114, 0.0030371185241612492], [0.0986335824119056, 0.1605321364246386, 0.0030232769612475647, 0.010615468529633599, 0.7241722587113271, 0.0030232769612475647], [0.10945742267967697, 0.16879553455782403, 0.0030429531105802586, 0.01035147379596426, 0.7053096627453742, 0.0030429531105802586], [0.8199371228735912, 0.06412002938691871, 0.0678979730108687, 0.010990718524639979, 0.03405008089156936, 0.003004075312412067], [0.8978621357006742, 0.02334096908565806, 0.01890892527191486, 0.017713625230952403, 0.030187119445785955, 0.011987225265014313]], [[0.9015056277069187, 0.02451968213020394, 0.01485462750203889, 0.017869059810702373, 0.029255389662019432, 0.011995613188116658], [0.7815251201455593, 0.05926313931101503, 0.09970945015713449, 0.013580969940320303, 0.04287151707384306, 0.0030498033721278], [0.7471031009479614, 0.18538476141951818, 0.0030786251874821897, 0.010054455499203854, 0.05130043175835234, 0.0030786251874821897], [0.760496051639497, 0.1761208621239654, 0.003055292614770979, 0.01023412872826391, 0.04703837227873172, 0.003055292614770979], [0.7958307516919473, 0.14935662246554543, 0.0030148776952141263, 0.008879385848859956, 0.03990348460321916, 0.0030148776952141263], [0.8850395156987054, 0.08007053064097332, 0.0030063445355025383, 0.00553983002457104, 0.023337434564745182, 0.0030063445355025383], [0.04451081908468845, 0.056199821183672144, 0.0030072366122067162, 0.00492988539200593, 0.8883450011152201, 0.0030072366122067162], [0.9209396382019657, 0.05018257256469276, 0.0030105173560412307, 0.004881057557546593, 0.017975696963712547, 0.0030105173560412307], [0.9233130195693484, 0.04967199865829369, 0.003012359436596986, 0.004883085834686723, 0.016107177064477243, 0.003012359436596986], [0.054052972174948984, 0.07273809533155533, 0.003003886635316296, 0.0058738242152779774, 0.8613273350075852, 0.003003886635316296], [0.08128951685829659, 0.1260302376902523, 0.0030038751629591375, 0.008899572147365743, 0.7777729229781671, 0.0030038751629591375], [0.1069666406212977, 0.14954545640041192, 0.0030170129150084465, 0.01172517295789619, 0.7257287041903773, 0.0030170129150084465], [0.11006538127250463, 0.1466685910614066, 0.003017422811151255, 0.010752684893332056, 0.7264784971504543, 0.003017422811151255], [0.7794388618815385, 0.15020254244450645, 0.0030205772715696626, 0.012078319462099512, 0.05223912166871614, 0.0030205772715696626], [0.7937348264412988, 0.1374537976392774, 0.003009059603669022, 0.011310852200703278, 0.05148240451138238, 0.003009059603669022], [0.5089868921613235, 0.2192005908918893, 0.003001443826600168, 0.016546599731137916, 0.24926302956244895, 0.003001443826600168], [0.811146901632957, 0.11164278955794396, 0.0030170253651228096, 0.010211837644948896, 0.060964420433904515, 0.0030170253651228096], [0.821554137320503, 0.10689877836324019, 0.003010921632866695, 0.010049942072807905, 0.05547529897771574, 0.003010921632866695], [0.11002603431219107, 0.12125230993279647, 0.0030080782970187095, 0.010871503613955256, 0.7518339955470198, 0.0030080782970187095], [0.8049745178457693, 0.1263918020017464, 0.0030068120924718715, 0.009385478933719429, 0.05323457703382114, 0.0030068120924718715], [0.11301535207021264, 0.13509745550797655, 0.003013480891415172, 0.010284350293390834, 0.7355758803455896, 0.003013480891415172], [0.49022558140688854, 0.2516603987640018, 0.0030137266815669496, 0.018428813541232745, 0.23365775292474308, 0.0030137266815669496], [0.11720899525364051, 0.1401316000678538, 0.003020723755101877, 0.010565381998669451, 0.7260525751696324, 0.003020723755101877], [0.819510387826082, 0.11985299070627578, 0.0030021083669960567, 0.008564867702571971, 0.046067537031078166, 0.0030021083669960567], [0.856337962520186, 0.09421512480288553, 0.0030187566239143543, 0.006895012724848429, 0.036514386704251375, 0.0030187566239143543], [0.05929083646759264, 0.02956821773400136, 0.034580460926915045, 0.0050255757164376, 0.8685004447785879, 0.0030344643764655347], [0.8389923100928233, 0.10605458067220078, 0.0030074745082108783, 0.00711996587381599, 0.04181819434473825, 0.0030074745082108783], [0.09954947957773297, 0.13818725430408133, 0.0030061436071388914, 0.008691609449189227, 0.7475593694547188, 0.0030061436071388914], [0.7967840355755973, 0.1419332459571909, 0.003009283994709257, 0.009162905251800224, 0.046101245225993084, 0.003009283994709257], [0.7785813606945746, 0.14679877897015214, 0.0030228143476047496, 0.011704474281911749, 0.056869757358152064, 0.0030228143476047496], [0.5464648646076261, 0.05748869157327704, 0.12023273463827736, 0.01455601537787202, 0.25813827173128, 0.003119422071667508], [0.8254631743863899, 0.11376771850331317, 0.00300275786825587, 0.008780432699052283, 0.04598315867473292, 0.00300275786825587], [0.8516223174868454, 0.0983409645725731, 0.003014704714145219, 0.006934725003399514, 0.037072583508891616, 0.003014704714145219], [0.8591727137226416, 0.09149297421959418, 0.003021729174076382, 0.00669965235995259, 0.03659120134965903, 0.003021729174076382], [0.8699211128572517, 0.08579265238704877, 0.0030229578128606813, 0.006373608120067112, 0.0318667110099109, 0.0030229578128606813], [0.10539231557938619, 0.14252657398235685, 0.003010916853188565, 0.009884950923707862, 0.736174325808172, 0.003010916853188565], [0.7741646375361506, 0.16232571676661053, 0.003031464703890883, 0.010671632632844362, 0.04677508365661274, 0.003031464703890883], [0.7765777855150816, 0.16132784990025995, 0.003030444970536439, 0.009330206437546723, 0.046703268206039025, 0.003030444970536439], [0.12052683337545575, 0.06522515922442532, 0.09721950370953955, 0.015449983708379736, 0.6971996469290082, 0.004378873053191553], [0.8982659670867834, 0.027217770995844222, 0.01627145793595864, 0.018902957171179947, 0.027832918046509728, 0.011508928763723971]], [[0.902498584053332, 0.020751588607715348, 0.01789715878662262, 0.017396363360136394, 0.02987983254793413, 0.011576472644259605], [0.12941347466991257, 0.07776058087868234, 0.09779809106555669, 0.015256203013663991, 0.6753856823189399, 0.0043859680532446705], [0.49465982936146086, 0.25598818429271425, 0.0030178325185296244, 0.0200789102939837, 0.2232374110147818, 0.0030178325185296244], [0.7635591969141287, 0.16863162582828198, 0.003045533372048064, 0.010071571387377656, 0.051646539126115415, 0.003045533372048064], [0.8057380094960033, 0.14224736039007074, 0.003009851491670214, 0.008408632312518434, 0.03758629481806707, 0.003009851491670214], [0.8342061743252098, 0.11245998764260474, 0.00300389004910272, 0.008296614886196272, 0.03902944304778372, 0.00300389004910272], [0.9076312098937984, 0.058049972350642964, 0.0030040837295034705, 0.005047443427125677, 0.023263206869426054, 0.0030040837295034705], [0.9156574094289502, 0.05151130042092524, 0.003008494324950467, 0.004880353542151458, 0.02193394795807223, 0.003008494324950467], [0.9143517290022418, 0.054031753174659226, 0.0030063576796237803, 0.004876074304825463, 0.020727728159025936, 0.0030063576796237803], [0.0749532897451969, 0.09150842828604949, 0.003032494144632547, 0.007207215778725956, 0.8202660779007626, 0.003032494144632547], [0.10049859619896157, 0.1247483909564433, 0.0030027265172645123, 0.009650529571069731, 0.7590970302389964, 0.0030027265172645123], [0.7874679359103207, 0.1431155811379145, 0.0030151190965210053, 0.010116873667343032, 0.053269371091379907, 0.0030151190965210053], [0.09396464276725139, 0.14699692390210073, 0.0030086704066678888, 0.009920903925766675, 0.7431001885915455, 0.0030086704066678888], [0.09146704857646105, 0.14274256783966824, 0.003005139232443416, 0.01072873517814357, 0.7490513699408403, 0.003005139232443416], [0.10583205282955642, 0.13394457701172705, 0.0030066345288731876, 0.010881357287899518, 0.7433287438130707, 0.0030066345288731876], [0.10853411283291214, 0.11986656086653695, 0.003007298955294993, 0.010240424111691905, 0.755344304278269, 0.003007298955294993], [0.8210088677966708, 0.11128884028820255, 0.0030052994488580153, 0.010261130280780049, 0.051430562736630776, 0.0030052994488580153], [0.8181935311240005, 0.1102845568655774, 0.0030094118216206795, 0.010179669569461062, 0.055323418797719674, 0.0030094118216206795], [0.11941961450153217, 0.11465720959215593, 0.0030189372027457383, 0.010413231581904499, 0.749472069918916, 0.0030189372027457383], [0.8021702922635982, 0.12687025960671822, 0.0030075073893543643, 0.010622546140031299, 0.05432188721094361, 0.0030075073893543643], [0.794332716086176, 0.14149608952660855, 0.0030095471095713112, 0.010001670394343982, 0.0481504297737289, 0.0030095471095713112], [0.787314835848526, 0.14977573841606454, 0.0030156591261292875, 0.010514106340086976, 0.04636400114306379, 0.0030156591261292875], [0.8069528889827221, 0.1384014286933208, 0.0030065127954886227, 0.008701252935665928, 0.03993140379731402, 0.0030065127954886227], [0.10548759143279088, 0.12287767112370186, 0.003005664652189824, 0.009201284687637604, 0.75642212345149, 0.003005664652189824], [0.8801835326591408, 0.07478114196151611, 0.003015661550395706, 0.006342864303413925, 0.03266113797513786, 0.003015661550395706], [0.08532420859830207, 0.07614758953569523, 0.0030481488869594977, 0.0065726952530275095, 0.8258592088390563, 0.0030481488869594977], [0.8306281692853232, 0.11405709369886285, 0.0030029292531129994, 0.008262749194171448, 0.04104612931541655, 0.0030029292531129994], [0.8090530942288376, 0.13186875300629122, 0.003003152457049423, 0.00905962539618278, 0.04401222245458959, 0.003003152457049423], [0.4969516504480798, 0.24551025766491436, 0.0030102049921687576, 0.015929465238508706, 0.2355882166641596, 0.0030102049921687576], [0.8067774573811263, 0.054136897883609474, 0.07539679977997811, 0.011681126633908403, 0.04898949970485187, 0.0030182186165256778], [0.8878367389263181, 0.03459761453204035, 0.01243927684154708, 0.020776803221199725, 0.030730619979852408, 0.013618946499042394], [0.09219839299967432, 0.0479142744688891, 0.062233152963105144, 0.009146371135805024, 0.7854933789906006, 0.003014429441925861], [0.8506051631163134, 0.04827095273914252, 0.05486764319488683, 0.008059079090106136, 0.035192043144815895, 0.003005118714735188], [0.07928359560214585, 0.08421326389446143, 0.0030574949076752215, 0.0074116066006080835, 0.8229765440874343, 0.0030574949076752215], [0.8262964986074279, 0.1155446721149549, 0.003002356083276909, 0.008373458021603202, 0.04378065908946013, 0.003002356083276909], [0.805552346349133, 0.1360344566329773, 0.0030046607521809713, 0.009332872747931232, 0.0430710027655965, 0.0030046607521809713], [0.7778150661098472, 0.1438520564925015, 0.0030282513154884245, 0.010567267186478943, 0.06170910758019552, 0.0030282513154884245], [0.4923411034730907, 0.2501842807089938, 0.0030125509753228495, 0.018879191373200533, 0.23257032249406945, 0.0030125509753228495], [0.8057511071151017, 0.06051625558065725, 0.073411316931403, 0.011600741895060725, 0.045707200096293796, 0.0030133783814835727], [0.9014520510848238, 0.022857504646429896, 0.018774013926996246, 0.01851741218807645, 0.026886235102455268, 0.011512783051218216]], [[0.9031090585222226, 0.022604967311905685, 0.016129601078597136, 0.01749727463691592, 0.02911376755347021, 0.011545330896888584], [0.7892876203450596, 0.05882467307333709, 0.09599134182263629, 0.01307416365683435, 0.03978454183909935, 0.003037659263033167], [0.7557393887773634, 0.17975179738897423, 0.0030637512644074083, 0.009886469893789303, 0.04849484141105838, 0.0030637512644074083], [0.7703713301987648, 0.16563469599528532, 0.0030367217185721697, 0.01078524480964781, 0.047135285559157726, 0.0030367217185721697], [0.8042772036092409, 0.13907349836595267, 0.0030065896508539524, 0.00893368608995847, 0.041702432633139996, 0.0030065896508539524], [0.8764499342329446, 0.08374546091243622, 0.0030125479945382525, 0.006614612378792975, 0.02716489648674977, 0.0030125479945382525], [0.050819980339010556, 0.05304061511575394, 0.0030106981263740298, 0.00493657948738423, 0.8851814288051032, 0.0030106981263740298], [0.9154441913641364, 0.05097082375767242, 0.003009151208016264, 0.004881361347042078, 0.022685321115116435, 0.003009151208016264], [0.8754750444061912, 0.07761843980875816, 0.003041110731919012, 0.006857837072830489, 0.03396645724838208, 0.003041110731919012], [0.8513025277678481, 0.09970868425371193, 0.0030138185058124337, 0.007540709466657034, 0.035420441500158086, 0.0030138185058124337], [0.8043688143639459, 0.12245581433445121, 0.003009234590697897, 0.010750561837104516, 0.056406340283102506, 0.003009234590697897], [0.5300022204826134, 0.19898232521314255, 0.0030038818665398897, 0.017304941423232377, 0.247702749147932, 0.0030038818665398897], [0.11834098872902382, 0.13332824445362904, 0.003018672933626309, 0.011076255947674694, 0.7312171650024197, 0.003018672933626309], [0.8195467704278256, 0.11847046765531637, 0.0030022583270228223, 0.008893937372704424, 0.04708430789010806, 0.0030022583270228223], [0.841240056955162, 0.10871168199786395, 0.0030069703671252133, 0.008485623110277197, 0.0355486972024465, 0.0030069703671252133], [0.09138539702359261, 0.11040714741077469, 0.003004896935205851, 0.009766753523195858, 0.7824309081720252, 0.003004896935205851], [0.8234113895320246, 0.11111682662983713, 0.0030041287621019085, 0.00999942299825428, 0.04946410331568019, 0.0030041287621019085], [0.8381621158552542, 0.10001207809757376, 0.003008997520493617, 0.009325971015786664, 0.04648183999039809, 0.003008997520493617], [0.8309137745363785, 0.10600628360674416, 0.0030060267723182863, 0.009148524695187113, 0.047919363617053665, 0.0030060267723182863], [0.7994569124398908, 0.1251579098262122, 0.0030121287398982687, 0.011141925757980684, 0.05821899449611973, 0.0030121287398982687], [0.5090723820959001, 0.21420047163183942, 0.003002107877249973, 0.016505074676418652, 0.254217855841342, 0.003002107877249973], [0.7916982125400884, 0.1441776628638932, 0.003011653871252394, 0.009960186281527455, 0.04814063057198614, 0.003011653871252394], [0.8192270008346658, 0.12983512641569686, 0.0030042753878300847, 0.008425362380665909, 0.03650395959331127, 0.0030042753878300847], [0.08361156521033845, 0.10751561416534959, 0.0030099295597528163, 0.008449763056669675, 0.7944031984481367, 0.0030099295597528163], [0.8940359927533584, 0.06738085308143053, 0.0030030732081031382, 0.006287081729023948, 0.02628992601998095, 0.0030030732081031382], [0.8974640201910922, 0.06559965888524343, 0.003002227961630257, 0.005858597648886597, 0.025073267351517308, 0.003002227961630257], [0.8520967393628286, 0.09899498441494407, 0.00301446002667474, 0.0075103175938378685, 0.03536903857504005, 0.00301446002667474], [0.09239377626971125, 0.13224917007911868, 0.0030017728226269277, 0.009440431352861845, 0.7599130766530544, 0.0030017728226269277], [0.7957595250426561, 0.14027258582762733, 0.0030094655848020495, 0.00922664657477089, 0.04872231138534151, 0.0030094655848020495], [0.08791344114975683, 0.13411767465677416, 0.0030020995598778267, 0.009750297245527588, 0.7622143878281857, 0.0030020995598778267], [0.8497873496760836, 0.04751012546353632, 0.0561990474614971, 0.008398632274567636, 0.035100283973464104, 0.003004561150851302], [0.8733448050339254, 0.02903891581562591, 0.02455312031939186, 0.023590354153522657, 0.030473510293719384, 0.018999294383814896], [0.8707320727119724, 0.03022989745507873, 0.022068979342273656, 0.02245568578899718, 0.037468974586318926, 0.017044390115359], [0.0778290072741239, 0.04667439841825366, 0.05146037471017372, 0.007335753743777769, 0.8136822875935211, 0.0030181782601498256], [0.872838433945718, 0.08259831115950247, 0.003019940982381813, 0.006475219230607604, 0.03204815369940843, 0.003019940982381813], [0.8112403726149592, 0.12702808772020946, 0.003002218872622964, 0.009321402797765306, 0.04640569912182011, 0.003002218872622964], [0.7889008487729755, 0.14744281550486088, 0.0030142176466507226, 0.00999758599676311, 0.047630314432099016, 0.0030142176466507226], [0.7775559204199847, 0.153717606761103, 0.003026211921964264, 0.009290095893820089, 0.05338395308116375, 0.003026211921964264], [0.8131142243706333, 0.05491686397333381, 0.0797015475672812, 0.011109165137902206, 0.03814930802154025, 0.0030088909293092036], [0.9094631445063918, 0.019960445906772283, 0.015425815380964408, 0.015213532026110706, 0.02956533295596038, 0.01037172922380027]], [[0.9171834998845014, 0.01569834038558829, 0.015299173826315019, 0.013750846015891273, 0.028505933409849946, 0.009562206477853977], [0.8203239963834869, 0.061784724690557784, 0.07126063258709144, 0.010885012199266002, 0.0327418921322791, 0.003003742007318909], [0.09519267219780157, 0.16246109983425194, 0.003024759558370346, 0.009472907532613605, 0.7268238013185921, 0.003024759558370346], [0.7922002375496937, 0.15264539947164169, 0.0030180193298385938, 0.00922809769139373, 0.03989022662759373, 0.0030180193298385938], [0.12312045550625601, 0.10157637194234166, 0.02514218477944465, 0.04103910567078786, 0.10978835757973725, 0.5993335245214326], [0.06576151894366244, 0.06536902956308831, 0.0030185888557808524, 0.006069762019656389, 0.8567625117620311, 0.0030185888557808524], [0.9152909145680969, 0.05337668324158912, 0.0030068874406032338, 0.004877645590959136, 0.020440981718148583, 0.0030068874406032338], [0.9205984595137726, 0.05039765436994225, 0.0030102417488445774, 0.004881240615884254, 0.018102162002711714, 0.0030102417488445774], [0.9108194718389306, 0.0549519101060475, 0.003006005616758161, 0.004993603780192327, 0.023223003041313316, 0.003006005616758161], [0.0889165521374325, 0.09030664657759245, 0.0030262747857602093, 0.006820128866841789, 0.8079041228466128, 0.0030262747857602093], [0.8371118039113526, 0.11081289881205734, 0.0030049778231980616, 0.008329848842908124, 0.037735492787285795, 0.0030049778231980616], [0.8179631498441052, 0.10960811157874917, 0.0030116719630202743, 0.009650536787856299, 0.056754857863248784, 0.0030116719630202743], [0.8359816117860557, 0.10941216141087193, 0.003004516049388459, 0.00845361189613247, 0.04014358280816303, 0.003004516049388459], [0.8622576649415524, 0.09343716629578327, 0.0030241819593994352, 0.00669213984224213, 0.03156466500162326, 0.0030241819593994352], [0.8944143834415013, 0.07089087489835366, 0.0030015153764670504, 0.0056503450476618824, 0.023041365859548926, 0.0030015153764670504], [0.08074225969415852, 0.08838376538493545, 0.0030315649142163086, 0.007416084069993717, 0.8173947610224798, 0.0030315649142163086], [0.8364236537222387, 0.10621579170178265, 0.003005111254575873, 0.008977937639510986, 0.04237239442731591, 0.003005111254575873], [0.8332499845420096, 0.11030721628093168, 0.003004083385936803, 0.008185361166462948, 0.042249271238722234, 0.003004083385936803], [0.8214265023097184, 0.10864600371547305, 0.003009862799541138, 0.009234046831020073, 0.05467372154470627, 0.003009862799541138], [0.08557773703352947, 0.11296722571798368, 0.0030053035579305476, 0.009192689458740556, 0.7862517406738853, 0.0030053035579305476], [0.12334598761234662, 0.13295549536964726, 0.0030254381139567404, 0.011319723044419866, 0.7263279177456727, 0.0030254381139567404], [0.8156097197050908, 0.12607673214150783, 0.003001873111860156, 0.008665506924899266, 0.043644295004781744, 0.003001873111860156], [0.8418050612419049, 0.11379449031061134, 0.0030103866020853983, 0.007093940770041731, 0.03128573447327128, 0.0030103866020853983], [0.04485148259915216, 0.06015966329085965, 0.0030044862131602713, 0.004925753236313595, 0.8840541284473541, 0.0030044862131602713], [0.03557868393728054, 0.04745805469807289, 0.00302102798692547, 0.004950628348908186, 0.9059705770418874, 0.00302102798692547], [0.043644194470387296, 0.05394468039585024, 0.0030093158144962186, 0.00493233027309947, 0.8914601632316705, 0.0030093158144962186], [0.896120421303807, 0.0716211090808991, 0.0030015175661509946, 0.005248293918638991, 0.02100714056435306, 0.0030015175661509946], [0.8284767340233624, 0.11814750421014447, 0.003002324702649859, 0.008660179700444092, 0.03871093266074939, 0.003002324702649859], [0.08555526434984279, 0.12110495508774942, 0.003003645681611655, 0.008228441141178228, 0.7791040480580064, 0.003003645681611655], [0.09854379799328535, 0.1210179347891279, 0.0030028206138738235, 0.009010946161729528, 0.7654216798281096, 0.0030028206138738235], [0.8102863924727148, 0.11897562309519044, 0.0030087039244544264, 0.009225536967801042, 0.05549503961538491, 0.0030087039244544264], [0.550750429738835, 0.05664538203986677, 0.11808668861285403, 0.014911805359660335, 0.25608682751451783, 0.0035188667342661143], [0.8727766613884618, 0.029032849971660137, 0.023183599128498437, 0.023444050941423687, 0.032444819545441886, 0.019118019024514227], [0.8652855589526071, 0.04458855580644654, 0.04836670358637615, 0.007621350777981398, 0.03112387226759627, 0.0030139586089923454], [0.857822945424184, 0.0976331412642015, 0.003020222083677265, 0.006387791337223618, 0.032115677807036246, 0.003020222083677265], [0.0690025181036602, 0.09344688074865269, 0.0030413854758839435, 0.006789989110645171, 0.8246778410852741, 0.0030413854758839435], [0.8107535102478667, 0.13033381854695625, 0.0030026127322050006, 0.009040906253194718, 0.04386653948757222, 0.0030026127322050006], [0.10801235527737627, 0.14247774136096925, 0.003012799850368515, 0.010112516535886086, 0.7333717871250315, 0.003012799850368515], [0.09432218930226338, 0.0545960627899441, 0.06736425613879236, 0.01029510264359956, 0.7704104890291629, 0.0030119000962376945], [0.9118693353067867, 0.01852256045952001, 0.016732465110495184, 0.014530233908981739, 0.027932359100902856, 0.010413046113313392]], [[0.9228193049548205, 0.014609761530352839, 0.01272173656204736, 0.010800893750421542, 0.03139776869476082, 0.007650534507596896], [0.8856498873620258, 0.03899859030277952, 0.0415961419644858, 0.007093944121947288, 0.023644017582547545, 0.0030174186662140536], [0.10067173802737496, 0.13844765673975726, 0.0030067013072754144, 0.00876276548898189, 0.746104437129335, 0.0030067013072754144], [0.865884396641259, 0.09386715752568872, 0.0030272049727008725, 0.006208412271280404, 0.027985623616369856, 0.0030272049727008725], [0.9034939275708567, 0.06535158788821288, 0.0030014611450983647, 0.00486794898094018, 0.02028361326979361, 0.0030014611450983647], [0.9149178943671872, 0.05498973432696377, 0.0030059364128393828, 0.004874537654814635, 0.01920596082535568, 0.0030059364128393828], [0.1291855207843239, 0.07823949196946918, 0.035257134408422375, 0.03663236173298954, 0.1390386979040183, 0.5816467932007766], [0.1318681566406656, 0.07485121835225589, 0.03971200265703568, 0.03739729973552548, 0.14564344979420338, 0.570527872820314], [0.901333415999893, 0.062281372942071984, 0.0030036565825500186, 0.005084857987737638, 0.025293039905197337, 0.0030036565825500186], [0.09247597217936589, 0.09302707301617494, 0.003021928765379952, 0.0071311566496496176, 0.8013219406240497, 0.003021928765379952], [0.09048222029258979, 0.09257608478146376, 0.0030222390434183413, 0.007463221087567218, 0.8034339957515425, 0.0030222390434183413], [0.8495243770627929, 0.09759135983260117, 0.003013054243638837, 0.007811467859343521, 0.0390466867579847, 0.003013054243638837], [0.8650922404567446, 0.08867227503969438, 0.003027545133980147, 0.006403298480670292, 0.03377709575493024, 0.003027545133980147], [0.907472393243997, 0.06119587979355663, 0.003002411196394996, 0.004869929322073016, 0.020456975247583498, 0.003002411196394996], [0.9085449562331774, 0.06058584273097271, 0.0030026889377953135, 0.004870565744129072, 0.019993257416130266, 0.0030026889377953135], [0.8586729103240102, 0.09167171394876356, 0.003020868086971274, 0.007202983611397553, 0.036410655941885944, 0.003020868086971274], [0.8461829497834548, 0.10388980415477903, 0.0030099637942312255, 0.00795812230400316, 0.03594919616930065, 0.0030099637942312255], [0.8420206633396041, 0.10229010920752392, 0.0030095041939192818, 0.0072170779365903085, 0.04245314112844311, 0.0030095041939192818], [0.5460454237285388, 0.17748819662912416, 0.0030183579923155793, 0.015551096428282105, 0.25487856722942387, 0.0030183579923155793], [0.8242207053268944, 0.11168263930275574, 0.0030050463589359195, 0.008598855257668049, 0.049487707394810065, 0.0030050463589359195], [0.08675044396499969, 0.09802711419218732, 0.0030170134806545333, 0.007921249822838887, 0.801267165058665, 0.0030170134806545333], [0.8404162732708245, 0.10595763352706054, 0.003006905672852772, 0.007956288890427677, 0.03965599296598186, 0.003006905672852772], [0.8993610344183229, 0.06739338781961536, 0.003001193796522749, 0.0051622847862139165, 0.02208090538280231, 0.003001193796522749], [0.9207163750566351, 0.05370472232997798, 0.0030101347053114436, 0.004880814907598323, 0.014677818295165623, 0.0030101347053114436], [0.930160790640054, 0.047057435465635726, 0.0030204729942458057, 0.004895749738446391, 0.0118450781673723, 0.0030204729942458057], [0.9291734420074207, 0.04833797940198288, 0.003019486420833486, 0.004893792310558639, 0.011555813438370862, 0.003019486420833486], [0.