{"prediction": [[[0.909600126246319, 0.02465847871737214, 0.014972467447185521, 0.005039640488490352, 0.04240351331414667, 0.003325773786486225], [0.8719202871254962, 0.0563762963825162, 0.02655878896012836, 0.005633956027340837, 0.03590462410583757, 0.00360604739868094], [0.8496973652034883, 0.062208056883165934, 0.027502032544498543, 0.005543638191430312, 0.05123732308756842, 0.0038115840898485178], [0.8660230318539753, 0.04888982014566837, 0.03561125036008634, 0.006467967262385926, 0.03938499477888569, 0.003622935598998378], [0.8024540556358647, 0.06377861835996403, 0.04621516760544771, 0.01131693013488178, 0.07202732465373528, 0.004207903610106499], [0.7831277362511675, 0.05521613636700381, 0.04528870019724551, 0.01142497593259461, 0.10046281512890937, 0.004479636123079204], [0.8088532233546202, 0.05928514421607511, 0.057647784590508795, 0.015133995582593502, 0.054983004184013404, 0.004096848072189072], [0.7927576593864437, 0.05660579844469791, 0.0489807766986737, 0.018898599160653316, 0.07712374893133227, 0.005633417378199163], [0.7394501124142806, 0.07411402088562424, 0.057256387912623455, 0.01996857733056693, 0.10402940128896031, 0.005181500167944554], [0.7864557344444375, 0.05967768267691629, 0.05253621676746188, 0.018867299370276504, 0.0778488216887881, 0.004614245052119573], [0.7394423695747898, 0.06794222830699095, 0.048766830155978234, 0.012231950663690457, 0.12659671738978856, 0.005019903908761999], [0.7721155288584582, 0.05635048771130355, 0.04556481665293391, 0.008730705029395686, 0.11257875620904588, 0.004659705538862701], [0.7263672813384909, 0.058738428601798676, 0.033382292777664094, 0.008431677677835854, 0.16760292872453622, 0.005477390879674228], [0.766381849051351, 0.05243484775423685, 0.030566767602696564, 0.007048301981259811, 0.13865102056823253, 0.004917213042223139], [0.7342423443109343, 0.05906222462254238, 0.02885445246398224, 0.007828751939019019, 0.16461078477005764, 0.005401441893464483], [0.7919774090917568, 0.045697140794763134, 0.021573218853610434, 0.0059487392869070664, 0.13013152458046176, 0.0046719673925007775], [0.8215702466227334, 0.05206626315159919, 0.02737149344019048, 0.00600248369567016, 0.08884120965164291, 0.004148303438163821], [0.8258258132079206, 0.04989776136840699, 0.02605071986993311, 0.006763938653167774, 0.08736037767237774, 0.004101389228193787], [0.8572096418467864, 0.053264390826549005, 0.02394915838698583, 0.004780549448369631, 0.057042779795722434, 0.00375347969558675], [0.8386266800604982, 0.049597008095941426, 0.02683970158029933, 0.004821442629457423, 0.07615922970468961, 0.0039559379291138775], [0.8215049027821945, 0.06849644200548329, 0.03971035003503865, 0.0053904610642369335, 0.060829283864611144, 0.00406856024843556], [0.7955690543877021, 0.07115215596748622, 0.043546754802150124, 0.008324876154038404, 0.07708716613853131, 0.00431999255009185], [0.8033301339681477, 0.06928304242309806, 0.05312655276618638, 0.010667674212869026, 0.059401024334224735, 0.004191572295474072], [0.826178838351211, 0.06485697772794866, 0.03501880002522328, 0.006803207091715729, 0.06312401666222145, 0.0040181601416798335], [0.8073027463402644, 0.06820539658893585, 0.039660388421799996, 0.006406191385051144, 0.07420806156509194, 0.0042172156988565315], [0.8511021430571134, 0.059929114223023314, 0.024188334390111494, 0.0046128229901962305, 0.05635022759461342, 0.0038173577449421695], [0.8406271115786098, 0.05760282304190127, 0.024010747590761897, 0.003941679925038092, 0.06987595793865062, 0.003941679925038092], [0.8558242690461598, 0.06039168522968507, 0.018565207536810534, 0.0038982761282534617, 0.05751565475256573, 0.0038049073065253526], [0.9004682295257884, 0.04160965768423554, 0.019527776041673352, 0.0033854086638746327, 0.031623519420553546, 0.0033854086638746327], [0.8777109957456175, 0.05292822274215756, 0.019463085893497312, 0.00358512769971322, 0.04272744021930122, 0.00358512769971322], [0.8691888034519919, 0.05493049781033415, 0.026270771421651445, 0.003640538801932936, 0.04232884971215672, 0.003640538801932936], [0.8783161499993496, 0.04600570385266467, 0.021811384284737178, 0.003565977299242554, 0.04673480726476344, 0.003565977299242554], [0.8926620650467861, 0.0525701741789336, 0.01939779421752753, 0.003493817739805789, 0.028407559133617352, 0.003468589683329568], [0.8551241767355741, 0.06338396249141719, 0.025919271387196647, 0.005119127600608341, 0.04668231028721376, 0.0037711514979901647], [0.7623319073320107, 0.09372357095257883, 0.04451510754356061, 0.006601745078513416, 0.08809081775337511, 0.004736851339961401], [0.81580877404425, 0.07765966562023097, 0.030282918736459562, 0.0048918678387585264, 0.06717883105572414, 0.004177942704576759], [0.803834851881168, 0.0893153519857808, 0.03163157092292163, 0.004328026265581687, 0.06656217267896615, 0.004328026265581687], [0.8063054742629429, 0.08591441907693728, 0.024929813053291592, 0.004329454297908049, 0.0741913850110122, 0.004329454297908049], [0.8387164042326691, 0.07537970147730115, 0.024578306204567406, 0.0039686033917292265, 0.05338838130200398, 0.0039686033917292265], [0.8990270387452305, 0.03026605339072524, 0.012077835863686054, 0.0038604311709929747, 0.05133038755997559, 0.0034382532693897853]], [[0.8077029304809096, 0.06937025606621013, 0.040405773964385217, 0.005793476019450112, 0.07251229949090665, 0.00421526397813831], [0.00870591723359349, 0.06346600153388578, 0.025144111768720164, 0.003907084049998935, 0.8957624288482056, 0.0030144565655960626], [0.00844117603449129, 0.051537477769738625, 0.030034495242078355, 0.0038962996794451397, 0.9030845549158104, 0.003005996358436193], [0.8824954362643781, 0.07033969630857193, 0.036327400552783995, 0.0035714265134011314, 0.004253182411777597, 0.003012857949087197], [0.8250511622700503, 0.10653669836548618, 0.050990767521496484, 0.004949394265359309, 0.009442211666556776, 0.00302976591105103], [0.5638792329713412, 0.14371836479009353, 0.11791767209553371, 0.032669483266906815, 0.1348967235236474, 0.0069185233524774415], [0.03996560908887416, 0.12915625489463342, 0.09028791035489658, 0.008563710457068737, 0.7290085866920746, 0.0030179285124526333], [0.5872183411329833, 0.18438742207327521, 0.19012324141843462, 0.011331746108744397, 0.023919518210110766, 0.0030197310564516783], [0.04753710437254087, 0.15327316848455041, 0.21096167634798677, 0.010172845302524523, 0.5750177762939318, 0.0030374291984656483], [0.6322619069127212, 0.1862768408492354, 0.15561926596252235, 0.008348347216036094, 0.014462087295579636, 0.0030315517639054657], [0.7095669740649863, 0.1385873136436732, 0.12413579135804033, 0.007868220978754807, 0.016794858378180146, 0.003046841576365243], [0.7423649284960061, 0.13140542984120962, 0.10317972036188228, 0.00607796331581539, 0.013942182902786197, 0.003029775082300522], [0.7854669182744866, 0.1168241441425936, 0.07716545551057366, 0.005840368908297281, 0.0116848934820159, 0.0030182196820331742], [0.8617799554350691, 0.08090823442492312, 0.04295096105222801, 0.003959502980902982, 0.007372956894559159, 0.0030283892123175774], [0.8828209153860238, 0.06995754434111323, 0.034426116380858685, 0.003537380881330606, 0.006245530244919253, 0.003012512765754534], [0.008070477658531024, 0.051760653942577825, 0.02089904889097235, 0.003856682137472385, 0.9124040871198905, 0.003009050250555815], [0.8960681886638866, 0.06653511224966238, 0.02665430401681487, 0.003529353735165477, 0.004203078787837396, 0.0030099625466331963], [0.8972858216760768, 0.06956748422728244, 0.022397263989588828, 0.003531043589151203, 0.004205091221267113, 0.0030132952966336326], [0.8809855350108197, 0.08040306396635737, 0.027826771242645595, 0.0035426789256167964, 0.004218947649258624, 0.003023003205302057], [0.8582583240781091, 0.09886019068858891, 0.03200437218270397, 0.003572739478389526, 0.004254746518170754, 0.0030496270540377834], [0.8533777188130924, 0.09389675834815076, 0.04184871266291062, 0.003573946875439847, 0.004256184397542305, 0.0030466789028641187], [0.009924289492164576, 0.09792264982464843, 0.048491103028104936, 0.003944499716289859, 0.8366411888833137, 0.00307626905547852], [0.010438942030423117, 0.08861452789702758, 0.04588059643594219, 0.003918953640086671, 0.8480911857589986, 0.0030557942375219324], [0.8643965894954511, 0.09013020454514617, 0.03463753024764576, 0.0035596278638769397, 0.004239132002605748, 0.0030369158452743478], [0.8890535121014713, 0.07886054915678511, 0.021307226173446037, 0.0035401501332883853, 0.004215936130949057, 0.0030226263040601282], [0.8991434022110648, 0.06698040687565286, 0.023139456315483843, 0.0035262853557600925, 0.004199424679646621, 0.003011024562391784], [0.005233919585290519, 0.038536244113256846, 0.009536688348881705, 0.0038644616708114732, 0.9398086878763594, 0.0030199984054000615], [0.8994116498621427, 0.06685939738683716, 0.022994285499866544, 0.003525361461115855, 0.0041983244209951006, 0.003010981369042447], [0.6960706415604773, 0.14956421639159284, 0.044234196382820355, 0.005677920879496064, 0.09877510390611759, 0.005677920879496064], [0.7508561138836897, 0.1283126999831309, 0.04889111219796899, 0.004972445925378039, 0.0619951820844544, 0.004972445925378039], [0.007852295051418115, 0.05364662879151357, 0.01591823245887538, 0.003906106519054322, 0.9156627130119025, 0.0030140241672360966], [0.913932167383738, 0.05733993023429084, 0.017915778781258863, 0.003562018560858475, 0.004241978558601527, 0.003008126481252386], [0.9130761882130497, 0.05784567646501358, 0.018264383599338307, 0.003562792824525333, 0.004242900622823654, 0.003008058275249491], [0.899964476510452, 0.06970974843245407, 0.019490996906158582, 0.0035697236846207515, 0.004251154527011719, 0.003013899939302879], [0.8913042643683509, 0.07157876816503578, 0.02628040958035816, 0.0035710517109236737, 0.004252736062594985, 0.0030127701127366097], [0.8818728023203691, 0.08089063796377298, 0.026372100212934894, 0.003579743993946733, 0.0042630876308361754, 0.003021627878140035], [0.8797491980207548, 0.08488064168765061, 0.02448494651979966, 0.0035869621878963226, 0.004271683718543986, 0.003026567865354596], [0.9013843401593286, 0.071346034419841, 0.016423719255093228, 0.003573241456345296, 0.004255343812377479, 0.003017320897014471], [0.006847602404928835, 0.05878853989360368, 0.020612073082422692, 0.003907179372899119, 0.9068300938328552, 0.0030145114132906145], [0.8448074037941178, 0.07544778717574309, 0.027038417149698537, 0.004329174812126316, 0.04447609341080591, 0.0039011236575082417]], [[0.8482820821330893, 0.05257505255032657, 0.025648407015431217, 0.004901452272764804, 0.06475169316823369, 0.0038413128601543422], [0.6415429234603922, 0.1684184246892136, 0.05602497709931336, 0.006358262866641736, 0.12129714901779727, 0.006358262866641736], [0.6478260349704983, 0.1547517341805312, 0.0615090394043204, 0.00735837081991343, 0.12234972771534618, 0.006205092909390603], [0.59181173237019, 0.15288611079709577, 0.06936643797538414, 0.011685681599227797, 0.16734393148190516, 0.006906105776197211], [0.5390017604261321, 0.14788070705871545, 0.10141870845267104, 0.026972966710044358, 0.1773565314719633, 0.00736932588047363], [0.5859694066497572, 0.12774341228309044, 0.08970018862379718, 0.03233084647196995, 0.15756250905627006, 0.0066936369151151], [0.5643205042144522, 0.16207257689136084, 0.088392735863885, 0.04364117161026491, 0.13235025813667964, 0.009222753283357447], [0.6268355368881218, 0.13994792389771055, 0.07139118002883336, 0.045028962281911604, 0.10803676797164613, 0.008759628931776637], [0.05353590770161768, 0.17880093164534072, 0.18275976154358572, 0.009501124340752511, 0.5723714703659739, 0.0030308044027295106], [0.6428912692948211, 0.31635057173437653, 0.0030299779140017823, 0.009160521446403782, 0.02553768169639494, 0.0030299779140017823], [0.030772786631620697, 0.2898575651753611, 0.003118150320120766, 0.006915755978623595, 0.6662175915741532, 0.003118150320120766], [0.7456932413344897, 0.22467342592160047, 0.0030344017092058645, 0.006776067507931936, 0.01678846181756616, 0.0030344017092058645], [0.7950421246012676, 0.17578221287217563, 0.0030173476590094547, 0.00623492544873353, 0.01690604175980458, 0.0030173476590094547], [0.8286754531726477, 0.14287796690071025, 0.0030188829132289665, 0.006064975861675567, 0.016343838238508573, 0.0030188829132289665], [0.9012737274387534, 0.08313093563914391, 0.0030051778778008432, 0.0036198948681705496, 0.005965086298330347, 0.0030051778778008432], [0.8645102471223634, 0.11492598067377392, 0.0030647035634403237, 0.005584206135180418, 0.008850158941801758, 0.0030647035634403237], [0.006210839227590931, 0.07340056656359945, 0.0030066617062638155, 0.0037170935823145285, 0.9106581772139675, 0.0030066617062638155], [0.8966909964548464, 0.08957286555340019, 0.0030097228045600365, 0.003619897636501125, 0.004096794746132266, 0.0030097228045600365], [0.8769680911702159, 0.10922111692536804, 0.003026457476095009, 0.0036392173033657246, 0.004118659648860405, 0.003026457476095009], [0.8648591803775649, 0.12125976271709085, 0.0030408161037337976, 0.003658707335989156, 0.004140717361887559, 0.0030408161037337976], [0.007626682058439934, 0.12683417058505714, 0.003042203690667228, 0.003762446470404857, 0.8556922935047636, 0.003042203690667228], [0.018051989877708084, 0.17472825786414792, 0.0030577294541101136, 0.005562761790386377, 0.7955415315595374, 0.0030577294541101136], [0.838365385839588, 0.14621314618474707, 0.0030791112391406117, 0.0037086383662100647, 0.0055546071311737485, 0.0030791112391406117], [0.005463937370508555, 0.0952938520927586, 0.003015300509877853, 0.0037279991443031064, 0.889483610372674, 0.003015300509877853], [0.893363823067669, 0.09288906361635524, 0.0030119422138994495, 0.003622963908913436, 0.004100264979263252, 0.0030119422138994495], [0.9064473645881833, 0.07983994883656316, 0.0030047056483878485, 0.0036136036777409284, 0.004089671600736897, 0.0030047056483878485], [0.9177769868369462, 0.06852767984916236, 0.003001793744554303, 0.0036081952151365147, 0.004083550609646157, 0.003001793744554303], [0.9161625069569259, 0.07014173452769179, 0.0030020078384860446, 0.0036081938142302665, 0.0040835490241799555, 0.0030020078384860446], [0.9146341835775796, 0.054361996816395794, 0.020198262506786597, 0.0035601165909737685, 0.004239713518335121, 0.0030057269899291666], [0.9115473762246338, 0.057746861993286214, 0.019894332621564106, 0.003562233498361863, 0.0042422345259035595, 0.0030069611362505628], [0.6635354151792369, 0.1354037611478525, 0.05489167502068409, 0.006175108174362423, 0.13397522802971634, 0.00601881244814786], [0.006564126324258334, 0.05200184401916075, 0.014903813390744765, 0.003908370011043819, 0.919606310481085, 0.0030155357737073787], [0.9126175829189684, 0.07359664621807104, 0.0030023811372865573, 0.0036500685766214427, 0.0041309400117659385, 0.0030023811372865573], [0.9093058930531622, 0.07690386787512907, 0.003003119726051897, 0.0036514716683845763, 0.004132527951220454, 0.003003119726051897], [0.8913857562376796, 0.09478581277977291, 0.0030116235376925035, 0.0036614092107293294, 0.004143774696433269, 0.0030116235376925035], [0.8939059892238446, 0.09227036740608037, 0.0030099852281788783, 0.0036607004041997685, 0.004142972509517571, 0.0030099852281788783], [0.006152332626269647, 0.09513754599628707, 0.0030133343222661555, 0.003768802081046619, 0.8889146506518644, 0.0030133343222661555], [0.900003716456702, 0.08619281493419112, 0.003006602166172967, 0.003654410417001578, 0.0041358538597593385, 0.003006602166172967], [0.9031866977357298, 0.06766438682494917, 0.018317308549164878, 0.003568598626900195, 0.004249814705041043, 0.003013193558214898], [0.8706518897658301, 0.059192818649244514, 0.02385389520240323, 0.00405365893855701, 0.03860722939900445, 0.0036405080449607337]], [[0.7647894634999173, 0.06762026384249196, 0.03720444681508284, 0.009437408122704171, 0.1161849800642784, 0.004763437655525431], [0.8880342294422432, 0.07362598717156435, 0.027496256362771487, 0.0035735151372743345, 0.004255669736741164, 0.003014342149405478], [0.8410506538765902, 0.0942010164700699, 0.04984292131017107, 0.004949209837526426, 0.006923940401353399, 0.0030322581042891376], [0.6598741656466294, 0.12266897383013613, 0.0685843089144176, 0.024496419460933807, 0.11857079114398263, 0.005805341003900514], [0.7333257514043701, 0.13141917612772, 0.0990533404782649, 0.008258122890451863, 0.024919786378625332, 0.003023822720567735], [0.04421542708844751, 0.16446633238850564, 0.12373137119878534, 0.009095473781319167, 0.6554101260418015, 0.0030812695011408282], [0.05824783092134454, 0.1716393083088562, 0.14755488962263, 0.012609519678020964, 0.6069103905243567, 0.003038060944791566], [0.5421731888563759, 0.19759511582473174, 0.1895914070565118, 0.014319602560459192, 0.05329554947716183, 0.0030251362247596314], [0.3783609847019467, 0.42189311039442545, 0.0030422201370674438, 0.022345485544703836, 0.17131597908478913, 0.0030422201370674438], [0.5987814044778519, 0.3436937754636105, 0.0030218845087409147, 0.010145028452343784, 0.041336022588711996, 0.0030218845087409147], [0.6507164495719389, 0.30207224056285686, 0.003022335267773581, 0.009912363407409037, 0.031254275922247894, 0.003022335267773581], [0.68390557831487, 0.2757458950467941, 0.0030337107005626055, 0.007872229900087721, 0.026408875337122953, 0.0030337107005626055], [0.7602425529022593, 0.1984439296891505, 0.003012461787681411, 0.008828333580739752, 0.02646026025248772, 0.003012461787681411], [0.8072435215906946, 0.15867590734036965, 0.0030179623595017833, 0.006930020845277597, 0.021114625504654608, 0.0030179623595017833], [0.8224466191731822, 0.1476723544659315, 0.0030273896757865995, 0.006193619873672915, 0.017632627135640202, 0.0030273896757865995], [0.8333582119160526, 0.14186925001819678, 0.003037204530910501, 0.005537657106022828, 0.01316047189790678, 0.003037204530910501], [0.8524156062636928, 0.12637978023459284, 0.0030348328358729784, 0.005529636008826382, 0.009605311821142035, 0.0030348328358729784], [0.010232190387763455, 0.10348213428193175, 0.0030163581380028386, 0.0037292283515974753, 0.8765237307027016, 0.0030163581380028386], [0.009665639945067021, 0.10875332226616713, 0.0030211615067777587, 0.0037366745078470896, 0.8718020402673632, 0.0030211615067777587], [0.01097069776580532, 0.12301422077796215, 0.003035170452782266, 0.003754630889181897, 0.8561901096614861, 0.003035170452782266], [0.02427046071582033, 0.18551560817330287, 0.0030514027083376927, 0.005550021183247606, 0.7785611045109537, 0.0030514027083376927], [0.7895782397938153, 0.18956387979771883, 0.0030303845401138925, 0.005521619339023897, 0.009275491989214523, 0.0030303845401138925], [0.017899625415075716, 0.1684919526365434, 0.003058634095424641, 0.005559071945869365, 0.8019320818116623, 0.003058634095424641], [0.8739659498439843, 0.11220475063604379, 0.0030297397576810286, 0.003644819784966996, 0.004125000219642836, 0.0030297397576810286], [0.8933696568499297, 0.092881160672518, 0.003011940134237516, 0.0036239365030062563, 0.004101365706070941, 0.003011940134237516], [0.9001656110171941, 0.08609801867700326, 0.0030076891317419884, 0.0036219146053215576, 0.004099077436997151, 0.0030076891317419884], [0.22736727551074443, 0.29139082693941437, 0.05200487986358933, 0.023890312779224817, 0.30483742224968996, 0.10050928265733718], [0.911861481344051, 0.07443078379038053, 0.003002918197415198, 0.0036129578177227267, 0.004088940653015441, 0.003002918197415198], [0.9038071791858863, 0.08238195727357601, 0.0030049469319159408, 0.003659432316604391, 0.004141537360101552, 0.0030049469319159408], [0.9047891433120931, 0.05832863155114825, 0.02607456558193992, 0.003561533642406844, 0.004241401073212458, 0.003004724839199429], [0.6791075745673006, 0.13423314389539334, 0.06092304434690208, 0.009792724060893791, 0.11021001267989282, 0.00573350044961719], [0.8856215626446341, 0.06754525903170631, 0.035996294889194966, 0.0035721742469089672, 0.004254072881451911, 0.00301063630610357], [0.904743256009826, 0.08145152288813509, 0.0030045826658128393, 0.0036571272047743134, 0.004138928565639044, 0.0030045826658128393], [0.8997808964581175, 0.08641099208403424, 0.00300671526257824, 0.003656482268850095, 0.004138198663841735, 0.00300671526257824], [0.8596547927632354, 0.12134716130669726, 0.003046036038501008, 0.005609976891868141, 0.007295996961197275, 0.003046036038501008], [0.890965677644713, 0.09520160353454099, 0.0030119135494218537, 0.003663148545407564, 0.0041457431764947645, 0.0030119135494218537], [0.8710543149605496, 0.11371050736321857, 0.003027668307587124, 0.003687149184653724, 0.00549269187640379, 0.003027668307587124], [0.006317849067578999, 0.09370634439161792, 0.0030123921984910236, 0.0037670461887519212, 0.8901839759550692, 0.0030123921984910236], [0.8943176785132818, 0.07224134740188728, 0.022600899224123006, 0.003571935405102497, 0.004253788446712273, 0.0030143510088931937], [0.8653838840822243, 0.0653915306510398, 0.03023790824904821, 0.005793293729470556, 0.02950851992384821, 0.003684863364368999]], [[0.7949708077176556, 0.06799652150200029, 0.036431398294118005, 0.009078865092939337, 0.08716572350056377, 0.004356683892723054], [0.8816673560675425, 0.06966791937839165, 0.03782119753702838, 0.0035741517069382738, 0.004256427822309599, 0.003012947487789431], [0.8899842427907827, 0.09616934933489088, 0.003012609394466937, 0.00366891723458718, 0.0041522718508052005, 0.003012609394466937], [0.8108106230685328, 0.09365409650781545, 0.07742570712411691, 0.004923021823850745, 0.01017315615588286, 0.003013395319801248], [0.8063332110791919, 0.16712020739905323, 0.0030202259117310683, 0.005572079957051124, 0.014934049741241651, 0.0030202259117310683], [0.05294027204699534, 0.2155081873939413, 0.0030219790298718803, 0.008263545083295324, 0.7172440374160244, 0.0030219790298718803], [0.6784730674817571, 0.2831982024267926, 0.0030349871075633366, 0.006988728370311002, 0.025270027506012496, 0.0030349871075633366], [0.6329957001791644, 0.30713800610941266, 0.003013077924566844, 0.01018511159039224, 0.04365502627189707, 0.003013077924566844], [0.6220925668331044, 0.31343390953369626, 0.003011467774111192, 0.010524850068687933, 0.04792573801628889, 0.003011467774111192], [0.6230554052064498, 0.3145641412070956, 0.0030116122956645613, 0.011765471571962918, 0.04459175742316255, 0.0030116122956645613], [0.6514669142511152, 0.2931367393261426, 0.003016316427819928, 0.00919147334946831, 0.040172240217634, 0.003016316427819928], [0.0575408392523585, 0.20742286537812332, 0.00301567674283924, 0.009068294048449442, 0.7199366478353904, 0.00301567674283924], [0.044241688622309185, 0.1609193911136339, 0.0030267280320467973, 0.006625406800515209, 0.782160057399448, 0.0030267280320467973], [0.805818610377715, 0.15637022618581814, 0.003008975323844256, 0.006287592249950479, 0.02550562053882798, 0.003008975323844256], [0.8012289286944879, 0.16594751876173822, 0.0030168633303913938, 0.006056874835511804, 0.020732951047479325, 0.0030168633303913938], [0.7785318058972008, 0.18587496053515445, 0.003010391953062553, 0.006553355467237813, 0.02301909419428197, 0.003010391953062553], [0.8259656746503382, 0.1518642803277797, 0.003025404490746415, 0.0055137544603332264, 0.01060548158005619, 0.003025404490746415], [0.8283282539561014, 0.14718952508551317, 0.0030228987166281618, 0.0055107948123953475, 0.01292562871273366, 0.0030228987166281618], [0.01431478164543891, 0.13492639733810866, 0.003010357317312551, 0.003724618834102302, 0.841013487547725, 0.003010357317312551], [0.03592991862069741, 0.18172150275580287, 0.0030318605846899396, 0.005515804496235794, 0.7707690529578841, 0.0030318605846899396], [0.7641687434007989, 0.20695514969931367, 0.0030275815167996175, 0.005520474465619194, 0.017300469400669056, 0.0030275815167996175], [0.034329827073886134, 0.19547288332401208, 0.00303542750727589, 0.005518700971681871, 0.7586077336158681, 0.00303542750727589], [0.7854713630385052, 0.19156847171047298, 0.003027926155884848, 0.005518147663374582, 0.01138616527587751, 0.003027926155884848], [0.019930046181870994, 0.15027519768134873, 0.003059471166662017, 0.00555823741127846, 0.8181175763921779, 0.003059471166662017], [0.8839237840616073, 0.10158330369586853, 0.0030185023463791183, 0.0036353910437313276, 0.00482051650603455, 0.0030185023463791183], [0.231964253417383, 0.26709355076894115, 0.04785650535631518, 0.029184401837651152, 0.3234449504456083, 0.10045633817410121], [0.35869572301804775, 0.29064152514616304, 0.04194163810500875, 0.03258478023301805, 0.17415071163052473, 0.10198562186723781], [0.2897295304922353, 0.2657029176235888, 0.020910820686724344, 0.020527915045930812, 0.3004564783061876, 0.10267233784533325], [0.006812145883867635, 0.07667328756006853, 0.003006545733675113, 0.003759998931102794, 0.9067414761576108, 0.003006545733675113], [0.8739232520117717, 0.07743144334770755, 0.03717757251125462, 0.0035834262438471497, 0.004865139509188837, 0.003019166376230142], [0.7177396106573347, 0.1173774152373686, 0.061450553972609755, 0.00999681162590262, 0.08821769325657765, 0.00521791525020667], [0.008623877674194643, 0.06207083439475517, 0.02263853884535265, 0.003908138545646764, 0.8997443082858788, 0.003014302254171962], [0.901291297675415, 0.08489925068347419, 0.0030060079015585594, 0.0036577745940235933, 0.004139661243970122, 0.0030060079015585594], [0.8435408778084097, 0.13474253414417842, 0.0030342955402490046, 0.005592162062190907, 0.010055834904722921, 0.0030342955402490046], [0.839895296878669, 0.13966288132390287, 0.003034490317125122, 0.005592151735289191, 0.00878068942788883, 0.003034490317125122], [0.8371967682588539, 0.14280614748386247, 0.0030341737639701526, 0.00559153172291443, 0.008337205006428847, 0.0030341737639701526], [0.882782641302222, 0.10334861611226344, 0.0030182804928362457, 0.00367407381950999, 0.004158107780332152, 0.0030182804928362457], [0.008343783788796022, 0.10064054377089036, 0.0030142013299220773, 0.0037705838129539994, 0.8812166859675156, 0.0030142013299220773], [0.8875938475566693, 0.0771383561505586, 0.024409489463332573, 0.0035785132372847515, 0.004261621932866954, 0.003018171659287819], [0.8234811789515492, 0.06912627427935547, 0.03254291357914926, 0.007017191153807476, 0.06377602292001809, 0.004056419116120483]], [[0.7575400613985855, 0.06635310749681984, 0.044941682350733564, 0.010190216814087431, 0.11616467273380815, 0.004810259205965528], [0.009935170201628568, 0.07213388085270778, 0.03414490362345047, 0.003919385386252476, 0.8768445475993119, 0.003022112336648884], [0.8403088551727229, 0.1400357239487952, 0.0030357617346677317, 0.005597821006271258, 0.00798607640287513, 0.0030357617346677317], [0.8286991516162439, 0.14884657780594496, 0.003028340209337581, 0.00558224717092965, 0.010815342988206375, 0.003028340209337581], [0.7948689064222324, 0.17218041879113974, 0.0030135291318311706, 0.00617162015602615, 0.020751996366939314, 0.0030135291318311706], [0.7250236549124384, 0.23373826029990738, 0.003050087261761453, 0.0071144110719162405, 0.02802349919221512, 0.003050087261761453], [0.06769143860471802, 0.27891007568965526, 0.003059434592655123, 0.009253714461775536, 0.638025902058541, 0.003059434592655123], [0.09910750968287675, 0.290267365048887, 0.003021911834817125, 0.012034474158104099, 0.5925468274404979, 0.003021911834817125], [0.6349451765512047, 0.3057360862372869, 0.003013437489450927, 0.009951737979641885, 0.04334012425296464, 0.003013437489450927], [0.6368331367237074, 0.2992166074199308, 0.003010550193590762, 0.010661864276431086, 0.047267291192749104, 0.003010550193590762], [0.7115161807641232, 0.2293464241872846, 0.0030290275377489965, 0.009434078862420611, 0.04364526111067361, 0.0030290275377489965], [0.7723989947813591, 0.18040933113485105, 0.0030062923300035833, 0.007974081512921723, 0.03320500791086103, 0.0030062923300035833], [0.7977624429242578, 0.1611098090293369, 0.003007523013532102, 0.007428771670120777, 0.027683930349220245, 0.003007523013532102], [0.8059418136854617, 0.15843919489643163, 0.0030101069189986417, 0.006432756851367157, 0.02316602072874237, 0.0030101069189986417], [0.7557324718797294, 0.2011996081621144, 0.0030059124860811514, 0.007649373058479493, 0.029406721927514486, 0.0030059124860811514], [0.05490898316611889, 0.22444453869991654, 0.0031010402850249956, 0.007949789406908835, 0.7064946081570057, 0.0031010402850249956], [0.03995846174721972, 0.18456592280001588, 0.003030661219807502, 0.005618594630428941, 0.7637956983827204, 0.003030661219807502], [0.7857406001536915, 0.18288141018568477, 0.003014634231055596, 0.005496880154617752, 0.01985184104389475, 0.003014634231055596], [0.7927989271595298, 0.17380218021236823, 0.0030145818805637566, 0.005496415891178735, 0.021873312975795683, 0.0030145818805637566], [0.759761474422041, 0.2044054418462257, 0.003010869036738014, 0.005753481671119298, 0.02405786398713811, 0.003010869036738014], [0.75188017154726, 0.21204701761007536, 0.0030250899831294944, 0.005817896137642085, 0.024204734738763674, 0.0030250899831294944], [0.7031630524415107, 0.2593165984651333, 0.003036978269319216, 0.006311541445469359, 0.02513485110924816, 0.003036978269319216], [0.7543634464693394, 0.20662896765614144, 0.0030202678055308353, 0.006507836442695064, 0.02645921382076243, 0.0030202678055308353], [0.23672891408252114, 0.2969783916726209, 0.02928352956405875, 0.026896552310710236, 0.3083403228149724, 0.10177228955511657], [0.8349468766181318, 0.13774045279674046, 0.0030217654200451606, 0.005508481403906419, 0.015760658341130912, 0.0030217654200451606], [0.29368735036508004, 0.26334069507852503, 0.03822726168277839, 0.039986117176430115, 0.26479711769652625, 0.09996145800066042], [0.23726111025921803, 0.24420183378506755, 0.01919975717991266, 0.028632732068280202, 0.3675254567602857, 0.10317910994723593], [0.8965923171514103, 0.08820650477384154, 0.0030080557918938026, 0.003621273853067311, 0.00556379263789326, 0.0030080557918938026], [0.8916611293114559, 0.09414242890994574, 0.0030109416775945578, 0.0036659071241567066, 0.004508651299252625, 0.0030109416775945578], [0.8484708003044482, 0.0897766227882649, 0.04553617543865258, 0.004953617360325621, 0.008228535423927815, 0.0030342486843811154], [0.7452927147446728, 0.11714875292219146, 0.04330026844650993, 0.01256194274813472, 0.07676522667302703, 0.0049310944654639985], [0.8908879654725591, 0.06822951174776332, 0.029324697589838394, 0.0035715407501849647, 0.004976892265314793, 0.0030093921743394674], [0.02335649452278177, 0.1453729501751017, 0.0030614047626275486, 0.005632049374391945, 0.8195156964024696, 0.0030614047626275486], [0.8379739287798513, 0.13944276166934938, 0.003031034238510819, 0.005585565083537053, 0.010935675990240592, 0.003031034238510819], [0.789571094274831, 0.17496860501115913, 0.0030122301445357443, 0.005555827609025511, 0.023880012815912927, 0.0030122301445357443], [0.8103243981589829, 0.16433274539153428, 0.0030218405145620007, 0.005570449126706427, 0.013728726293652372, 0.0030218405145620007], [0.01759813493142246, 0.1587144753298913, 0.0030662981546388563, 0.0056374758948980605, 0.8119173175345105, 0.0030662981546388563], [0.009717701542118259, 0.1120586748846396, 0.003021847018431858, 0.003780099155405534, 0.8683998303809729, 0.003021847018431858], [0.008386191504231165, 0.07309935468010714, 0.02838617970635364, 0.0039218300839368725, 0.8831825026851093, 0.003023941340261852], [0.8040680512609419, 0.07210299524303339, 0.04153253500824395, 0.011503696165589846, 0.0665920047729891, 0.004200717549201745]], [[0.7884801760920269, 0.07110936271363459, 0.05100470947118949, 0.011635573187769708, 0.07342070518754319, 0.004349473347836097], [0.8313608755738232, 0.09171465357130883, 0.06265314280268656, 0.004935451556889996, 0.006311669571132092, 0.0030242069241593456], [0.016045229875127288, 0.1402305973726699, 0.0030773274534640475, 0.005657103713333038, 0.8319124141319417, 0.0030773274534640475], [0.8136863215680389, 0.15869016531856206, 0.003019535753236109, 0.005569460740221735, 0.016014980866705174, 0.003019535753236109], [0.7585682260161862, 0.2019247625186648, 0.003075655728252285, 0.006467027065283858, 0.02688867294336057, 0.003075655728252285], [0.7211814580979989, 0.22822842523850914, 0.0030427420817610755, 0.007657361865914408, 0.03684727063405563, 0.0030427420817610755], [0.6731456882153013, 0.260006470885498, 0.0030162581900821193, 0.009272229688164515, 0.05154309483087195, 0.0030162581900821193], [0.3946750203631476, 0.40183999250499286, 0.0030631857410225996, 0.01799882716256387, 0.17935978848725048, 0.0030631857410225996], [0.10775247612108708, 0.28987125356285554, 0.0030169120075433445, 0.012009513474720797, 0.5843329328262499, 0.0030169120075433445], [0.6498901854422627, 0.2728329578599109, 0.003008881032447359, 0.011217571740212559, 0.06004152289271913, 0.003008881032447359], [0.7138865610460252, 0.22537456761321703, 0.003035253520357483, 0.009130144798630117, 0.04553821950141268, 0.003035253520357483], [0.7803676559840862, 0.161419545999787, 0.0030047280405302453, 0.008698242584381233, 0.04350509935068521, 0.0030047280405302453], [0.7886584804186704, 0.16309291218060246, 0.003005140317191809, 0.007624752542691318, 0.03461357422365213, 0.003005140317191809], [0.7457311807529844, 0.20230217630280878, 0.003004817617155894, 0.008030046368355793, 0.03792696134153933, 0.003004817617155894], [0.700497297061825, 0.2579189547103977, 0.0030319477499542893, 0.007574102397854306, 0.02794575033001451, 0.0030319477499542893], [0.6673484111443058, 0.2823657063363012, 0.0030248743710819936, 0.009194812995020347, 0.03504132078220875, 0.0030248743710819936], [0.057185880879554556, 0.24471106845824322, 0.0031102381761366473, 0.007039652857147785, 0.6848429214527811, 0.0031102381761366473], [0.7766430858403005, 0.18085103287045748, 0.0030075255534364412, 0.0064832859119731065, 0.030007544270396112, 0.0030075255534364412], [0.04774291256692977, 0.17351998275524577, 0.003046112139968033, 0.005541364444110429, 0.767103515953778, 0.003046112139968033], [0.7733553879913575, 0.18997489116275337, 0.0030149031392612533, 0.005497698212073888, 0.02514221635529283, 0.0030149031392612533], [0.705453067053352, 0.2551971375527198, 0.0030360162436381182, 0.006311816096636517, 0.026965946810015552, 0.0030360162436381182], [0.06932453148038276, 0.2582506007498827, 0.003058825178371397, 0.00799107713166614, 0.6583161402813256, 0.003058825178371397], [0.6937457593905123, 0.2630148763519813, 0.003041071182876217, 0.00737646805777433, 0.029780753833979743, 0.003041071182876217], [0.26152355984209913, 0.28043819487489763, 0.013364048240581093, 0.0473856186223887, 0.2959563976309874, 0.10133218078904621], [0.29089972213643717, 0.2708190959192728, 0.019813174487613237, 0.03858789470210838, 0.27849815546663836, 0.10138195728793019], [0.16722339566838715, 0.22033132628146324, 0.021363282491266507, 0.033943767214217276, 0.4511246818936014, 0.10601354645106437], [0.8892547640162854, 0.09363806182143744, 0.0030113971919805437, 0.003626069281902159, 0.007458310496414005, 0.0030113971919805437], [0.009607646335490456, 0.10608262127011729, 0.0030032198473198732, 0.0037125868807039637, 0.8745907058190485, 0.0030032198473198732], [0.8138933055220128, 0.15892283632029475, 0.003019998165750126, 0.005696785481275134, 0.015447076344917064, 0.003019998165750126], [0.8128720305190713, 0.15921702493056403, 0.00301914473875473, 0.005569216046056999, 0.016303439026798257, 0.00301914473875473], [0.8343467535301536, 0.09437059574280302, 0.05180434660346152, 0.004940010289036, 0.011513764947289671, 0.003024528887256073], [0.6824404200092822, 0.140894882596617, 0.010238952674843975, 0.01968171942868423, 0.1407601994703934, 0.005983825820179287], [0.8404008017622738, 0.08955039992772708, 0.05027187555271495, 0.004942047679825018, 0.011809454125553216, 0.003025420951905972], [0.7930675287241211, 0.1713910949418393, 0.00301163895671948, 0.005974698349241987, 0.0235434000713585, 0.00301163895671948], [0.7337553224823307, 0.22515890156056412, 0.003055652364486865, 0.007014797373237556, 0.02795967385489397, 0.003055652364486865], [0.03692412372060549, 0.19366360014021017, 0.003033854983528288, 0.0055972397900201825, 0.7577473263821076, 0.003033854983528288], [0.7918800792597965, 0.1820355010834377, 0.0030217548586044573, 0.0055728054520678035, 0.014468104487488873, 0.0030217548586044573], [0.8132176090755353, 0.16402904939149496, 0.0030254938942983096, 0.005577908167476237, 0.011124445576896935, 0.0030254938942983096], [0.011716309658362256, 0.08088098212511827, 0.03816553342574474, 0.003937220730853033, 0.8622658353747781, 0.003034118685143744], [0.7950649258316975, 0.06336753522159311, 0.04195690736861553, 0.012266592686537186, 0.08303936022072445, 0.004304678670832225]], [[0.7476307587009594, 0.0768902513355104, 0.05541671096381103, 0.013634231827704344, 0.10160860707442658, 0.004819440097588197], [0.8641100949044721, 0.08222059694066308, 0.04276222859180982, 0.0035943845582467452, 0.004284717294422703, 0.0030279777103855657], [0.8305840917994365, 0.14854138273130074, 0.0030309803015346553, 0.0055880348292293835, 0.009224530036964093, 0.0030309803015346553], [0.8295173064289468, 0.1468474049259486, 0.0030270787237324606, 0.005580261128568521, 0.01200087006907127, 0.0030270787237324606], [0.8037161498280525, 0.1686168556635828, 0.0030188800176364564, 0.005566622454484685, 0.01606261201860711, 0.0030188800176364564], [0.7353399400966365, 0.22743820620391036, 0.003059656704352186, 0.006434058923065681, 0.024668481367683147, 0.003059656704352186], [0.7026613882689882, 0.25506335112814477, 0.0030381458662509563, 0.007458013596903314, 0.028740955273461752, 0.0030381458662509563], [0.6740324540152967, 0.2663116087248018, 0.0030189843512532233, 0.008067958823799902, 0.04555000973359511, 0.0030189843512532233], [0.669127916201382, 0.27014055511355545, 0.003016646971589621, 0.008934597383576933, 0.04576363735830638, 0.003016646971589621], [0.6992423859760615, 0.23723074891986412, 0.0030258804218765392, 0.010483034306044156, 0.0469920699542771, 0.0030258804218765392], [0.7790381913804559, 0.16502160996520554, 0.0030035866800154206, 0.009276109089768956, 0.04065691620453867, 0.0030035866800154206], [0.822427206079496, 0.1366701125191976, 0.0030135528125755863, 0.006485076498303641, 0.02839049927785169, 0.0030135528125755863], [0.7796978995509376, 0.16775064912212218, 0.0030039484673195873, 0.008671762244314946, 0.037871792147986166, 0.0030039484673195873], [0.7093567846421214, 0.24585798235425962, 0.0030322261257080653, 0.008326933906917409, 0.03039384684528551, 0.0030322261257080653], [0.637569891619095, 0.3052350531718595, 0.003013787160965408, 0.010202505525543264, 0.040964975361571315, 0.003013787160965408], [0.6627354369921841, 0.2837038441050459, 0.0030163205756128363, 0.008274843763105224, 0.03925323398843922, 0.0030163205756128363], [0.6878052622485382, 0.2579648197335678, 0.0030192775732402898, 0.009276804187617128, 0.03891455868379647, 0.0030192775732402898], [0.06898731513674461, 0.23023180652860023, 0.003116738148153448, 0.007524351215472265, 0.687023050822876, 0.003116738148153448], [0.7383022515800286, 0.20277818283218532, 0.0030071219441257903, 0.007744043360411196, 0.045161278339123374, 0.0030071219441257903], [0.725314792892494, 0.2271977901437767, 0.0030388837126973066, 0.007141866769956071, 0.034267782768378635, 0.0030388837126973066], [0.6785870703508925, 0.27044890192621995, 0.0030293795644609216, 0.008205505348630763, 0.03669976324533481, 0.0030293795644609216], [0.07422956301231264, 0.2638759682821517, 0.0030687631864349976, 0.00850098934834215, 0.6472559529843235, 0.0030687631864349976], [0.698077735688274, 0.25036967375041436, 0.0030244886098802063, 0.007973791282174899, 0.03752982205937641, 0.0030244886098802063], [0.20996082698275698, 0.26756809556485617, 0.013529652876391065, 0.044999135962024164, 0.3613380858366724, 0.10260420277729926], [0.7844587670599175, 0.17378397448260396, 0.00300846863122906, 0.007113862020551516, 0.028626459174468967, 0.00300846863122906], [0.822763827645535, 0.1446438726289632, 0.0030146883449609727, 0.005496662649856848, 0.02106626038572306, 0.0030146883449609727], [0.8293688