{"prediction": [[[0.9363922726683944, 0.01578262214769607, 0.00806327936099564, 0.007880051466195755, 0.02686851871140533, 0.005013255645312908], [0.9284813849419332, 0.016479142417342635, 0.010671927360441428, 0.00789836948202316, 0.031753002525892284, 0.004716173272367384], [0.923500846858627, 0.01713359450177684, 0.011759788841849307, 0.011128533580121582, 0.028907992844590377, 0.007569243373034957], [0.8970096040162557, 0.024658609377847973, 0.014506539557798967, 0.017425849109908416, 0.034230471995517917, 0.012168925942671003], [0.8885484807265701, 0.03006275992615601, 0.015593500904657992, 0.021799639186968832, 0.030099907147344354, 0.013895712108302764], [0.8812867931768492, 0.03053757454261419, 0.018002812584461098, 0.022409679356873394, 0.03270291581013405, 0.015060224529067929], [0.8898391758086931, 0.027612529293332785, 0.01778420189870831, 0.021315600082159773, 0.029570393217196976, 0.01387809969990888], [0.8876350066983469, 0.025876483982107457, 0.01692246143272471, 0.01901112781880468, 0.037088549231032955, 0.013466370836983146], [0.9024626881718086, 0.019324013234434983, 0.017547548728450053, 0.015399689313832302, 0.034422318564159365, 0.010843741987314633], [0.9183112713581664, 0.014751521084880087, 0.013414056522731657, 0.01086068183533814, 0.03486516869029153, 0.0077973005085921], [0.918542880931563, 0.014622888614783666, 0.01229399396967845, 0.010696816586306265, 0.03620627601918731, 0.007637143878481369], [0.9186292061414939, 0.013653132800368426, 0.010956820292829485, 0.008633830871444733, 0.04174790160853433, 0.006379108285329167], [0.9255450739303309, 0.013033979022397403, 0.012520489584087137, 0.00968324892272396, 0.03199680511423542, 0.007220403426225132], [0.9085156937999348, 0.017193972956487103, 0.012067032633616854, 0.011009428609599949, 0.043623822534533285, 0.007590049465828119], [0.917125441516869, 0.01563674766787723, 0.012251705251360446, 0.010129281021044113, 0.038178307934460774, 0.006678516608388345], [0.9184776795266408, 0.013972644970393626, 0.010342323350952864, 0.008160491844828638, 0.0438031319220589, 0.005243728385125205], [0.9335638938991445, 0.012848543629777172, 0.007664408749413069, 0.005571175390412229, 0.036474976541773764, 0.0038770017894791736], [0.934331722330189, 0.011824041904006375, 0.0096832001113431, 0.006435953483542762, 0.033228307824276014, 0.004496774346642821], [0.9130938889875849, 0.014401416437861253, 0.009494415108938153, 0.006983321999889347, 0.051370654985256836, 0.0046563024804693355], [0.9221231531237423, 0.018160047919800713, 0.009283171516355734, 0.008328275130617171, 0.037235402534467874, 0.004869949775016195], [0.9130470357955229, 0.019020993195055548, 0.011464155168792746, 0.010597918112062954, 0.03973511869622488, 0.006134779032341096], [0.9058671086116873, 0.021336564288733633, 0.014902292209944358, 0.015267338732841947, 0.03306364248820972, 0.009563053668583163], [0.8997317123069353, 0.021490172817000434, 0.015835721418984983, 0.015421858359677272, 0.036903040195592665, 0.010617494901809547], [0.9005000090046036, 0.022283778234447486, 0.014884508463465167, 0.016508878810501202, 0.03437885910935153, 0.011443966377631079], [0.9012542574015378, 0.022992906732453855, 0.014199531560191271, 0.01670889776013887, 0.034102716357772976, 0.010741690187905368], [0.9076824111638581, 0.018383096489837995, 0.014540268997656822, 0.012902466729887667, 0.03724693622140376, 0.00924482039735574], [0.9139145359698895, 0.016932170245960422, 0.013732117398810516, 0.011685822854272032, 0.03549198191673221, 0.008243371614335446], [0.9197142040810902, 0.017108402194262184, 0.012864954760531538, 0.011266150441591289, 0.03128488340011964, 0.007761405122405267], [0.9110477129533496, 0.018603577669449457, 0.015204930369014437, 0.014020569669139317, 0.03177075347432301, 0.009352455864724182], [0.9086309576195902, 0.022129294626260062, 0.014430398886691648, 0.015133870120324962, 0.029800694385918355, 0.009874784361214825], [0.9020965515438444, 0.02222970913665906, 0.014307441364849587, 0.014859834202212834, 0.03636115575304308, 0.01014530799939099], [0.8979726713207307, 0.020786291493625354, 0.01615122675166253, 0.016010380623778502, 0.036695055127624394, 0.01238437468257866], [0.919407519425909, 0.015880905348270448, 0.01361771374080297, 0.010861123405108706, 0.03241087202812512, 0.007821866051783736], [0.9191326264571383, 0.016899358569351007, 0.013919680547877454, 0.011825721725530881, 0.029783942217534172, 0.008438670482568144], [0.9172506605632956, 0.018369884497422672, 0.012548529435499748, 0.011571186318416811, 0.03233519280308755, 0.007924546382277624], [0.9228742718842677, 0.0178679725632684, 0.012065855980000135, 0.0108926802734516, 0.029056715670545907, 0.007242503628466274], [0.9146501485967626, 0.01955749355882447, 0.011202231728797066, 0.011447220527176064, 0.035150846514481505, 0.007992059073958132], [0.9097117290391098, 0.023513435150120485, 0.0119195425709697, 0.013696145805002067, 0.03252395002391883, 0.008635197410878941], [0.9106147337219315, 0.02141412922171834, 0.015082414117126243, 0.013561665769346911, 0.030785714285275656, 0.008541342884601389], [0.920900658843582, 0.020170938199774068, 0.009554617076143178, 0.011124617650678677, 0.03125517785414323, 0.006993990375679004]], [[0.9239409676458801, 0.01806818658626977, 0.011719817612683687, 0.0099137571987637, 0.03048855602999899, 0.005868714926403817], [0.032090512595077544, 0.016973225610970265, 0.011986014228662946, 0.004082746975454891, 0.9318355953258969, 0.003031905263937516], [0.9318480786602772, 0.023775814694713127, 0.02076779700173801, 0.004074272414929429, 0.016525094094573305, 0.0030089431337689937], [0.8540244825216613, 0.049022837200065034, 0.05253116078102974, 0.00799226106198775, 0.033426634911825195, 0.0030026235234310063], [0.12165150864872173, 0.08313697955290228, 0.09674614851633552, 0.015264087060397624, 0.6787314644460586, 0.004469811775584315], [0.11399348454472151, 0.07104536868902041, 0.0999714349282091, 0.01472437133662445, 0.6962592472146845, 0.00400609328674001], [0.8036147595172043, 0.053308929652098214, 0.0835833611908971, 0.01104009905504759, 0.045421261406212006, 0.0030315891785409467], [0.8048099267394413, 0.04701115686864573, 0.09809029889026971, 0.00921791718861281, 0.0378669943844151, 0.003003705928615406], [0.08004874488249088, 0.04297256712743326, 0.05497363880871222, 0.006981945452778931, 0.8120094763134105, 0.003013627415174357], [0.9088411549530374, 0.02611399282307917, 0.03225568990795281, 0.011924713749025987, 0.017832587469878557, 0.0030318610970259327], [0.9422315936879736, 0.019876848052587798, 0.01706798731378506, 0.004085555680963849, 0.0137199295871672, 0.003018085677522567], [0.9325728057343758, 0.022948889110393025, 0.020882931945014057, 0.00407519313857507, 0.016510646440461865, 0.0030095336311801485], [0.899661431453212, 0.03183873035527543, 0.03614731394650025, 0.0055168372959855765, 0.023792847120975087, 0.0030428398280516835], [0.04617528677547972, 0.03270155981757708, 0.026771518073108264, 0.004021039056536993, 0.8872956897355748, 0.0030349065417230817], [0.9390495119190593, 0.019475306747855466, 0.022416007001411067, 0.0040064591235167025, 0.012042172338897941, 0.0030105428692595144], [0.029475822150758797, 0.017151766002691183, 0.022303294552721405, 0.004200612450943554, 0.9238029590483358, 0.0030655457945493528], [0.9597815254361163, 0.013979745326029637, 0.010959866773509287, 0.004197288869017665, 0.008032365480678748, 0.003049208114648466], [0.9609570412855711, 0.01304248405808677, 0.010966788350585574, 0.004199939618248355, 0.00778217168084564, 0.003051575006662586], [0.028266664914601333, 0.0137545150752385, 0.011114082099353663, 0.004172152571197641, 0.9396475111954516, 0.003045074144157222], [0.9559638725841958, 0.014876183200653178, 0.011667685925567536, 0.004189132631781607, 0.010260679135997696, 0.003042446521804257], [0.9491809176890204, 0.01895097440201103, 0.014721222989023862, 0.004171880401451182, 0.009945410341649875, 0.003029594176843639], [0.9404493914433762, 0.02065496832994472, 0.020809846481244374, 0.004154475449113604, 0.010914898934095123, 0.00301641936222576], [0.05119648936593366, 0.027087444335989464, 0.03502487932165572, 0.004143861782391184, 0.8795274468437856, 0.003019878350244422], [0.8697564839748986, 0.037560532447837, 0.057247489401992695, 0.005595888746050537, 0.026824254652548788, 0.003015350776672484], [0.8725450482934913, 0.03828174923815503, 0.047303411558220876, 0.006307396715556975, 0.032544453638093586, 0.003017940556482304], [0.8792770678871541, 0.02674090778802004, 0.019058786123877014, 0.01793667544855296, 0.04387549427612102, 0.013111068476274877], [0.9073333071447992, 0.017309322027833786, 0.013990647194790323, 0.008789959387222507, 0.04677760464288007, 0.005799159602474036], [0.8882187201572794, 0.020108741611398966, 0.01872126641851734, 0.012976149059603564, 0.050650687250371695, 0.009324435502828998], [0.9450423720423948, 0.019824430021495972, 0.016252538699125473, 0.004244438361994409, 0.011609366127190294, 0.00302685474779908], [0.043062109632883705, 0.01906318534995697, 0.022789591589144995, 0.004213812476563534, 0.9078521551877617, 0.0030191457636889758], [0.048883552252421685, 0.022982231944809615, 0.02394027527907093, 0.00421619282858915, 0.8969579438203948, 0.0030198038747137747], [0.9101741421406704, 0.028920655819849473, 0.03182716807965167, 0.005773833737782186, 0.02022948842421881, 0.003074711797827423], [0.9246536630285348, 0.022338022093665498, 0.0273791577830534, 0.004221558450276375, 0.018399042383061757, 0.003008556261408109], [0.0416955216502053, 0.020416595169670686, 0.018605953441159298, 0.004217084670474468, 0.912043099242882, 0.003021745825608357], [0.9467937896349095, 0.018914468267155378, 0.016934391322775837, 0.004246923029686468, 0.010081548926628391, 0.003028878818844538], [0.038869341452719385, 0.018819561188969762, 0.017215073744799622, 0.004221024575132897, 0.9178500691208734, 0.0030249299175049045], [0.9034899820166385, 0.022533379797127415, 0.01856468789339976, 0.01441904383701961, 0.03106747877333142, 0.009925427682483256], [0.9402689467909299, 0.021848506123443488, 0.015720063751082525, 0.004239320871688959, 0.014900311412933874, 0.003022851049921228], [0.9388741428375379, 0.02321014921993053, 0.019886155777062105, 0.004231795357539435, 0.01078018223794792, 0.003017574569981871], [0.9184484553245233, 0.019610667346949405, 0.016168729017849104, 0.011796408371523025, 0.026577282027829177, 0.00739845791132604]], [[0.9157388760308403, 0.018500194843320175, 0.011563845389556031, 0.011740803270828363, 0.034359152661830844, 0.008097127803624309], [0.939553609508857, 0.020084674837189943, 0.016747972211057678, 0.00408579503562946, 0.016509611671363607, 0.0030183367359021447], [0.8486500082872983, 0.1050707186471089, 0.0030070992735215687, 0.006137007577305539, 0.034128066941244165, 0.0030070992735215687], [0.771443506643117, 0.16327901537151396, 0.0030526252945213056, 0.009708815177827087, 0.049463412218499425, 0.0030526252945213056], [0.14597230424822538, 0.21798797028477035, 0.0032881023047936393, 0.03533274707394366, 0.5941307737834733, 0.0032881023047936393], [0.12532784989649548, 0.20742812384982035, 0.003197341118905025, 0.030340235248168902, 0.6305091087677053, 0.003197341118905025], [0.4572358127824561, 0.290817982917767, 0.003035547295633047, 0.019614191548828975, 0.22626091815968183, 0.003035547295633047], [0.12381037801302536, 0.1569378076859991, 0.0030300223272790383, 0.010621766692494813, 0.7025700029539227, 0.0030300223272790383], [0.7816958175237693, 0.1579620841284631, 0.0030051443315755977, 0.008864435350068181, 0.04546737433454832, 0.0030051443315755977], [0.8219783405338118, 0.11474539467615273, 0.003048300685520413, 0.014931829692216455, 0.042247833726778254, 0.003048300685520413], [0.8895917533905999, 0.06893094516489397, 0.0030132000661323966, 0.0053736525923636334, 0.03007724871987775, 0.0030132000661323966], [0.8757540358411715, 0.07891769518658609, 0.0030289773515577477, 0.006181084209371288, 0.03308923005975573, 0.0030289773515577477], [0.8464538354457091, 0.09992417795567045, 0.0030066521485086635, 0.006632298159058172, 0.04097638414254502, 0.0030066521485086635], [0.07748987419870537, 0.14198841471605594, 0.0030197613269824235, 0.006263271045311664, 0.7682189173859622, 0.0030197613269824235], [0.8357570919875835, 0.11678848031079879, 0.0030868776658491705, 0.012914046116220329, 0.028366626253699043, 0.0030868776658491705], [0.9070788000405011, 0.06709855710652864, 0.0030226815443825943, 0.004810425365509819, 0.014966854398695415, 0.0030226815443825943], [0.928425936194631, 0.047011637295910506, 0.003056438321861464, 0.004863124014182386, 0.013586425851553258, 0.003056438321861464], [0.942657225992447, 0.03439234014026761, 0.003035016057107827, 0.004828906574980138, 0.012051495178089646, 0.003035016057107827], [0.9293803002261471, 0.0415780426049243, 0.003017786537615874, 0.004802445364977149, 0.018203638728719634, 0.003017786537615874], [0.9366913391148456, 0.035547903415875944, 0.0030276692534552804, 0.0048177952593962126, 0.01688762370297168, 0.0030276692534552804], [0.9274660293741009, 0.04491776124634148, 0.003014337851331589, 0.004797490467226818, 0.01679004320966767, 0.003014337851331589], [0.9011097766530476, 0.06952858497231357, 0.0030019771173639383, 0.004779037226107627, 0.018578646913803402, 0.0030019771173639383], [0.09274048486172753, 0.13468222720797685, 0.003017798520499138, 0.007290104928107189, 0.7592515859611901, 0.003017798520499138], [0.7943651299716681, 0.14979587896564492, 0.0030198862748932387, 0.008754269516014416, 0.04104494899688605, 0.0030198862748932387], [0.7842210887024343, 0.14638839694829503, 0.003024505889220046, 0.009785023539800848, 0.0535564790310297, 0.003024505889220046], [0.8505084257334247, 0.041055692789833356, 0.05281262275579495, 0.008336230053286786, 0.04427175277689609, 0.003015275890764233], [0.8720468153306102, 0.02771539438340818, 0.021274591350332998, 0.020244238791007035, 0.042953424026701846, 0.015765536117939676], [0.9333340695214389, 0.021447738928199164, 0.01976716436061481, 0.004154095324818947, 0.018281795098777545, 0.003015136766150629], [0.055732572642978595, 0.05649777347728171, 0.0030107756201213994, 0.0049345057722036305, 0.8768135968672932, 0.0030107756201213994], [0.08299254209031014, 0.08416714506769096, 0.0030373008200868753, 0.006543925829514324, 0.8202217853723109, 0.0030373008200868753], [0.07776460459259672, 0.08319377622229887, 0.0030423165730800762, 0.006555449932721904, 0.8264015361062225, 0.0030423165730800762], [0.8462493805665637, 0.09933502621560282, 0.0030127148390561307, 0.006549537818607649, 0.04184062572111331, 0.0030127148390561307], [0.8766332279770077, 0.08067358835365211, 0.0030415970426754817, 0.0064290824247247354, 0.030180907159264466, 0.0030415970426754817], [0.9115316292727824, 0.05707394628173731, 0.0030043272522112356, 0.0048696670997620175, 0.02051610284129571, 0.0030043272522112356], [0.03905584435994812, 0.047889901146543214, 0.0030178005096188768, 0.004940457142453552, 0.9020781963318174, 0.0030178005096188768], [0.9246825510587021, 0.02283980222049831, 0.027877640982415127, 0.004218973038321509, 0.017373780755603214, 0.003007251944459684], [0.8745046329431341, 0.02779412707981133, 0.022282645919843826, 0.021705435056169602, 0.03648390086176506, 0.017229258139276084], [0.9152609579299831, 0.02468439896921557, 0.030822936146954864, 0.004222566545432972, 0.022000434499280196, 0.0030087059091333302], [0.047429693865486, 0.0263495190859915, 0.030685636205090884, 0.004205866302825581, 0.888318099431171, 0.003011185109435003], [0.9058591387888371, 0.026036148511949273, 0.013438634169397147, 0.015216307145343815, 0.02982967710856944, 0.009620094275903204]], [[0.9126968009414015, 0.018970426533737275, 0.010972713051774389, 0.012549529111633826, 0.03628738414403132, 0.008523146217421722], [0.915324291224365, 0.028087633366653188, 0.02578191949502712, 0.005565809471347442, 0.02216953007779514, 0.0030708163648121914], [0.10886007740514145, 0.1224441917380145, 0.003014706908973386, 0.008799713056696403, 0.7538666039822008, 0.003014706908973386], [0.13628249174855805, 0.16951623795349666, 0.0031219382060281822, 0.012299034718293004, 0.6756583591675959, 0.0031219382060281822], [0.46565439204536746, 0.2609130751677063, 0.003042912528386785, 0.01938668379785783, 0.24796002393229502, 0.003042912528386785], [0.6993504944707172, 0.2241538756368887, 0.003116895530376416, 0.013731718801467055, 0.056530120030174255, 0.003116895530376416], [0.7434156605101921, 0.1692699877127516, 0.0030583609759905488, 0.012466180750883899, 0.06873144907419126, 0.0030583609759905488], [0.7654573718167074, 0.16990023351196915, 0.0030137695811171933, 0.01064503011383688, 0.047969825395252304, 0.0030137695811171933], [0.8415015104817637, 0.10593322809390583, 0.003003482630209871, 0.007233909032918107, 0.039324387130992663, 0.003003482630209871], [0.8818558593549007, 0.07170254233623635, 0.0030250359950496327, 0.006191297335359434, 0.03420022898340422, 0.0030250359950496327], [0.8613904549877746, 0.08448228981933445, 0.003018597300456094, 0.0066277484433567785, 0.041462312148622074, 0.003018597300456094], [0.8202468684866622, 0.11988813574316089, 0.003011277273333865, 0.008369257688106351, 0.045473183535403, 0.003011277273333865], [0.1049781086506223, 0.13374313468941793, 0.003015363921503065, 0.009410647484096417, 0.7458373813328574, 0.003015363921503065], [0.7758072239308583, 0.16474734483503015, 0.0030108660308478473, 0.01010849241328773, 0.04331520675912815, 0.0030108660308478473], [0.7896778347668645, 0.16156562799760119, 0.00300852730139175, 0.007655101080064818, 0.03508438155268583, 0.00300852730139175], [0.8504232038718267, 0.10294780144658007, 0.003010559328644893, 0.006252804145583887, 0.034355071878719584, 0.003010559328644893], [0.90963090525648, 0.06255317249211431, 0.003002252695528495, 0.004779462860296365, 0.017031954000052255, 0.003002252695528495], [0.06086649071098087, 0.08248509597807908, 0.0030191396030028296, 0.004860628549258484, 0.845749505555676, 0.0030191396030028296], [0.8846583978669013, 0.07407692614544871, 0.0030460717948487754, 0.006322702883866349, 0.028849829514086177, 0.0030460717948487754], [0.9075845201556586, 0.05359679550802543, 0.0030108012075327545, 0.004794825890517577, 0.028002256030732753, 0.0030108012075327545], [0.9175098859224794, 0.05207867568348884, 0.003006236605469105, 0.004785456076929898, 0.01961350910616365, 0.003006236605469105], [0.09673286447175737, 0.10775793780705499, 0.0030068303159987387, 0.007852215159195064, 0.7816433219299952, 0.0030068303159987387], [0.09315739400963059, 0.14119967545741147, 0.0030088493615007435, 0.00863294320074405, 0.7509922886092125, 0.0030088493615007435], [0.781342149383512, 0.15095280437730027, 0.0030282011725377015, 0.009520570149852522, 0.052128073744260046, 0.0030282011725377015], [0.5454406759926149, 0.04856393276841882, 0.11385759454495258, 0.014816679064098065, 0.27431631485575103, 0.0030048027741643914], [0.8890145275275115, 0.03560846148035287, 0.010267750389051247, 0.01975838359045685, 0.033686621331448396, 0.011664255681179082], [0.8665264750343965, 0.036075710311108566, 0.04670187099718665, 0.006920146685290627, 0.040752982440609584, 0.0030228145314080152], [0.8674618504450692, 0.08013600534993987, 0.0030287815486275092, 0.006289720003260952, 0.04005486110447502, 0.0030287815486275092], [0.8629770240737613, 0.08728918209532394, 0.0030264317159352325, 0.006397919205172869, 0.03728301119387158, 0.0030264317159352325], [0.8479799803734644, 0.09938051507921458, 0.0030126126169906027, 0.006954673517629726, 0.039659605795710075, 0.0030126126169906027], [0.10628740803129971, 0.124671765279057, 0.003005949003521005, 0.009474898284247042, 0.7535540303983542, 0.003005949003521005], [0.8191359104698027, 0.11660225600476244, 0.0030044109457617266, 0.008387432542709154, 0.0498655790912023, 0.0030044109457617266], [0.8441992189239514, 0.10279410347903645, 0.0030099091457365394, 0.0070831143365505415, 0.039903744968988575, 0.0030099091457365394], [0.8744083708818089, 0.0843630189417416, 0.003038519815979606, 0.006422066626015979, 0.028729503918474404, 0.003038519815979606], [0.889276872212704, 0.07447336299430234, 0.003004999405500816, 0.0048731649969172225, 0.02536660098507484, 0.003004999405500816], [0.8615552446648758, 0.037561927907165116, 0.05502370610050689, 0.0069825292555824895, 0.03586137004636387, 0.003015222025505664], [0.8625611706021608, 0.031225104377621084, 0.023154674950930033, 0.026505032385110115, 0.035875324618134, 0.020678693066044033], [0.8760666734000724, 0.033457640411861535, 0.020841859431482673, 0.02315738229561746, 0.029857840234524455, 0.01661860422644156], [0.8967798219763541, 0.02994118554858109, 0.04055731716073508, 0.005487721064526765, 0.024220265077937137, 0.003013689171865811], [0.9017908405331915, 0.02784749974062286, 0.013458095456598557, 0.016347471432418218, 0.030653982967906983, 0.009902109869261948]], [[0.917939700791471, 0.01746357556140968, 0.012067670626224079, 0.010985716829422596, 0.034164618735450084, 0.007378717456022661], [0.9309945544306172, 0.02367687278230974, 0.019087027744830034, 0.004080619145480291, 0.01914791916428088, 0.0030130067324818438], [0.8479488945505115, 0.0988608495447629, 0.003007022268238658, 0.006756172981850927, 0.04042003838639745, 0.003007022268238658], [0.13964613007285023, 0.135108260570674, 0.0030169399937297484, 0.011280554292632139, 0.7079311750763843, 0.0030169399937297484], [0.13624982995082233, 0.16511611257176326, 0.003116757701264195, 0.015313930148501964, 0.6770866119263842, 0.003116757701264195], [0.11630769348473921, 0.16579207297964912, 0.003071400376023294, 0.012385510394077452, 0.6993719223894876, 0.003071400376023294], [0.10737596659850572, 0.17459729388380907, 0.003023855409182789, 0.010936838818632976, 0.7010421898806867, 0.003023855409182789], [0.8372677706731887, 0.10848093572654652, 0.003002753835954361, 0.0073153669289741105, 0.0409304189993819, 0.003002753835954361], [0.8944486582003662, 0.0642955037607736, 0.003010660129779432, 0.005678171055896464, 0.02955634672340466, 0.003010660129779432], [0.8762871138769888, 0.07586084994179061, 0.0030312457526337436, 0.006187065811224101, 0.03560247886472911, 0.0030312457526337436], [0.8235382226830239, 0.11388648277246018, 0.0030175422774567895, 0.008340449059316425, 0.04819976093028602, 0.0030175422774567895], [0.8042367200090523, 0.12457443839553947, 0.003013539198325199, 0.010712373572181577, 0.05444938962657618, 0.003013539198325199], [0.5026744077561037, 0.24899440330215591, 0.003002421819596577, 0.019079213110966983, 0.22324713219158035, 0.003002421819596577], [0.7352501161932953, 0.17590289293484318, 0.0030364988939658275, 0.019895810427140156, 0.0628781826567897, 0.0030364988939658275], [0.10824923306053029, 0.1679822833531204, 0.003037647435486457, 0.023148066851799997, 0.6945451218635764, 0.003037647435486457], [0.8137570332329279, 0.13556217621780928, 0.0030082922556375832, 0.007807267064253564, 0.03685693897373415, 0.0030082922556375832], [0.8100436623771633, 0.13050642390472839, 0.0030081941166964265, 0.007607346900605021, 0.04582617858411053, 0.0030081941166964265], [0.8350376446028233, 0.11010993965183598, 0.0030034492044719494, 0.007396169438845188, 0.04144934789755187, 0.0030034492044719494], [0.11315758873351618, 0.12843937495063953, 0.0030163005684626996, 0.009962804902247064, 0.7424076302766718, 0.0030163005684626996], [0.8541817693025003, 0.09508958482170837, 0.00301283204866461, 0.006999253285216751, 0.03770372849324527, 0.00301283204866461], [0.9033402502432861, 0.060871662405968405, 0.003003982066503421, 0.004784407704479841, 0.024995715513258774, 0.003003982066503421], [0.9104959168201305, 0.05571635035081828, 0.003004519528861705, 0.004784684739676285, 0.022994009031651445, 0.003004519528861705], [0.8303763541572872, 0.11315338143877175, 0.0030032291162253445, 0.007195618562311719, 0.043268187609178756, 0.0030032291162253445], [0.840743694021853, 0.0435503113654506, 0.06161009975518985, 0.009064604683462669, 0.04202353015357113, 0.003007760020472573], [0.8702556860829757, 0.032455246229612995, 0.021825266170872267, 0.024554894138932023, 0.032457256056410526, 0.018451651321196676], [0.8441290791577852, 0.0405984303763529, 0.055490954694783545, 0.008706900500736754, 0.04805484171107008, 0.0030197935592713777], [0.8459165994439777, 0.09798571270155816, 0.00301058648998764, 0.006504136446155683, 0.04357237842833329, 0.00301058648998764], [0.10666881544875614, 0.0970880406427151, 0.003018638915506197, 0.007706531918362042, 0.7824993341591543, 0.003018638915506197], [0.850644592722058, 0.08693735480890179, 0.003023654145578441, 0.007618692239067605, 0.048752051938815856, 0.003023654145578441], [0.1229015733034432, 0.11482025224985445, 0.0030235626267372, 0.010202166142952168, 0.7460288830502758, 0.0030235626267372], [0.8098244508797015, 0.1200649368973475, 0.0030055761282617027, 0.010729991152031751, 0.053369468814395804, 0.0030055761282617027], [0.5099922349282172, 0.216659920791047, 0.0030009952680338913, 0.017346087546456196, 0.24999976619821188, 0.0030009952680338913], [0.8270883761180899, 0.10852241605611401, 0.003006486735412107, 0.008513672889990538, 0.04986256146498135, 0.003006486735412107], [0.8314070549880936, 0.11148638765852319, 0.003004379667692848, 0.00757283731733684, 0.04352496070066045, 0.003004379667692848], [0.10138363816044733, 0.11994609317908746, 0.003004800132770594, 0.008219806075547635, 0.7644408623193764, 0.003004800132770594], [0.8166405340294658, 0.045325168401668184, 0.077500344900145, 0.010057932355266386, 0.04745769909242919, 0.0030183212210252467], [0.8671731223536054, 0.03294809854958637, 0.02341638514504352, 0.02672528336036611, 0.03096877376462439, 0.01876833682677431], [0.8129713341321495, 0.0527321369649285, 0.06860856142484127, 0.011976920340837926, 0.05069291560440163, 0.003018131532840929], [0.846705777635621, 0.04569400624674359, 0.06580834865176151, 0.007679952078647557, 0.03110773693473605, 0.0030041784524903856], [0.9068748965997431, 0.024069554281360546, 0.01417231244198842, 0.016402765829916354, 0.02783769874122927, 0.010642772105762201]], [[0.9151140018085321, 0.01983662927418397, 0.01531547312159548, 0.013966547660985677, 0.0266266753168772, 0.009140672817825444], [0.05592874838314968, 0.02400439091602975, 0.02341707898450789, 0.004093722980810218, 0.8895189524827174, 0.0030371062527850654], [0.10463206098798734, 0.10198632750076965, 0.0030133971332214366, 0.008117050169098323, 0.7792377670757018, 0.0030133971332214366], [0.8324603783662194, 0.10391064813706276, 0.003007175559686337, 0.008155044060522015, 0.04945957831682314, 0.003007175559686337], [0.1045519121979822, 0.11733279627863398, 0.003009056739477774, 0.009472639652384715, 0.7626245383920436, 0.003009056739477774], [0.8429817865335261, 0.10496054397148141, 0.0030038098640384277, 0.007264765380684144, 0.03878528438623156, 0.0030038098640384277], [0.8669009304859348, 0.08063305273769154, 0.003022965387563405, 0.00663129131549774, 0.039788794685749224, 0.003022965387563405], [0.9170805081885448, 0.04897079965881515, 0.0030083072014493576, 0.00470907460625657, 0.02322300314348484, 0.0030083072014493576], [0.9231427929615532, 0.048823292596356184, 0.0030442728442330014, 0.004761837700211586, 0.017183531053413012, 0.0030442728442330014], [0.0540729646500276, 0.049556674392909235, 0.003014359033679444, 0.0047663654008023425, 0.885575277488902, 0.003014359033679444], [0.8256307828798706, 0.10050047164057076, 0.003009155386227258, 0.0074170348041179895, 0.06043339990298622, 0.003009155386227258], [0.8145996756941245, 0.120206610257285, 0.003005956779239163, 0.009654361062141566, 0.04952743942797052, 0.003005956779239163], [0.7674980599970613, 0.14621860918229604, 0.0030197205471513707, 0.011085911046673608, 0.0691579786796663, 0.0030197205471513707], [0.7728209971209652, 0.1607505041835986, 0.0030130101886377313, 0.011522772364792518, 0.04887970595336824, 0.0030130101886377313], [0.4947918621778154, 0.22782152668910405, 0.003013771860680517, 0.01619489683489143, 0.2551641705768281, 0.003013771860680517], [0.8130931722433528, 0.11779490681543132, 0.0030075477642374196, 0.0097511398538062, 0.053345685558935, 0.0030075477642374196], [0.8062074438707786, 0.11578380184031462, 0.0030041172322493688, 0.00828239726290046, 0.06371812256150758, 0.0030041172322493688], [0.8187511577261207, 0.11955706917023701, 0.003002242804582316, 0.00916192962468073, 0.046525357869796904, 0.003002242804582316], [0.7841740441443235, 0.14356453712458003, 0.003022648313391977, 0.011805392950954143, 0.05441072915335848, 0.003022648313391977], [0.7851411136933668, 0.1477709428013209, 0.003022100304223583, 0.010736603151839308, 0.050307139745025875, 0.003022100304223583], [0.09572462352076473, 0.09951021742659388, 0.0030123645411442948, 0.00718263250824453, 0.7915577974621083, 0.0030123645411442948], [0.06416634747645235, 0.05988763619992253, 0.0030207441162883137, 0.00486407678049578, 0.8650404513105527, 0.0030207441162883137], [0.9018584877230021, 0.05924217680271838, 0.003008236785286362, 0.004792230832021928, 0.028090631071684816, 0.003008236785286362], [0.10418354605919566, 0.04443254462950462, 0.050213355589904786, 0.008450829872888083, 0.7896775459857738, 0.003042177862733056], [0.8790123411099234, 0.024451630048268752, 0.0212878443797846, 0.019864777928832855, 0.03942098052067872, 0.01596242601251162], [0.8667897021655333, 0.03766950895501313, 0.041720534834491285, 0.0071520739533328, 0.04363909717512954, 0.0030290829165000987], [0.8370555272483408, 0.09663911045794538, 0.0030145688632159666, 0.007861835730441831, 0.05241438883684019, 0.0030145688632159666], [0.8573232137923398, 0.08560247238977868, 0.0030209705860272116, 0.006927606716023668, 0.044104765929803356, 0.0030209705860272116], [0.14551222700377472, 0.09702833072024629, 0.024455314591826587, 0.04351193904934051, 0.18494418262814458, 0.5045480060066674], [0.5234249460770675, 0.182847671586748, 0.003016778683743465, 0.01627032742933017, 0.2714234975393675, 0.003016778683743465], [0.810303850655539, 0.11892154331188139, 0.003007058793363388, 0.010190252528855732, 0.05457023591699705, 0.003007058793363388], [0.12582589237195885, 0.12086742730173936, 0.0030271712890745602, 0.01023560808441506, 0.7370167296637375, 0.0030271712890745602], [0.8273025120937656, 0.10857647576849201, 0.0030070771479266257, 0.00805595253178617, 0.050050905310103144, 0.0030070771479266257], [0.8469643007314721, 0.09944499073486404, 0.003012778476113565, 0.006565109716082236, 0.04100004186535458, 0.003012778476113565], [0.806259905190979, 0.1325644761689273, 0.0030051623614397592, 0.008180943810269825, 0.04698435010694432, 0.0030051623614397592], [0.7819554991702949, 0.15205953707842831, 0.0030211937530805863, 0.009531847029067078, 0.050410729216048535, 0.0030211937530805863], [0.5233055285426672, 0.06515162418897047, 0.1580472008671394, 0.018115384807790742, 0.23156982235845325, 0.003810439234978978], [0.7440507411596616, 0.18620127056928934, 0.0030806714038487237, 0.012513038276439676, 0.051073607186911875, 0.0030806714038487237], [0.10718383532946668, 0.055879471628195405, 0.08581450213961346, 0.011099363477666314, 0.7369516729883525, 0.003071154436705639], [0.9042432356310891, 0.0256440129341704, 0.014888714394841619, 0.016443241153059708, 0.028450220667390832, 0.010330575219448445]], [[0.9098978681608327, 0.018792327054543204, 0.017199192933758975, 0.013296002391977415, 0.031288725292214666, 0.009525884166673108], [0.885230504757791, 0.024866409503357854, 0.02527277180257531, 0.019561353330253498, 0.03091562706886427, 0.01415333353715817], [0.8631285325146667, 0.036163519459280244, 0.05227719666462745, 0.006915084279646297, 0.038501507521745, 0.003014159560034343], [0.8299217307436567, 0.09981000904835921, 0.0030124386706081273, 0.007024350578857602, 0.05721903228791021, 0.0030124386706081273], [0.09646103834320717, 0.08395032480598175, 0.0030256550624351316, 0.00629557608837824, 0.8072417506375626, 0.0030256550624351316], [0.05357241479694071, 0.04449487144514765, 0.0030191840467614617, 0.004773525689930396, 0.8911208199744584, 0.0030191840467614617], [0.05960383360585474, 0.04585609521361606, 0.003024859327633065, 0.00478366769410061, 0.8837066848311624, 0.003024859327633065], [0.9411418508183029, 0.032611552793632724, 0.003030489517702251, 0.004739572931604135, 0.015446044421055752, 0.003030489517702251], [0.9374979705361034, 0.03367457776988282, 0.00302704124214882, 0.0047345407813639976, 0.01803882842835211, 0.00302704124214882], [0.051026497447005735, 0.04792984347008121, 0.0030133737771988567, 0.004763996532911627, 0.8902529149956038, 0.0030133737771988567], [0.8523446426537504, 0.0857756438892535, 0.0030334806606176195, 0.006382405501572396, 0.04943034663418838, 0.0030334806606176195], [0.8367531141879101, 0.10863212831714804, 0.003002644597908023, 0.007403764787093844, 0.04120570351203218, 0.003002644597908023], [0.8225448437119742, 0.1210504075337377, 0.0030024857796003453, 0.0082632914387956, 0.04213648575629165, 0.0030024857796003453], [0.1335659680272876, 0.1336726109637412, 0.0030077865628622175, 0.009561763704735248, 0.7171840841785115, 0.0030077865628622175], [0.8310918166472997, 0.10773186564244447, 0.0030049474799953985, 0.007949657920145403, 0.04721676483011989, 0.0030049474799953985], [0.8423657266021778, 0.10143505750031181, 0.003007203494787645, 0.007307688254247674, 0.04287712065368743, 0.003007203494787645], [0.087636775249814, 0.09189320266402863, 0.0030201690158107902, 0.0064371505450351325, 0.8079925335095007, 0.0030201690158107902], [0.7831028851465887, 0.142071103754003, 0.003016540879277908, 0.009524136768618503, 0.05926879257223404, 0.003016540879277908], [0.5150964505529031, 0.22987020094773689, 0.0030049504398683177, 0.017356760056588233, 0.23166668756303505, 0.0030049504398683177], [0.1180217396728958, 0.13849042914347778, 0.0030279317672031424, 0.01120104896126731, 0.7262309186879529, 0.0030279317672031424], [0.11107450397090766, 0.11940793742979837, 0.003012845353685747, 0.009054199499409915, 0.7544376683925124, 0.003012845353685747], [0.09556664322656977, 0.08614307877562956, 0.0030259954686708817, 0.006623874334171289, 0.8056144127262876, 0.0030259954686708817], [0.8696930001846526, 0.06655432424078993, 0.0030512513868209603, 0.006337858845756166, 0.05131231395515946, 0.0030512513868209603], [0.8815039726497432, 0.029750090126032504, 0.03706340944267455, 0.005731052038405491, 0.0429037364718247, 0.0030477392713195773], [0.8747096016945449, 0.025482527366527948, 0.02220610386165975, 0.02047977928763494, 0.03985216114205374, 0.017269826647578868], [0.5970976304291038, 0.038453067018645114, 0.07224804055178854, 0.011256931038061201, 0.2778911138825089, 0.0030532170798922903], [0.8555007245140623, 0.08594735777120098, 0.003022001236059204, 0.00633649165316153, 0.04617142358945666, 0.003022001236059204], [0.8495653434484763, 0.09501970018492854, 0.0030122204668367888, 0.006799032449961772, 0.042591482982959825, 0.0030122204668367888], [0.8503153862038694, 0.09285119923773326, 0.003017048620722169, 0.00724025243515317, 0.0435590648818, 0.003017048620722169], [0.12335441260631713, 0.11858248348714615, 0.0030237673612563943, 0.009899367255035079, 0.7421162019289889, 0.0030237673612563943], [0.8397091744684081, 0.09952528897099595, 0.003010447107827082, 0.008224358379155219, 0.0465202839657867, 0.003010447107827082], [0.8399297029543149, 0.0988413475937641, 0.0030111216726103627, 0.008197898742159877, 0.047008807364540106, 0.0030111216726103627], [0.8872785890543666, 0.06631456912669031, 0.00306061552681491, 0.00646932526868887, 0.03381628549662439, 0.00306061552681491], [0.8925366907376275, 0.07076061873521829, 0.003004171294262882, 0.004875448205715276, 0.025818899732913188, 0.003004171294262882], [0.8399555144672777, 0.11462128218373153, 0.00300960995891358, 0.0063628214754159595, 0.03304116195574767, 0.00300960995891358], [0.7864208581978225, 0.15402606654762577, 0.0030198326192414763, 0.009450681287024868, 0.044062728729044064, 0.0030198326192414763], [0.7628540204645066, 0.1708197461221325, 0.003047323962102938, 0.010591355473118754, 0.04964023001603632, 0.003047323962102938], [0.7617664548046017, 0.16990093691393818, 0.003047276950634333, 0.010910085680887211, 0.0513279686993043, 0.003047276950634333], [0.8530002057968795, 0.04708934534597615, 0.06008075457986424, 0.007407011046755816, 0.02941742690128383, 0.003005256329240469], [0.9091726521424999, 0.019821024613937824, 0.014899910185630577, 0.013354068224481331, 0.033609609255494104, 0.00914273557795622]], [[0.9001484957775476, 0.02448897157093395, 0.01602581908042331, 0.01737655612891992, 0.030676582649634694, 0.011283574792540286], [0.8585472194190336, 0.04059915230428732, 0.04744043493783931, 0.0077408979628889475, 0.04265566031174687, 0.003016635064203972], [0.8931973278342139, 0.03550994657193496, 0.009280953628599218, 0.018881014529921678, 0.03255991783088393, 0.010570839604446198], [0.09855195602086485, 0.04334138279253883, 0.06251878134591368, 0.008072534117178991, 0.7844859781477749, 0.0030293675757288585], [0.10349019393679645, 0.08263584563537979, 0.003029975218148443, 0.006765946239180057, 0.8010480637523468, 0.003029975218148443], [0.06450855535725003, 0.04957140914995417, 0.0030297229825171387, 0.0047945981588004526, 0.875065991368961, 0.0030297229825171387], [0.0873037992346203, 0.05431095040423602, 0.0030729965236689838, 0.006389577541697595, 0.8458496797721081, 0.0030729965236689838], [0.9286647341223342, 0.03781549572895277, 0.003020863428994681, 0.004726087244780259, 0.02275195604594335, 0.003020863428994681], [0.915772762847155, 0.05100818488741047, 0.0030398476017136173, 0.004755707486985549, 0.022383649575021782, 0.0030398476017136173], [0.8714531781362594, 0.08720046063266965, 0.003060575054067372, 0.0062445419181113284, 0.028980669204824963, 0.003060575054067372], [0.8287315544291517, 0.1100347692585948, 0.003003077250576136, 0.008760015464804274, 0.046467506346297045, 0.003003077250576136], [0.8305102165893651, 0.10211335579960862, 0.0030137832317745873, 0.007050899835569699, 0.05429796131190738, 0.0030137832317745873], [0.8379882343111454, 0.10610737095311829, 0.003003973293595538, 0.007038442029210697, 0.04285800611933446, 0.003003973293595538], [0.0784382890669802, 0.08790118121859218, 0.0030531272976177842, 0.006243845066279192, 0.8213104300529128, 0.0030531272976177842], [0.8672442348282415, 0.08150535594927973, 0.003018881240519422, 0.0061318008517997884, 0.03908084588964009, 0.003018881240519422], [0.8896412836229435, 0.06735143595129502, 0.0030548628058577, 0.006341908755860953, 0.030555646058185247, 0.0030548628058577], [0.08429538340516685, 0.07929567720709604, 0.0030367475653576394, 0.006428365378367138, 0.8239070788786547, 0.0030367475653576394], [0.8436244382439295, 0.09664644953295758, 0.0030105092398003616, 0.0076612117642143865, 0.04604688197929782, 0.0030105092398003616], [0.8122763972414305, 0.11717051160544789, 0.0030111267269508158, 0.008822506728902271, 0.0557083309703177, 0.0030111267269508158], [0.8106663783710837, 0.12112668514016957, 0.0030081074591108248, 0.009064558762809044, 0.053126162807716044, 0.0030081074591108248], [0.09059112979082999, 0.08331570973379931, 0.0030289499034636975, 0.006869096851878455, 0.8131661638165648, 0.0030289499034636975], [0.10140788267638852, 0.07367357958858446, 0.003044652168799764, 0.006447541689632949, 0.8123816917077946, 0.003044652168799764], [0.8683910022830044, 0.07135075282912083, 0.0030414023302873646, 0.006444403079230765, 0.04773103714806921, 0.0030414023302873646], [0.11123819257809422, 0.0820830200741087, 0.003037528056912254, 0.007439882012310564, 0.793163849221662, 0.003037528056912254], [0.8759830472632403, 0.030127636061709078, 0.04247798429879441, 0.005948009465609633, 0.04242463737988105, 0.003038685530765552], [0.8882185224378691, 0.031778123390539495, 0.012203647388269085, 0.018599731908503947, 0.036388372790901596, 0.012811602083916627], [0.09774577670286799,