{"prediction": [[[0.900562410392336, 0.06156633986239886, 0.0035128024195323054, 0.0035128024195323054, 0.027332842486668087, 0.0035128024195323054], [0.8103519721894032, 0.0833325802539414, 0.030350029999112824, 0.008109659412772504, 0.06363981189918021, 0.00421594624558969], [0.8298617767588429, 0.07750529140865742, 0.013748906356500777, 0.00669292789693489, 0.06808629216526471, 0.004104805413799411], [0.8037002330098225, 0.08572994146868369, 0.024729068992912984, 0.006421745090482074, 0.07507977580344051, 0.0043392356346583175], [0.8395354646394216, 0.06990335216548184, 0.01633500175552595, 0.004392703334252546, 0.0658388942053899, 0.003994583899928175], [0.8153017072398893, 0.07805753071623972, 0.020391467450646298, 0.004250147069041676, 0.07774900045514148, 0.004250147069041676], [0.8273576308957323, 0.07174938015480137, 0.021256513273390787, 0.004102870289893323, 0.07143073509628897, 0.004102870289893323], [0.8486704581876328, 0.06358734549726208, 0.015481679868519973, 0.004548887367194618, 0.06381545090319063, 0.0038961781761999077], [0.8561497574958333, 0.06268089575562967, 0.01632679395425285, 0.003817092059332965, 0.05720836867561822, 0.003817092059332965], [0.8689662123893542, 0.05943505242865896, 0.018075749869275147, 0.003679206895113311, 0.04616457152248493, 0.003679206895113311], [0.8698086214652325, 0.06173151336209879, 0.011885851392838861, 0.003708878408487212, 0.04915625696285544, 0.003708878408487212], [0.880947153353794, 0.06026208945349466, 0.010584819829531491, 0.003613837310407587, 0.040978262742364706, 0.003613837310407587], [0.8894230669099203, 0.061395432650711915, 0.0080977508259162, 0.0035636004199564707, 0.03395654877353843, 0.0035636004199564707], [0.8912623863235706, 0.06059532877019891, 0.0035757069530118423, 0.0035757069530118423, 0.03741516404719517, 0.0035757069530118423], [0.8801732247295082, 0.06315416440309078, 0.005863583506552284, 0.0036587026832656214, 0.0434916219943176, 0.0036587026832656214], [0.9002681157403378, 0.06022165580487044, 0.0038717731371275058, 0.003506299877771369, 0.028625855562121393, 0.003506299877771369], [0.8742339267347242, 0.06266562417545511, 0.0068438316854730515, 0.00370408546063652, 0.04884844648307458, 0.00370408546063652], [0.886352725581207, 0.06416448671419245, 0.008971110615801645, 0.0035927665945068017, 0.03332614389978509, 0.0035927665945068017], [0.9016080012874388, 0.059087774399178034, 0.00517019603077944, 0.003484942457255014, 0.027164143368093707, 0.003484942457255014], [0.8971055351233018, 0.060475575154772664, 0.007174758388728917, 0.003510495512334033, 0.028223140308528495, 0.003510495512334033], [0.8855904169373194, 0.062440000737668575, 0.0036272048243021176, 0.0036272048243021176, 0.041087967852105556, 0.0036272048243021176], [0.8814083423773099, 0.0608685609020947, 0.013079266103854528, 0.003599034369157745, 0.037445761878425375, 0.003599034369157745], [0.8809371548989525, 0.06319427362903308, 0.008222542394865405, 0.0036360463829711665, 0.04037393631120667, 0.0036360463829711665], [0.8874422057616382, 0.0620148338178545, 0.00549779867157658, 0.0035969314860043143, 0.03785129877692205, 0.0035969314860043143], [0.8694078087483056, 0.0676553489207056, 0.011486517252066356, 0.003728200219148323, 0.04399392464062587, 0.003728200219148323], [0.8172494171493625, 0.08014910840289792, 0.012087092915332581, 0.004294792560733319, 0.08192479641094037, 0.004294792560733319], [0.864549721401408, 0.06756974032618031, 0.012707096008840315, 0.003764449329142879, 0.0476445436052857, 0.003764449329142879], [0.8903105535972238, 0.05913793006524904, 0.00723878476675326, 0.003553933414810223, 0.03620486474115347, 0.003553933414810223], [0.8841480567833512, 0.0597059132310242, 0.007206674752910236, 0.0036060880652199873, 0.04172717910227446, 0.0036060880652199873], [0.8643187177995468, 0.06534508786218972, 0.010884645826636093, 0.0037737110657329307, 0.05190412638016157, 0.0037737110657329307], [0.8402087957501037, 0.07190677528408206, 0.01578580881555269, 0.003996127018097691, 0.06410636611406623, 0.003996127018097691], [0.8650291982006063, 0.06335359061290652, 0.011725454508609044, 0.003758107116358713, 0.05237554244516045, 0.003758107116358713], [0.8505991794017415, 0.06675755461603784, 0.021442762171425895, 0.003849210087084637, 0.05350208363662551, 0.003849210087084637], [0.8504902650113283, 0.07067703599194076, 0.02008499855104132, 0.0038641731433692486, 0.05101935415895104, 0.0038641731433692486], [0.8677659989671356, 0.0701000945672866, 0.014868408792548785, 0.003733005843453324, 0.03979948598612231, 0.003733005843453324], [0.8532262034949796, 0.07546475225104678, 0.018048255512936647, 0.003862169239866582, 0.04553645026130378, 0.003862169239866582], [0.8702144356173467, 0.07062579257153227, 0.006782663993416307, 0.003760295613552081, 0.04485651659060066, 0.003760295613552081], [0.852424208205278, 0.07797494537361042, 0.01659815771697607, 0.0038849317256928516, 0.045232825252750006, 0.0038849317256928516], [0.8875393130324435, 0.06508347760846456, 0.014283201161897503, 0.0035695304526752944, 0.025954947291843878, 0.0035695304526752944], [0.9130606503826253, 0.06106533059288824, 0.0034437071370856617, 0.0034437071370856617, 0.015542897613229576, 0.0034437071370856617]], [[0.829477855422006, 0.08046089782237116, 0.023994371046713793, 0.007817764549428908, 0.05420634035975496, 0.004042770799724956], [0.6925296282476159, 0.09474208210644912, 0.13960674238042264, 0.019106183504601415, 0.05100294186649704, 0.0030124218944137774], [0.6523316834541439, 0.11136638477368872, 0.14611730203676387, 0.019838461624843175, 0.06733002638215743, 0.003016141728402787], [0.6780323908257574, 0.10404848292901685, 0.1349919991506978, 0.018718814110652505, 0.061191974907107316, 0.0030163380767683325], [0.7383611181409184, 0.08828492891147695, 0.11368265612730083, 0.015175547424918279, 0.041493069144195135, 0.003002680251190437], [0.06802674392477824, 0.06440014141001478, 0.06108954351964434, 0.0098659159207202, 0.7935807758105295, 0.0030368794143129096], [0.8123216289030079, 0.07717115296508853, 0.06412406045248041, 0.010285021192929011, 0.0330765623129158, 0.003021574173578322], [0.6823268396478299, 0.0745157402261312, 0.05420404572894829, 0.03309903517468345, 0.14634799695247205, 0.009506342269935087], [0.7221826147376404, 0.06232178739857247, 0.06624765866809114, 0.03953646868764507, 0.09133862188977249, 0.01837284861827847], [0.7550370679218646, 0.10511959898516457, 0.08053447624739438, 0.013597818451567878, 0.0426956883156705, 0.003015350078337953], [0.05909699881711624, 0.06091695684841782, 0.0782959857452453, 0.01595860940415609, 0.7826833972793721, 0.0030480519056924546], [0.041134491782345045, 0.06292648782540616, 0.05711814579448819, 0.006189953775109626, 0.8296249709400797, 0.0030059498825711077], [0.029375872266593477, 0.05271973655796041, 0.04194066817360031, 0.009288030873371893, 0.8636524814779348, 0.0030232106505389184], [0.8909679121923649, 0.049841314053127604, 0.03676382287296602, 0.005241301469685646, 0.014178073701883483, 0.0030075757099723038], [0.8925606386152447, 0.044058256233641076, 0.03944075886634842, 0.005685821238436637, 0.015254337820954575, 0.0030001872253746435], [0.05408712971100951, 0.04526077964785817, 0.046013345581619756, 0.005596624504867176, 0.8460396132712045, 0.003002507283441012], [0.03389815316650062, 0.04980679900665172, 0.042817617110941605, 0.005546970667861735, 0.864929934935567, 0.0030005251124772515], [0.8821764844162359, 0.04841581443866513, 0.04545436677669497, 0.005897274830061529, 0.015055664469728664, 0.0030003950686138324], [0.8665309725474761, 0.05509286844709715, 0.05137458229999912, 0.007273722496781192, 0.01672513351297276, 0.0030027206956736397], [0.04215093531363638, 0.06211791684663905, 0.05526552253081989, 0.007528875222677058, 0.8299284280663215, 0.0030083220199061786], [0.8146522969658774, 0.07008711555315525, 0.07887775747174115, 0.010021829273552208, 0.023323679169445298, 0.003037321566228647], [0.08972547159186023, 0.09565091993853284, 0.11818335176705594, 0.015992601933840632, 0.6774423727229717, 0.0030052820457388218], [0.8100276839673272, 0.0653649710781723, 0.07176678103342043, 0.010305346253096672, 0.039511833161093454, 0.0030233845068899424], [0.8553889198758426, 0.05741496291253494, 0.056484388262911134, 0.007823019837657217, 0.019882315752858558, 0.0030063933581953167], [0.8727490984915774, 0.05278641185133602, 0.048007377450489136, 0.006730734896556769, 0.0167251363546081, 0.003001240955432543], [0.839557636939691, 0.06989897213073078, 0.0584631905021019, 0.00814534924340933, 0.020929423183171123, 0.0030054280008957337], [0.8033463605992944, 0.07811875719085612, 0.07553391859532821, 0.010830006023662676, 0.029143374434905292, 0.003027583155953204], [0.7514991546311638, 0.08603249801486595, 0.11252334089921315, 0.01312748688000736, 0.03381479648435012, 0.0030027230903997343], [0.7341282860752615, 0.08314651777940903, 0.12292300606420821, 0.014900284815293824, 0.041897441716519206, 0.003004463549308281], [0.0798600925393679, 0.09081576045895355, 0.10768639353521585, 0.013289072891213042, 0.7053481197870203, 0.0030005607882293717], [0.8359448323929126, 0.05905118356688226, 0.06601914000319485, 0.008882106306938583, 0.02708958637673734, 0.0030131513533344575], [0.7352118040966412, 0.06180782847582071, 0.05468196503094103, 0.02571538710583911, 0.11440220490155116, 0.008180810389206867], [0.056127092471601324, 0.045180368480533535, 0.035224291986779684, 0.006028507241546635, 0.8544303279713064, 0.003009411848232511], [0.9019966773024014, 0.03680305675043744, 0.03851861850727744, 0.0042523318408758965, 0.015423529134775044, 0.0030057864642327515], [0.9185059904522807, 0.03381845971152074, 0.030697913836743154, 0.004146979217164064, 0.009816016023971176, 0.003014640758320142], [0.9295825745276112, 0.03219846762981449, 0.02449871063019039, 0.004158642922756094, 0.006537162124353411, 0.003024442165274386], [0.9489156713189546, 0.023569860501718255, 0.018067665532036627, 0.003001191950150686, 0.003444418746989052, 0.003001191950150686], [0.007419965208524114, 0.021920299208153027, 0.012583807823581596, 0.0030006672393280824, 0.9520745932810851, 0.0030006672393280824], [0.9482647775839432, 0.02598871391545402, 0.016301976563438528, 0.0030011125238867124, 0.0034423068893908604, 0.0030011125238867124], [0.859831241915791, 0.0679789362862925, 0.012349266099648789, 0.003811999648734089, 0.05221655640079958, 0.003811999648734089]], [[0.8430010148952028, 0.07558974434108683, 0.018965603325004524, 0.007290071379918763, 0.05122807571872125, 0.003925490340065884], [0.654521083157465, 0.11244315949850107, 0.14392145280782184, 0.019740095275970742, 0.06635835534888923, 0.0030158539113519733], [0.39772980323216955, 0.3823142360173707, 0.0030016430111536184, 0.0296971608083056, 0.18425551391984696, 0.0030016430111536184], [0.7011063227673776, 0.22085237781074274, 0.003014763797086441, 0.019136304182737335, 0.05287546764496947, 0.003014763797086441], [0.7128583683390158, 0.2091144463560503, 0.003002032865160066, 0.01764487801507773, 0.05437824155953595, 0.003002032865160066], [0.7207617626880914, 0.19260899710376816, 0.003006802651316244, 0.01692937075662479, 0.06368626414888318, 0.003006802651316244], [0.7085980232432558, 0.1840598010853986, 0.003003150277446186, 0.019424241150532307, 0.08191163396592092, 0.003003150277446186], [0.727678637640063, 0.08592766459614495, 0.10553089312685296, 0.026865167567354867, 0.05098562659465441, 0.003012010474929652], [0.7125373475041612, 0.07039529911173532, 0.0708527275097858, 0.03859880034615057, 0.09029436998920778, 0.017321455538959238], [0.7254851388768457, 0.06813398919502531, 0.07287465423290573, 0.0404099350266204, 0.07309728212963887, 0.019999000538963876], [0.09908294423395103, 0.09621147569034426, 0.10506017334492174, 0.01459196067028665, 0.6820448361274117, 0.003008609933084635], [0.8200120810765799, 0.13979959097201533, 0.0030223267678643156, 0.009654654489839053, 0.024489019925837147, 0.0030223267678643156], [0.04893585367335261, 0.12392403049690184, 0.003021271056373776, 0.014880548755165791, 0.8062170249618322, 0.003021271056373776], [0.8734930480775844, 0.09427804163470765, 0.00300102983000929, 0.007202404876863485, 0.019024445750825677, 0.00300102983000929], [0.05448640787605402, 0.10238058649043884, 0.0030029861648422224, 0.008904538035599178, 0.8282224952682236, 0.0030029861648422224], [0.23297887943265583, 0.19024653576131723, 0.013659498043835237, 0.052141816170150956, 0.40735745320774935, 0.10361581738429143], [0.8392359169010588, 0.1151381655962115, 0.003007788520067471, 0.010156071615558527, 0.02945426884703628, 0.003007788520067471], [0.04750675785774956, 0.11883486706839225, 0.0030048906695851695, 0.008418607075672354, 0.8192299866590155, 0.0030048906695851695], [0.82978525660655, 0.1303591133420777, 0.00301470305401583, 0.009763440469653542, 0.02406278347368708, 0.00301470305401583], [0.7948090983572389, 0.15937014477611022, 0.003044835787198526, 0.012724665111233687, 0.027006420181020136, 0.003044835787198526], [0.09743364721347435, 0.21283878985041202, 0.0030107274095036263, 0.01779566520126833, 0.6659104429158379, 0.0030107274095036263], [0.7192882382617278, 0.21256074432189895, 0.0030083118708012185, 0.017933454390620548, 0.04420093928415022, 0.0030083118708012185], [0.0890812642974744, 0.20118964059361386, 0.0030025686143915348, 0.018111223989878845, 0.6856127338902498, 0.0030025686143915348], [0.06045240249624935, 0.1351994989895366, 0.0030178732572521756, 0.011682393695168531, 0.7866299583045412, 0.0030178732572521756], [0.8145707823712918, 0.13702699596218415, 0.00300502057444821, 0.011401242530207948, 0.030990937987419795, 0.00300502057444821], [0.7999254280480732, 0.15067173952340904, 0.003010192556390667, 0.012109353758134753, 0.03127309355760177, 0.003010192556390667], [0.7291207617605729, 0.2045598081801754, 0.003005070769854485, 0.017192287387436948, 0.04311700113210565, 0.003005070769854485], [0.10611012002205888, 0.22599157909967088, 0.0030137915023845095, 0.02124301868483811, 0.6406276991886632, 0.0030137915023845095], [0.7079771515640081, 0.22703990635349122, 0.0030086115151891847, 0.01611424561988345, 0.04285147343223896, 0.0030086115151891847], [0.1000724111545262, 0.21817820343728977, 0.00300327692242823, 0.0196455075052508, 0.6560973240580767, 0.00300327692242823], [0.750658306112836, 0.08864627679507202, 0.09988800213526025, 0.01582782998717458, 0.04197881127498662, 0.003000773694670568], [0.7266416791814072, 0.0677787481879661, 0.05166220960208385, 0.038673007742652685, 0.09802188468108367, 0.017222470604806656], [0.7030841662865863, 0.06370461851000982, 0.04309825740891715, 0.025966000266372108, 0.1564193635311762, 0.007727593996938426], [0.7024924117357285, 0.06774864174192308, 0.05204349634499075, 0.029481370532572725, 0.13931974125823882, 0.008914338386546237], [0.8726106245571698, 0.046560883101172026, 0.04906917119191252, 0.006472239821940665, 0.02228581950694247, 0.0030012618208626234], [0.9052074715855362, 0.07439996502191405, 0.003015900365732687, 0.004577001692395067, 0.009783760968689222, 0.003015900365732687], [0.9128778055202301, 0.07029057787844764, 0.003023078483060562, 0.004585897873282023, 0.006199561761919176, 0.003023078483060562], [0.008225678335419552, 0.041702001722208504, 0.0030005496519447065, 0.0030521848033148898, 0.9410190358351677, 0.0030005496519447065], [0.9513944359083067, 0.022989451717051124, 0.01617339186312919, 0.003000453990756176, 0.003441812530000569, 0.003000453990756176], [0.8823743349648536, 0.06644462720541974, 0.01043124894972139, 0.003624573660890411, 0.03350064155822453, 0.003624573660890411]], [[0.797721324149136, 0.09810007202233802, 0.011362960518885544, 0.00810469988896709, 0.08019971778503004, 0.004511225635643143], [0.6796205416002471, 0.09949171112249441, 0.13855552301478818, 0.020254513557158463, 0.058929970622885394, 0.0031477400824263613], [0.6739361069603413, 0.23891491505318438, 0.003013000694773578, 0.022185768325717732, 0.05893720827120932, 0.003013000694773578], [0.6821084054762206, 0.22779982743191768, 0.0030112793664233595, 0.02188397313641569, 0.06218523522259948, 0.0030112793664233595], [0.6832744644629972, 0.2168070412284607, 0.0030164417571692343, 0.02011674779646975, 0.07376886299773391, 0.0030164417571692343], [0.7076642040797166, 0.17410784472812352, 0.0030040760487647445, 0.019323624452688183, 0.09289617464194208, 0.0030040760487647445], [0.6876773040844759, 0.18033853230653096, 0.0030069481398236654, 0.03244193921522769, 0.0935283281141181, 0.0030069481398236654], [0.14196934936319866, 0.2019381985081569, 0.003020905620977322, 0.030110973262925122, 0.6199396676237646, 0.003020905620977322], [0.42710092558351503, 0.10647934957718218, 0.24473428508468506, 0.025614276344567245, 0.19261714849746198, 0.003454014912588544], [0.7270117755372609, 0.08978598646317794, 0.11846451752513547, 0.016043429220935882, 0.045690135966807675, 0.003004155286682067], [0.7054189458619612, 0.2204537245689534, 0.003002382383353796, 0.019507852409440297, 0.04861471239293758, 0.003002382383353796], [0.7247592499507333, 0.19999816089444275, 0.003011656023856356, 0.02487376557447236, 0.044345511532638854, 0.003011656023856356], [0.8022198102654797, 0.14472850379255084, 0.003015264075330679, 0.018555113636232308, 0.028466044155075698, 0.003015264075330679], [0.8437746973229523, 0.11503525698455166, 0.0030010973702767753, 0.008711812329261262, 0.026476038622681355, 0.0030010973702767753], [0.8020337235551377, 0.13815499995690236, 0.0030044071863378342, 0.013750087050874901, 0.04005237506440944, 0.0030044071863378342], [0.3297522241450774, 0.19286879991269307, 0.013310555707926544, 0.07116824196535483, 0.29196151533358633, 0.10093866293536197], [0.7794932862874323, 0.15703685201095183, 0.0030019527703070217, 0.015154622710725653, 0.04231133345027629, 0.0030019527703070217], [0.0846119782346487, 0.14286323578415044, 0.0030215294710528346, 0.01227008154350149, 0.7542116454955937, 0.0030215294710528346], [0.06580758513831866, 0.15129442641215804, 0.00303526359016995, 0.012693543431135351, 0.7641339178380482, 0.00303526359016995], [0.0877938001803683, 0.21956884046394862, 0.0030010729632619633, 0.01758631830042742, 0.6690488951287319, 0.0030010729632619633], [0.11738138757199021, 0.24284831681674585, 0.0030213713631130085, 0.021403045016949673, 0.6123245078680881, 0.0030213713631130085], [0.7019638077596119, 0.2213094930212673, 0.00301727374172061, 0.018722663897951967, 0.05196948783772781, 0.00301727374172061], [0.7073831655356457, 0.21729196626424002, 0.0030125049169804265, 0.02082189736977005, 0.048477960996383296, 0.0030125049169804265], [0.7456717533388527, 0.18144714022577768, 0.003001097736241375, 0.01893529501730524, 0.047943615945581615, 0.003001097736241375], [0.08848657124808282, 0.13613492186917084, 0.0030465165675452317, 0.015328293900794663, 0.7539571798468611, 0.0030465165675452317], [0.7499566009347121, 0.17216420335579127, 0.003001826567281004, 0.01753442504724808, 0.054341117527686715, 0.003001826567281004], [0.7128206643675712, 0.20495892638103932, 0.003009787419953281, 0.021400083072710192, 0.05480075133877254, 0.003009787419953281], [0.7008310265235096, 0.22510301634251995, 0.0030158770754577903, 0.019648736004655346, 0.0483854669783996, 0.0030158770754577903], [0.41217803997742253, 0.35886979243974504, 0.003006388411000282, 0.03456617760297058, 0.18837321315786132, 0.003006388411000282], [0.697286583720186, 0.22209780031911924, 0.0030092994573218987, 0.021736511289628224, 0.05286050575642283, 0.0030092994573218987], [0.7168098095188385, 0.1968984724322201, 0.0030042374706039507, 0.020692402616611913, 0.05959084049112151, 0.0030042374706039507], [0.7611150952814092, 0.08113286931806664, 0.08623663800717056, 0.016041543712887792, 0.05246630366587084, 0.003007550014595067], [0.7161168698861012, 0.06670224282392635, 0.048099918995236274, 0.033711322300497414, 0.1246935503132413, 0.010676095680997366], [0.7387655986291937, 0.062190423576695596, 0.04761988928575912, 0.03646946149561177, 0.10011219359687551, 0.014842433415864336], [0.7030010776177187, 0.066228525114845, 0.055129690229536975, 0.031964364785542834, 0.1326901425289895, 0.01098619972336702], [0.8799878102822707, 0.040931636872901134, 0.052409833560830094, 0.005051234035160113, 0.018617175584397405, 0.003002309664440663], [0.8992937383515086, 0.07765780112012069, 0.0030116142911297, 0.004571686624257577, 0.01245354532185372, 0.0030116142911297], [0.02098085331208281, 0.06795892139915576, 0.0030335916014435265, 0.004611540024790514, 0.9003815020610839, 0.0030335916014435265], [0.9540711487037059, 0.02189107500028656, 0.01459582209239107, 0.003000145200968946, 0.0034416638016786325, 0.003000145200968946], [0.8670541290645711, 0.06908852697202318, 0.009741032372170947, 0.0037637746316877283, 0.04658876232785921, 0.0037637746316877283]], [[0.8192830187524757, 0.081017197950503, 0.01829439591515282, 0.005824499395424245, 0.07137773965885685, 0.00420314832758745], [0.715475829476972, 0.10699221369254976, 0.11190815057538092, 0.016882181393455202, 0.045735071515264646, 0.003006553346377397], [0.689358981538635, 0.22453527420990335, 0.003005586056239557, 0.019508087810345978, 0.060586484328636565, 0.003005586056239557], [0.15892798128906196, 0.1874190400605511, 0.0030081509756100843, 0.020365382026068395, 0.6272712946730983, 0.0030081509756100843], [0.7591635333545815, 0.15032596092459263, 0.003015109629591555, 0.017161310941970834, 0.06731897551967207, 0.003015109629591555], [0.1640686697338284, 0.15166177294676758, 0.003005446052406281, 0.01948303344953506, 0.6587756317650564, 0.003005446052406281], [0.72988559786977, 0.1709118628912057, 0.0030185815486447267, 0.02160113404869863, 0.0715642420930362, 0.0030185815486447267], [0.14853794003434728, 0.18920255554473928, 0.0030034606516112492, 0.01748649009084016, 0.638766093026851, 0.0030034606516112492], [0.1435008846668497, 0.21074223004127546, 0.0030264710851771273, 0.01834197101217267, 0.6213619721093478, 0.0030264710851771273], [0.6896392008572552, 0.22832009892291957, 0.0030068285164959745, 0.017914325874497983, 0.05811271731233527, 0.0030068285164959745], [0.7394509959446672, 0.19570682962106953, 0.0030023286594357485, 0.015065848698409073, 0.04377166841698268, 0.0030023286594357485], [0.09003779945688543, 0.13839042552976194, 0.0030200780645422017, 0.013397047879250102, 0.7521345710050181, 0.0030200780645422017], [0.8234618544469944, 0.11911703579104879, 0.003018344746683654, 0.020448510143191875, 0.030935910125397786, 0.003018344746683654], [0.09399790186337706, 0.1556692730853658, 0.003026880154676727, 0.014286953927384036, 0.7299921108145196, 0.003026880154676727], [0.09650476852852265, 0.1569484048932518, 0.0030011707530582447, 0.015200326383708544, 0.7253441586884005, 0.0030011707530582447], [0.7830061712974472, 0.15126939379579468, 0.0030032451905307807, 0.014019153911936819, 0.04569879061375968, 0.0030032451905307807], [0.7579182408624476, 0.1696596089209434, 0.003000606888588432, 0.015911691915070827, 0.050509244524361445, 0.003000606888588432], [0.7398982168505186, 0.17478236573246209, 0.0030050096497861336, 0.019202028820757434, 0.06010736929668975, 0.0030050096497861336], [0.12168726185965355, 0.20556124290800987, 0.0030052484341042056, 0.018477050244595023, 0.6482639481195333, 0.0030052484341042056], [0.7080173135584537, 0.20639473416511964, 0.003012022469019003, 0.019261284262257164, 0.06030262307613172, 0.003012022469019003], [0.6974479550147096, 0.2230466140944072, 0.0030167758517029232, 0.02059988975001491, 0.05287198943746248, 0.0030167758517029232], [0.41481615971995306, 0.36213177972446264, 0.003003307024294863, 0.029886459336581458, 0.1871589871704132, 0.003003307024294863], [0.6895318666590023, 0.23539723612168986, 0.003001555144384914, 0.020625360501004903, 0.04844242642953307, 0.003001555144384914], [0.716077733935361, 0.18768010826476408, 0.0030030636786238366, 0.02129126365375857, 0.06894476678886884, 0.0030030636786238366], [0.10554440235782397, 0.15146241635855412, 0.003005263521705795, 0.01585845303452295, 0.7211242012056874, 0.003005263521705795], [0.1001243783863055, 0.13860519573994093, 0.0030469942398420593, 0.015580742394242038, 0.7395956949998275, 0.0030469942398420593], [0.7254798366766039, 0.19769643253041647, 0.003001740078029568, 0.01942259285355659, 0.051397657783363894, 0.003001740078029568], [0.7022942527872341, 0.2153521265753902, 0.0030143514434759415, 0.02182112080350848, 0.05450379694691528, 0.0030143514434759415], [0.12504420175423217, 0.22425014181972022, 0.003012826150456609, 0.024124798713963353, 0.620555205411171, 0.003012826150456609], [0.7007563260358382, 0.21661295692529137, 0.0030075902813976154, 0.019982680789411553, 0.05663285568666365, 0.0030075902813976154], [0.13489154033579012, 0.19157238309480543, 0.0030080889539048183, 0.019657007488883667, 0.6478628911727111, 0.0030080889539048183], [0.752704406987858, 0.16627910411861332, 0.003003799247846054, 0.016103553593173805, 0.058905336804662575, 0.003003799247846054], [0.8179504361405943, 0.07005651265161833, 0.054001962950660995, 0.012048648608948175, 0.0429141926893191, 0.0030282469588593266], [0.7420236209780487, 0.06165016620618906, 0.05543578669684333, 0.03730822653602936, 0.08439950673971794, 0.01918269284317152], [0.7333487158347044, 0.06387724082799132, 0.058134457096503896, 0.03745153628736399, 0.08900127112983695, 0.018186778823599536], [0.07207181217322293, 0.06231163105212905, 0.05725052016275432, 0.008246066174048996, 0.7970725085886639, 0.0030474618491808827], [0.8743650629308624, 0.09698089056272129, 0.0030032378293411675, 0.005777224344940534, 0.016870346502793475, 0.0030032378293411675], [0.9013096534382856, 0.07672744826628025, 0.003013080213581869, 0.004573552420972091, 0.011363185447298365, 0.003013080213581869], [0.9255396047345594, 0.03417569651131827, 0.026745949413093266, 0.0041546663481360005, 0.006362772659621637, 0.003021310333271506], [0.8665739069610185, 0.06886017268949572, 0.0075796326683555786, 0.0037828135644465753, 0.049420660552237095, 0.0037828135644465753]], [[0.8503108078774095, 0.0751977358409308, 0.013869843350084489, 0.0044093170508103605, 0.05230609781918796, 0.003906198061576862], [0.8168652418364818, 0.06425494980047826, 0.07505673882427531, 0.010723388646613315, 0.03006419082304466, 0.0030354900691066024], [0.7015298453255155, 0.1903637553235293, 0.0030021133352371968, 0.019196788818039403, 0.08290538386244144, 0.0030021133352371968], [0.7200305415579896, 0.17448104503489742, 0.003021444597485223, 0.021101332296690232, 0.07834419191545243, 0.003021444597485223], [0.7452747852557826, 0.1518807519939293, 0.0030033581240890904, 0.01886213928671323, 0.07797560721539669, 0.0030033581240890904], [0.7862595301101343, 0.13426855642642915, 0.0030108904329759494, 0.017768453036654523, 0.05568167956083007, 0.0030108904329759494], [0.7526081890338235, 0.1563288176110003, 0.003018498686082449, 0.020165367668785246, 0.06486062831422575, 0.003018498686082449], [0.7350004481393754, 0.17528037268889887, 0.0030077014468242193, 0.019534321987959534, 0.06416945429011767, 0.0030077014468242193], [0.6869635864935997, 0.20506822396707647, 0.003018842848798209, 0.02895312079166834, 0.07297738305005923, 0.003018842848798209], [0.7060008790019345, 0.20197855038218637, 0.0030152951151187993, 0.018617798572165424, 0.06737218181347619, 0.0030152951151187993], [0.10926221621411059, 0.16506829631519396, 0.003023682141664145, 0.013116775492896913, 0.7065053476944703, 0.003023682141664145], [0.8338035665656699, 0.1208206808363311, 0.0030016847146447936, 0.010262839550904368, 0.029109543617805003, 0.0030016847146447936], [0.8143932111622005, 0.12637198686846302, 0.0030151609862095873, 0.013182583383833825, 0.04002189661308329, 0.0030151609862095873], [0.7611669598018123, 0.15551721377011826, 0.0030259108308956697, 0.01700897896762428, 0.06025502579865369, 0.0030259108308956697], [0.29275895403759844, 0.19851562551429244, 0.014607554251452626, 0.07646845575034639, 0.31719536865762976, 0.10045404178868042], [0.47691302060992874, 0.2689355116503053, 0.0030188859065545916, 0.025426893841699515, 0.22268680208495725, 0.0030188859065545916], [0.7589588861148836, 0.16450949420090694, 0.00300182255974964, 0.017170204925436812, 0.05335776963927335, 0.00300182255974964], [0.7344893008359827, 0.18122548326269539, 0.0030067266013374993, 0.01833020354236743, 0.05994155915627934, 0.0030067266013374993], [0.14144692314505397, 0.17912459417359175, 0.0030170465539166645, 0.018857212084847415, 0.6545371774886735, 0.0030170465539166645], [0.7063426413365701, 0.20132699430182927, 0.003014603445107489, 0.02217070836608697, 0.06413044910529879, 0.003014603445107489], [0.6843939805771136, 0.22710062301057704, 0.0030244517012606737, 0.02293730669443913, 0.05951918631534897, 0.0030244517012606737], [0.11614314014718724, 0.23135207481986056, 0.0030068384606443347, 0.02073558621055811, 0.6257555219011054, 0.0030068384606443347], [0.6963563152844724, 0.21406116671017494, 0.0030179289753777374, 0.022244100335731754, 0.0613025597188654, 0.0030179289753777374], [0.752319014200958, 0.1687173968756358, 0.0030022249101633153, 0.019022154220159685, 0.05393698488291989, 0.0030022249101633153], [0.8358121175987396, 0.10686663022621913, 0.0030125525435671136, 0.014247449731384284, 0.03704869735652277, 0.0030125525435671136], [0.06316283027163398, 0.10162222510449266, 0.0030041916960966324, 0.010935207905035563, 0.8182713533266446, 0.0030041916960966324], [0.8029102187097175, 0.13379800265363379, 0.003017490506123622, 0.015822453449818617, 0.04143434417458279, 0.003017490506123622], [0.7328072366206679, 0.18669533929874088, 0.0030040574400231335, 0.01984472572870222, 0.054644583471842534, 0.0030040574400231335], [0.13287432912790556, 0.20249775024593897, 0.003008891031196389, 0.021341752949952084, 0.6372683856138106, 0.003008891031196389], [0.1376094601134056, 0.20211656633192224, 0.003011208303425366, 0.020893140270009252, 0.6333584166778122, 0.003011208303425366], [0.1378261963284391, 0.180180493261675, 0.0030094540957273917, 0.018559173392188856, 0.6574152288262423, 0.0030094540957273917], [0.7625032627575786, 0.16066095860266072, 0.0030043088108002197, 0.015254811424249889, 0.055572349593910206, 0.0030043088108002197], [0.3356493463682907, 0.18470818805260894, 0.01341893134495978, 0.06108490567004739, 0.30337594400114837, 0.10176268456294492], [0.5313924614597993, 0.06764664705899641, 0.13925433562162307, 0.0172141601469412, 0.24146495873065074, 0.0030274369819892604], [0.7452168807718852, 0.062453859339226786, 0.057866999780620064, 0.03464017247188041, 0.08379086342217774, 0.016031224214209806], [0.7365288054140533, 0.06586653943372563, 0.05402919398857737, 0.03865695427278411, 0.0876185452446644, 0.01729996164619533], [0.833128509717621, 0.05715077109549509, 0.06349844928166638, 0.00868712782639776, 0.03450471518157221, 0.003030426897247644], [0.868797509044761, 0.1004029734404122, 0.0030021422464790158, 0.006395811690436158, 0.018399421331432672, 0.0030021422464790158], [0.9206542042483848, 0.03678426280029391, 0.025166802419398338, 0.004151581354152029, 0.010226050198895617, 0.003017098978875058], [0.871395438202388, 0.06701791200019107, 0.013744103522725107, 0.0036972346213660794, 0.04044807703196351, 0.0036972346213660794]], [[0.8422949115523084, 0.07008033236969755, 0.018588404776648998, 0.003953971358817817, 0.0611284085837093, 0.003953971358817817], [0.8260066452818225, 0.061789154888077936, 0.06673151047015255, 0.010737993175064645, 0.031706933275744656, 0.00302776290913765], [0.7098714174465637, 0.17975236872204897, 0.00300187896214388, 0.018474768573729112, 0.08589768733337058, 0.00300187896214388], [0.7173097263792467, 0.18292644407333053, 0.0030164454472218203, 0.02132861337963938, 0.07240232527333963, 0.0030164454472218203], [0.7337560672472545, 0.1657110410100692, 0.003021409838228234, 0.02148030033323356, 0.07300977173298628, 0.003021409838228234], [0.16279147038187397, 0.1485775056528971, 0.0030380415164983185, 0.018212182102831063, 0.6643427588294013, 0.0030380415164983185], [0.46888345458493846, 0.2706832783643208, 0.003012029697981601, 0.03862334220658353, 0.21578586544819378, 0.003012029697981601], [0.17712176780055447, 0.1619248464493632, 0.00302393801361459, 0.017471241832122883, 0.6374342678907302, 0.00302393801361459], [0.720632573225323, 0.17142188781882894, 0.00301846344848648, 0.029182034411919133, 0.07272657764695599, 0.00301846344848648], [0.7119660016415859, 0.17238545983906228, 0.0030259582676815896, 0.0293898144304176, 0.08020680755357118, 0.0030259582676815896], [0.7635664470231484, 0.1525216154153704, 0.003015380149370895, 0.023440529901784378, 0.05444064736095527, 0.003015380149370895], [0.8569588622104471, 0.09697922182913198, 0.003002613592223321, 0.009969561350191388, 0.030087127425782862, 0.003002613592223321], [0.8400803396500676, 0.10367031773936386, 0.0030123771908530154, 0.010500021635100295, 0.03972456659376222, 0.0030123771908530154], [0.782406620213704, 0.13267612158784317, 0.0030124073571200526, 0.01700362987689562, 0.06188881360731718, 0.0030124073571200526], [0.33740714336791705, 0.20035980163165248, 0.013244619019350186, 0.07954028803042391, 0.2689565964184463, 0.10049155153221007], [0.3589510531881162, 0.2072646695295072, 0.013289381802704508, 0.07890722910204315, 0.24077391521336422, 0.10081375116426469], [0.76742787661452, 0.15763753191327987, 0.003002502744946904, 0.016094333251798966, 0.0528352527305072, 0.003002502744946904], [0.11149992005279565, 0.15843493621010346, 0.0030040166436015986, 0.016737437590443313, 0.7073196728594544, 0.0030040166436015986], [0.7452629272274164, 0.17573848930808017, 0.0030060489424052904, 0.017740965850807516, 0.05524551972888531, 0.0030060489424052904], [0.7202279118174021, 0.1919338827359227, 0.0030087686601900712, 0.02117899356865251, 0.060641674557642536, 0.0030087686601900712], [0.11831415209771452, 0.19884978259733177, 0.0030047033483282773, 0.019683293080093207, 0.657143365528204, 0.0030047033483282773], [0.7065464602065423, 0.2034609012499344, 0.0030137112792801807, 0.020724315581845686, 0.06324090040311725, 0.0030137112792801807], [0.7152095298011609, 0.18489449493669866, 0.0030021156670896353, 0.020855277293863026, 0.07303646663409813, 0.0030021156670896353], [0.12386566964207461, 0.1743516672943723, 0.0030120836177418434, 0.020493207287628927, 0.6752652885404404, 0.0030120836177418434], [0.8213676658991607, 0.12328419118727996, 0.003007845020813008, 0.013630677718430477, 0.03570177515350295, 0.003007845020813008], [0.8394590838853608, 0.10920789271893483, 0.0030057198970297625, 0.012209250664073464, 0.033112332937571376, 0.0030057198970297625], [0.08877457759148061, 0.13042315396904014, 0.0030174774643199434, 0.01501673871851846, 0.7597505747923209, 0.0030174774643199434], [0.08663028405301643, 0.11342458534242261, 0.0030292283422580506, 0.013983300323642704, 0.7799033735964022, 0.0030292283422580506], [0.7573101683904873, 0.16087176376972243, 0.003004788181928094, 0.017839419065889046, 0.05796907241004526, 0.003004788181928094], [0.7897868632981383, 0.1342021247203298, 0.003044782207577118, 0.01677622265117977, 0.05314522491519808, 0.003044782207577118], [0.7619756683495287, 0.15917179276330437, 0.0030048756199455707, 0.016150617198610565, 0.05669217044866528, 0.0030048756199455707], [0.7764013347413914, 0.14105311093289552, 0.0030124546620368706, 0.017565625455794105, 0.05895501954584522, 0.0030124546620368706], [0.33279204991234806, 0.18153760653382153, 0.019761106411534266, 0.07053399630336067, 0.2945547983864494, 0.10082044245248609], [0.8122349230499565, 0.11811456146321941, 0.003028007866327828, 0.011589842603363997, 0.052004657150804434, 0.003028007866327828], [0.806251695551778, 0.06356363911480004, 0.07770404191627449, 0.010208530427861778, 0.03925755259051885, 0.0030145403987669375], [0.8007432956119409, 0.06889374997603587, 0.06707430105037138, 0.012196742761683851, 0.04807319224350175, 0.003018718356466375], [0.793251242893551, 0.07228967733290109, 0.01470564425734546, 0.034104056740192894, 0.07609491712697941, 0.0095544616490302], [0.04590773349732152, 0.042308797746213364, 0.03192553544566313, 0.0049273171830133125, 0.8719234248360884, 0.0030071912917002215], [0.7208314087229779, 0.05721411804966452, 0.04122692743669127, 0.015669263717661315, 0.15965751387306823, 0.005400768199936906], [0.8570862906561948, 0.06658375154334152, 0.01662013164695549, 0.0038103793910915468, 0.05208906737132517, 0.0038103793910915468]], [[0.8527475709756827, 0.0691950124929712, 0.015841179719310407, 0.004832654732298096, 0.05353032670341438, 0.003853255376323171], [0.08951057423944406, 0.09129168802931581, 0.09642916400255917, 0.013848402532691942, 0.7059118944184621, 0.0030082767775268826], [0.1250376787533632, 0.20031262567453229, 0.003007003438435863, 0.018842433394019698, 0.6497932553012132, 0.003007003438435863], [0.15312768522231104, 0.1745067089188595, 0.003004920546527869, 0.020078530771659112, 0.6462772339941145, 0.003004920546527869], [0.7361597486341992, 0.16920544363422843, 0.003010766786562907, 0.021530513565440515, 0.06708276059300596, 0.003010766786562907], [0.7557721712179027, 0.15103879690757524, 0.003012129028251513, 0.019575189248517158, 0.06758958456950166, 0.003012129028251513], [0.7493876962587319, 0.15210531827489182, 0.003026543303617198, 0.018764874840946317, 0.07368902401819556, 0.003026543303617198], [0.7405363997179514, 0.1611510034141844, 0.0030120099417844247, 0.029332683839167116, 0.06295589314512838, 0.0030120099417844247], [0.7456742356261586, 0.15799816629313554, 0.003013669237747623, 0.019051033723276285, 0.07124922588193426, 0.003013669237747623], [0.739482880603569, 0.16453143417232252, 0.003009288013064494, 0.01749918578153635, 0.07246792341644306, 0.003009288013064494], [0.1295434312748482, 0.1597251722010839, 0.0030159763202172096, 0.022878967164558943, 0.6818204767190745, 0.0030159763202172096], [0.12504380677728563, 0.14217786697168022, 0.0030237867990321535, 0.024803381114362224, 0.7019273715386076, 0.0030237867990321535], [0.7909923992549229, 0.13113588078512378, 0.0030121610840179464, 0.01639314258849381, 0.05545425520342374, 0.0030121610840179464], [0.29008777510145334, 0.1828335717862071, 0.013384958525361325, 0.06766986451813577, 0.34453657194848275, 0.10148725812035973], [0.3547438454852101, 0.19030877103667218, 0.01330015553664732, 0.0797139454713913, 0.26102779791863606, 0.10090548455144309], [0.14188522027179018, 0.15168841697955715, 0.003019343807129331, 0.017786627080928118, 0.6826010480534659, 0.003019343807129331], [0.7615509313376404, 0.15787450974286962, 0.003003983156857407, 0.017935600040464468, 0.05663099256531067, 0.003003983156857407], [0.7624646710748222, 0.15176508567546465, 0.0030057891590243085, 0.017060970900267022, 0.06269769403139752, 0.0030057891590243085], [0.7531487010383867, 0.16636066083539947, 0.0030028933895201327, 0.018741669636514344, 0.055743181710659284, 0.0030028933895201327], [0.12397800091485159, 0.16878458399118723, 0.003013516697036145, 0.018397079097502045, 0.6828133026023869, 0.003013516697036145], [0.48089593690888893, 0.2741626345366228, 0.0030157015425069794, 0.0256791744370498, 0.21323085103242462, 0.0030157015425069794], [0.13641875139723106, 0.16835254670403943, 0.003013236883642456, 0.018158759328220222, 0.6710434688032244, 0.003013236883642456], [0.14371115551422325, 0.1704190212513864, 0.0030247942253248156, 0.021871532672314172, 0.6579487021114266, 0.0030247942253248156], [0.12241415619841851, 0.18324945168645443, 0.0030193221911172857, 0.01919199062552067, 0.6691057571073719, 0.0030193221911172857], [0.7485197844669423, 0.15879328609567447, 0.0030031363095751537, 0.019301237090964606, 0.06737941972726826, 0.0030031363095751537], [0.7712707964138567, 0.15663098012809618, 0.0030020636869679874, 0.016756535237333062, 0.04933756084677792, 0.0030020636869679874], [0.10529284939728249, 0.1555548895670872, 0.003016457664199746, 0.017594448712549077, 0.7155248969946817, 0.003016457664199746], [0.773749861040395, 0