{"prediction": [[[0.9730317677573761, 0.004890283166045794, 0.0030324811458796955, 0.0030324811458796955, 0.012980505638939011, 0.0030324811458796955], [0.9394004033992175, 0.011375949252021345, 0.008567209284884964, 0.0032833405365440696, 0.03408975699078798, 0.0032833405365440696], [0.9388099443559131, 0.01345766070792697, 0.0038144964903322792, 0.0033313643848485426, 0.03725516967613066, 0.0033313643848485426], [0.9461996157738988, 0.009874293383905598, 0.003833428719513206, 0.0032593316867145722, 0.03357399874925333, 0.0032593316867145722], [0.9300974282980399, 0.013155756878016142, 0.005071887585052444, 0.0034540871800782203, 0.04476675287873507, 0.0034540871800782203], [0.9440315151669292, 0.010327498616940448, 0.0046477357595566815, 0.0032744566466472265, 0.034444337163279076, 0.0032744566466472265], [0.9439042648576312, 0.00883294607958631, 0.004095242857633987, 0.003299438354716854, 0.03656866949571492, 0.003299438354716854], [0.9272658490052142, 0.01415671535749668, 0.006435872899818073, 0.0034699271598167673, 0.045201708417837536, 0.0034699271598167673], [0.9377081046526693, 0.01163756465731428, 0.0050195703822140105, 0.0033490354943296182, 0.038936689319143236, 0.0033490354943296182], [0.9406770425548799, 0.012454621213528642, 0.004238677167977071, 0.0033073917409921793, 0.03601487558162994, 0.0033073917409921793], [0.9333656031627953, 0.011272555308421944, 0.0036350154361900946, 0.0034443328795907293, 0.04483816033341122, 0.0034443328795907293], [0.9387442639070667, 0.00936195024390517, 0.0033832246815412013, 0.0033832246815412013, 0.04174411180440458, 0.0033832246815412013], [0.9321883870824154, 0.01131000162362038, 0.003466651485528189, 0.003466651485528189, 0.04610165683737971, 0.003466651485528189], [0.9361058117054503, 0.010290389220167454, 0.0034143270729536566, 0.0034143270729536566, 0.04336081785552134, 0.0034143270729536566], [0.9446122463974437, 0.007158716172118774, 0.003319982929799545, 0.003319982929799545, 0.03826908864103893, 0.003319982929799545], [0.9341656695823602, 0.00918812697560018, 0.0039759115998929, 0.0034523258494084277, 0.0457656401433298, 0.0034523258494084277], [0.9340999677788012, 0.00849102220453717, 0.004013111153120984, 0.003462550526882412, 0.046470797809775866, 0.003462550526882412], [0.932301519430238, 0.010516468937507097, 0.00411510606222631, 0.003464325415861442, 0.04613825473830579, 0.003464325415861442], [0.9346785431354349, 0.010017180177010487, 0.004529672981950221, 0.0034238163475417025, 0.043926971010521156, 0.0034238163475417025], [0.9331602256290242, 0.0090065933670016, 0.00392221993462682, 0.0034731425542984737, 0.04696467596075047, 0.0034731425542984737], [0.9221686033015768, 0.011515102787052763, 0.0039043469165798905, 0.0036391676499369905, 0.05513361169491654, 0.0036391676499369905], [0.9259280907642418, 0.009187096705385967, 0.003638126337409429, 0.0036075831395760982, 0.054031519913810694, 0.0036075831395760982], [0.9324469162870612, 0.00851547348684094, 0.003907175225772991, 0.003492983450563998, 0.048144468099196834, 0.003492983450563998], [0.9379333692426499, 0.0089887117788338, 0.0037536715361152625, 0.003395414424332546, 0.04253341859373602, 0.003395414424332546], [0.9277621003562246, 0.011485786668102975, 0.003685455916349328, 0.003538968003493446, 0.0499887210523363, 0.003538968003493446], [0.9312851726007868, 0.013118154654097786, 0.004780407422735281, 0.003439235253616437, 0.043937794815147216, 0.003439235253616437], [0.9427134431861565, 0.01159056329339818, 0.003365322267810202, 0.0032982816265158554, 0.035734107999603415, 0.0032982816265158554], [0.9392754515444871, 0.011670954545336381, 0.004247874773154935, 0.0033357771735156275, 0.0381341647899904, 0.0033357771735156275], [0.9407560514383339, 0.01304615356912949, 0.00392371894798027, 0.003305162102281855, 0.03566375183999266, 0.003305162102281855], [0.9250198388310418, 0.016313184575103487, 0.005288605216112188, 0.003502308887549189, 0.0463737536026442, 0.003502308887549189], [0.9388329184849392, 0.01206868379900393, 0.004213089687370637, 0.0033388105636411075, 0.03820768690140388, 0.0033388105636411075], [0.9377845243500126, 0.00988478543343748, 0.0037869077648850207, 0.003385994172379484, 0.04177179410690595, 0.003385994172379484], [0.9375849116921634, 0.009880522154463316, 0.006579330973613139, 0.0033491358474496153, 0.03925696348486082, 0.0033491358474496153], [0.9291689628722947, 0.011937552627617174, 0.006674389782480319, 0.0034600356156031077, 0.04529902348640149, 0.0034600356156031077], [0.9351456804286072, 0.012100979241539396, 0.004536738377086877, 0.0033911546176350997, 0.04143429271749636, 0.0033911546176350997], [0.9576180789908443, 0.007899067680768793, 0.0034780912910678226, 0.00314010191225392, 0.024724558212811443, 0.00314010191225392], [0.9426176122399865, 0.010984640260249727, 0.003671025521287063, 0.003301244885256667, 0.036124232207963444, 0.003301244885256667], [0.9543125129949783, 0.010207446767029272, 0.004332046864746681, 0.0031507326385252217, 0.024846528096195523, 0.0031507326385252217], [0.9385176718186277, 0.013122696875587534, 0.009259577323765337, 0.0032735102896213836, 0.03255303340277672, 0.0032735102896213836], [0.9723284855213065, 0.005789651309057546, 0.0030328054053497876, 0.0030328054053497876, 0.012783446953586667, 0.0030328054053497876]], [[0.9322597211032024, 0.018578808185985396, 0.007313450073820287, 0.0033418210290774913, 0.0351643785788367, 0.0033418210290774913], [0.8996185437159899, 0.054382164704083025, 0.031199153814057762, 0.004475539695671324, 0.007302080057993978, 0.0030225180122040955], [0.8753956522630505, 0.06533336523038931, 0.04200998497776367, 0.005682340980751716, 0.00851692612911647, 0.003061730418928348], [0.04325981417238138, 0.08823254082054938, 0.07949112348952027, 0.010038473511346043, 0.775962415639928, 0.0030156323662750124], [0.045853467511912174, 0.09617120985624236, 0.09278588734558206, 0.010808600033901475, 0.7513438817444851, 0.0030369535078769005], [0.7525049067203108, 0.09493918238955275, 0.10855287076704012, 0.012615099925072818, 0.02832215595091043, 0.0030657842471130394], [0.6403712254505339, 0.14464167686287158, 0.15275296971110286, 0.019796799902573863, 0.03942521757660021, 0.0030121104963175016], [0.6268069875218739, 0.14054141860441519, 0.16835313715838454, 0.021337040798812535, 0.03994232137195044, 0.0030190945445635075], [0.5898687706912502, 0.15357985987392903, 0.1935237033710707, 0.019905416834353366, 0.04009980194214482, 0.003022447287252068], [0.5885632018524125, 0.14538631873587893, 0.20627545322679366, 0.021023693977325213, 0.035727890390581656, 0.003023441817008092], [0.6268299642382708, 0.14737180357400118, 0.15929255230165015, 0.030293753761434818, 0.03319173774790077, 0.0030201883767424697], [0.07237889498517526, 0.10539014575159718, 0.12294918795737536, 0.016359341667689063, 0.6798438391498873, 0.003078590488275828], [0.7685072098320972, 0.09601589391784185, 0.0877047617216052, 0.01508684178029295, 0.029642131669259164, 0.003043161078903629], [0.7879546179462262, 0.08922602653997103, 0.07306102949234178, 0.015073829557260573, 0.031646543480790816, 0.003037952983409656], [0.750153458791295, 0.11696365589899388, 0.08441868759565434, 0.01589882907417393, 0.029525624429794083, 0.00303974421008875], [0.7446618056886471, 0.09628934964530785, 0.10759567545535974, 0.015397362541543665, 0.032970309617143576, 0.0030854970519980963], [0.6355020279804762, 0.1620930518875169, 0.14132421611616475, 0.01975942611716602, 0.03831795722388804, 0.0030033206747881614], [0.6488958913538354, 0.126713023372782, 0.16569153901668743, 0.018805772551387, 0.03688013119424217, 0.003013642511065923], [0.6438996324627618, 0.1542594193265076, 0.1437695658678011, 0.019635481198970475, 0.03543281187608452, 0.003003089267874523], [0.7425210873909647, 0.10068040782366834, 0.1063325707724284, 0.0161914631200853, 0.031186456663772844, 0.003088014229080347], [0.7597308595973636, 0.09760617040942088, 0.09462471894532119, 0.0153562861930085, 0.029620582891897177, 0.0030613819629885675], [0.6786100237271017, 0.12393797858779551, 0.11951663211626723, 0.020418696366143036, 0.05450964975379152, 0.003007019448900957], [0.7684716370901113, 0.09292593965632694, 0.08987366339786984, 0.015190041595725874, 0.03048853486444408, 0.0030501833955217084], [0.7910993159353259, 0.0864491029972602, 0.07592702220370205, 0.014044219494008185, 0.029453344245060544, 0.0030269951246431866], [0.7931481573995803, 0.08917710475802722, 0.07320665252824107, 0.014224785814049718, 0.027217682735619357, 0.003025616764482352], [0.7869073843921409, 0.09066382254418665, 0.07787083570080598, 0.014358102991725453, 0.027163935638412358, 0.003035918732728635], [0.7573338262270837, 0.10660714009444365, 0.08969894017549963, 0.015546048604267997, 0.027739004917423753, 0.0030750399812813816], [0.7105203243304552, 0.10496177150867232, 0.12075319887013228, 0.015276047289735301, 0.04536772327215135, 0.003120934728853565], [0.07537887696923504, 0.18268038649957863, 0.1650314200993195, 0.020657702956321054, 0.5532427632338133, 0.0030088502417323776], [0.5822348887811045, 0.14621885452113542, 0.2118190121247945, 0.02037605406824606, 0.03632361128266869, 0.003027579222050785], [0.5951732490044908, 0.16999972534632052, 0.16850109765988525, 0.032189215077009226, 0.03109325259046785, 0.003043460321826446], [0.7101413845865798, 0.11582745549271295, 0.129639342621965, 0.015246501689156526, 0.026002577984264773, 0.0031427376253208967], [0.7520699044440528, 0.10614958905231323, 0.10367553410898737, 0.013049806880671146, 0.02198673653200496, 0.003068428981970261], [0.7896922108168785, 0.09201141174807848, 0.08443584283207754, 0.011052628169815405, 0.019783496733807124, 0.003024409699342816], [0.8730706575187205, 0.064006857517765, 0.04430003712799615, 0.006046185270776113, 0.009510446362560878, 0.0030658162021813787], [0.8988532975524814, 0.05320383743922712, 0.03224647436705701, 0.004755136208950136, 0.007918555719342996, 0.0030226987129413243], [0.9240108512467307, 0.040194030482099206, 0.02420378567808275, 0.003221519766762087, 0.005367210855515939, 0.003002601970809345], [0.9331845495715179, 0.034512295889089044, 0.021852502778585147, 0.00321742201518771, 0.004232572083007839, 0.003000657662612475], [0.9347329567218982, 0.03521605711624262, 0.01933843263078517, 0.003217598531006822, 0.004494228424051574, 0.0030007265760156445], [0.9325692236959687, 0.015455679529774441, 0.00843411665270381, 0.003347062691771566, 0.036846854738009964, 0.003347062691771566]], [[0.9299873116815789, 0.020416266913513493, 0.003920037321991331, 0.003407034344707069, 0.038862315393502295, 0.003407034344707069], [0.015615324453495009, 0.04990548194817325, 0.03305614175424548, 0.004479412160963489, 0.8939122424610276, 0.003031397222095102], [0.79865819236287, 0.16972867838505926, 0.003022267012412476, 0.010218699366648513, 0.01534989586059736, 0.003022267012412476], [0.7802032369083964, 0.18116749826829412, 0.003028949419134615, 0.012744206931081312, 0.019827159053959077, 0.003028949419134615], [0.06849280533554586, 0.22275077785871888, 0.0030754848499701987, 0.01646497931905637, 0.6861404677867385, 0.0030754848499701987], [0.6460993604761268, 0.2837861359459536, 0.0030089050998216627, 0.021315820885497255, 0.042780872492779135, 0.0030089050998216627], [0.24376566569182542, 0.2704675928231211, 0.016410066572648898, 0.08505558258290487, 0.19257607975883062, 0.19172501257066912], [0.21045635390746795, 0.2945359146238147, 0.016486509294392968, 0.08234722339303531, 0.20358305806214977, 0.19259094071913932], [0.3058586746954734, 0.5118773772514522, 0.0030066462157757024, 0.03630710773350871, 0.1399435478880141, 0.0030066462157757024], [0.09647176869439408, 0.3533838936998708, 0.0030243502210921835, 0.02522994036569625, 0.5188656967978547, 0.0030243502210921835], [0.09920509169436739, 0.3375173953585195, 0.003014281025477359, 0.024798112793394993, 0.5324508381027634, 0.003014281025477359], [0.6256313118078174, 0.29238054582613604, 0.003002932300969965, 0.025031555866506208, 0.05095072189760052, 0.003002932300969965], [0.11216619149518005, 0.2070205270246826, 0.0031185944997643446, 0.023200036617447392, 0.6513760558631613, 0.0031185944997643446], [0.7377698293180994, 0.1776460679148216, 0.0030422675294591137, 0.020192739940371882, 0.058306827767788914, 0.0030422675294591137], [0.6980401948778365, 0.22967585030248866, 0.0030834131025737183, 0.021243102945090183, 0.0448740256694372, 0.0030834131025737183], [0.1286970846919877, 0.2770830089543981, 0.0030163377897833746, 0.024782803787909778, 0.5634044269861377, 0.0030163377897833746], [0.6000395103716069, 0.3355148578760222, 0.003025983187092197, 0.021692876856224386, 0.03670078852196207, 0.003025983187092197], [0.11400159664494154, 0.3152994072046443, 0.0030110363331734926, 0.02372110837690739, 0.5409558151071598, 0.0030110363331734926], [0.6182304652094461, 0.30452714392613733, 0.0030346182603711064, 0.021369148185047083, 0.04980400615862721, 0.0030346182603711064], [0.1210628997413858, 0.3105704066691519, 0.003003563740127147, 0.02506682112747135, 0.5372927449817367, 0.003003563740127147], [0.6269340928175491, 0.28638067598746275, 0.003005525130362435, 0.023683574966890913, 0.05699060596737241, 0.003005525130362435], [0.12187277719993131, 0.26409921215387033, 0.0030064640774836553, 0.025380995032457467, 0.5826340874587737, 0.0030064640774836553], [0.1163930507214318, 0.24848364362222142, 0.003003114086260265, 0.02634255405854796, 0.6027745234252783, 0.003003114086260265], [0.7447682311614386, 0.18937221064394946, 0.00305936673734204, 0.020329148559814863, 0.039411676160112964, 0.00305936673734204], [0.7655053302571584, 0.16814507351097863, 0.003036020465119693, 0.02020230735110713, 0.04007524795051639, 0.003036020465119693], [0.7391675736138418, 0.19534376255840993, 0.0030348227362508307, 0.020203876396837815, 0.03921514195840876, 0.0030348227362508307], [0.6781420287352168, 0.24196496697500158, 0.0030773682180951995, 0.019154314133055548, 0.0545839537205356, 0.0030773682180951995], [0.605122120676693, 0.32440121443119335, 0.0030241429776525506, 0.022749654878459948, 0.04167872405834877, 0.0030241429776525506], [0.5329134227285058, 0.3992017463969855, 0.003080694773948975, 0.023317282416916413, 0.03840615890969423, 0.003080694773948975], [0.10861931831780913, 0.3829172734326004, 0.0030946324919631325, 0.026760552031567093, 0.47551359123409703, 0.0030946324919631325], [0.5310987567333169, 0.40354509285444173, 0.0030860214689530747, 0.022508233003544233, 0.03667587447079103, 0.0030860214689530747], [0.07850185275565072, 0.34978482946856265, 0.003053537229002729, 0.02143411220905704, 0.544172131108724, 0.003053537229002729], [0.06391747386019529, 0.2753235028602632, 0.003094227760858995, 0.016977877259370455, 0.637592690498453, 0.003094227760858995], [0.05689281386295584, 0.21132382298340824, 0.0030537830945795673, 0.01483328463747433, 0.7108425123270025, 0.0030537830945795673], [0.792425200499021, 0.16938855916118725, 0.003018165052402262, 0.011906077713334818, 0.020243832521652422, 0.003018165052402262], [0.8896626492547421, 0.09044010181297302, 0.003036604013945537, 0.005579769366427675, 0.008244271537966103, 0.003036604013945537], [0.015285532548064956, 0.07392965166743108, 0.0030084403028693522, 0.003962070294053155, 0.900805864884712, 0.0030084403028693522], [0.9359650095792665, 0.05046506173445422, 0.0030004862284188248, 0.0033522422031010907, 0.004216714026340545, 0.0030004862284188248], [0.9406107239038844, 0.031394370489693645, 0.017810798684496035, 0.0032165645816678865, 0.003966210493802433, 0.003001331846455554], [0.9489154828441331, 0.016066744519848023, 0.00417834878388247, 0.003180640638851132, 0.024478142574434245, 0.003180640638851132]], [[0.9577304130724656, 0.012148679356091804, 0.003189967966398057, 0.0031171006861369483, 0.020696738232770732, 0.0031171006861369483], [0.8937685112388241, 0.05703247612783662, 0.03418490064963931, 0.004885691223847818, 0.0070979613656561545, 0.0030304593941960557], [0.8735625693039503, 0.10579338078381832, 0.003067914010635204, 0.006290949466815113, 0.00821727242414602, 0.003067914010635204], [0.7789100793748708, 0.1790639865893192, 0.0030264060462193688, 0.014076272661652015, 0.021896849281719255, 0.0030264060462193688], [0.7619021780551705, 0.18924577059213787, 0.0030378434215612574, 0.015682130052617645, 0.02709423445695132, 0.0030378434215612574], [0.7243104559618304, 0.21449939387846217, 0.00308165843285769, 0.01802103887260967, 0.037005794421382465, 0.00308165843285769], [0.6308436404445407, 0.29565212333027985, 0.0030155171545456364, 0.0232484635002167, 0.0442247384158716, 0.0030155171545456364], [0.6084889685732847, 0.3166464359550605, 0.0030306216463634387, 0.0236629174311328, 0.04514043474779518, 0.0030306216463634387], [0.5791284034310592, 0.34443076233442504, 0.0030251252609864243, 0.02306232945707289, 0.047328254255470215, 0.0030251252609864243], [0.5873676430562305, 0.34350203862115025, 0.003025224075311444, 0.023542680806404814, 0.039537189365591564, 0.003025224075311444], [0.6007983532770864, 0.3213826443264049, 0.003012336123707275, 0.02512936719727408, 0.04666496295181999, 0.003012336123707275], [0.7051798239438246, 0.21683160703428353, 0.0031108430878413807, 0.023889780131311083, 0.047877102714898104, 0.0031108430878413807], [0.7444971271460668, 0.17898816902506448, 0.0030556359776295313, 0.023573085815711183, 0.04683034605789864, 0.0030556359776295313], [0.11994789275701409, 0.19060839176558964, 0.0031401414654531378, 0.02324090602620357, 0.6599225265202864, 0.0031401414654531378], [0.6594292188701649, 0.25696311356813184, 0.0030087643187193614, 0.02552520130461077, 0.052064937619653896, 0.0030087643187193614], [0.6088894015477228, 0.3175987943922226, 0.0030140256480302233, 0.022869040052333093, 0.04461471271166107, 0.0030140256480302233], [0.1098054696258257, 0.3481900497590849, 0.003011654505878528, 0.027145500993103873, 0.5088356706102285, 0.003011654505878528], [0.3240282739736637, 0.4995074055213235, 0.0030073285687589797, 0.03503470163194725, 0.1354149617355477, 0.0030073285687589797], [0.5967622853452842, 0.3133271359516311, 0.003018139744090681, 0.023775150358936344, 0.06009914885596715, 0.003018139744090681], [0.6144214707589176, 0.2935499851937383, 0.0030113780240109216, 0.02691202763088222, 0.05909376036843995, 0.0030113780240109216], [0.6195928048697531, 0.28785028711132626, 0.003009816162316387, 0.026316029757069426, 0.06022124593721835, 0.003009816162316387], [0.6197460157109704, 0.28697773857211895, 0.0030099482757964674, 0.025504536843262964, 0.06175181232205471, 0.0030099482757964674], [0.10998798479930853, 0.28595545322445987, 0.003001555752091723, 0.024690280815770543, 0.5733631696562776, 0.003001555752091723], [0.12164619225385907, 0.24572015170492795, 0.0030057960180083524, 0.027987465857646554, 0.5986345981475497, 0.0030057960180083524], [0.11328364280202469, 0.18506128803673208, 0.0031039496449616183, 0.022819948172282688, 0.6726272216990373, 0.0031039496449616183], [0.7369759793509064, 0.1854567384026465, 0.0030825989439260525, 0.023035286487444136, 0.04836679787115089, 0.0030825989439260525], [0.6144394079536535, 0.30180512963649314, 0.0030146303034219992, 0.02523550684428554, 0.05249069495872398, 0.0030146303034219992], [0.5694853185747981, 0.3551290396476874, 0.003024486402116745, 0.024043552015459043, 0.045293116957822135, 0.003024486402116745], [0.5319912390429223, 0.3954303343786014, 0.003075415788328008, 0.022578403558918363, 0.043849191442901836, 0.003075415788328008], [0.26500801239731314, 0.5661988640858859, 0.003034755054550741, 0.03228424488787879, 0.13043936851982077, 0.003034755054550741], [0.5276462034519391, 0.39983537226707916, 0.003081480753504392, 0.023254475134645798, 0.043100987639327244, 0.003081480753504392], [0.5896889755571084, 0.347446435217048, 0.0030604249405125246, 0.020041312767752624, 0.036702426577065864, 0.0030604249405125246], [0.6273745462095747, 0.3097584735985762, 0.0030258823883054565, 0.02078312213052932, 0.036032093284708834, 0.0030258823883054565], [0.7337582729180312, 0.21327819426371641, 0.003073044225482084, 0.01658964800419465, 0.030227796363093667, 0.003073044225482084], [0.7907388416156791, 0.1667692751755717, 0.0030152791562421486, 0.013382002819184745, 0.023079322077080244, 0.0030152791562421486], [0.8409948871873059, 0.12719453579674822, 0.0030059654504701796, 0.009197795819841372, 0.016600850295164178, 0.0030059654504701796], [0.9158788119817549, 0.06656952152679987, 0.003006189346011953, 0.004144266119150536, 0.007395021680270815, 0.003006189346011953], [0.9331385894940362, 0.052403443465186376, 0.003000160377367832, 0.003353541858481912, 0.0051041044275598945, 0.003000160377367832], [0.9494708115147339, 0.026523351566361535, 0.013814646124450746, 0.0032180663793927107, 0.0039680622974098325, 0.003005062117651291], [0.9571066128350275, 0.01058243914209789, 0.004137460497776236, 0.0031216766113064875, 0.021930134302485475, 0.0031216766113064875]], [[0.9565737784150555, 0.01622706625312358, 0.003316971644282658, 0.0031166903440922713, 0.017648802999353824, 0.0031166903440922713], [0.8999148605602962, 0.0536076230025288, 0.032202303722253155, 0.004434476711013927, 0.0068184646760830955, 0.0030222713278247946], [0.02137537944154104, 0.10771203098112525, 0.0030655076617648585, 0.006707857746852781, 0.8580737165069513, 0.0030655076617648585], [0.027251788858132116, 0.12672739200076266, 0.0031267474700857867, 0.008891072363765193, 0.8308762518371685, 0.0031267474700857867], [0.7776960657025564, 0.17422432329550017, 0.0030221467369609015, 0.015638226088378716, 0.026397091439642896, 0.0030221467369609015], [0.18967900972725857, 0.22989466536378678, 0.02022982087148037, 0.07537006337206749, 0.29180712208151305, 0.19301931858389393], [0.6978571884421025, 0.23580828807058465, 0.0030622882578784823, 0.019148872620614994, 0.04106107435094079, 0.0030622882578784823], [0.6350305859265614, 0.29082413194927514, 0.003012333301465911, 0.02240922131324008, 0.04571139420799174, 0.003012333301465911], [0.6032844122901654, 0.3228369846611799, 0.0030119998442220157, 0.023398136395091897, 0.04445646696511875, 0.0030119998442220157], [0.6151442028115784, 0.30478928763310775, 0.0030059541761626746, 0.02534171293815275, 0.04871288826483571, 0.0030059541761626746], [0.10639285668799395, 0.22655896286132515, 0.0031380930553336047, 0.022881562949770805, 0.6378904313902429, 0.0031380930553336047], [0.7126275603935663, 0.19083006199181476, 0.003059539092196169, 0.042014989081092705, 0.048408310349133905, 0.003059539092196169], [0.7521128176837749, 0.17240347339985435, 0.0030476884223629873, 0.02418477184839458, 0.04520356022325014, 0.0030476884223629873], [0.10081926488758246, 0.17431591600556431, 0.003080321765038976, 0.023826591622202915, 0.6948775839545723, 0.003080321765038976], [0.7093880085429978, 0.2192914706963933, 0.0030684477050780925, 0.021992586684813784, 0.04319103866563894, 0.0030684477050780925], [0.10955800567497805, 0.3035447991308085, 0.003005936725526137, 0.026163726261580974, 0.5547215954815802, 0.003005936725526137], [0.5891503652910246, 0.3327590880463204, 0.0030245479653855235, 0.023398014893063458, 0.048643435838820484, 0.0030245479653855235], [0.563722243837649, 0.33727552841060543, 0.003022141510874307, 0.026763844533788064, 0.06619410019620893, 0.003022141510874307], [0.6254855351635468, 0.2852834360415906, 0.003020208442092812, 0.024066349972014796, 0.05912426193866213, 0.003020208442092812], [0.5997670175632879, 0.30547257409517115, 0.0030089124135840367, 0.027131554489869248, 0.061611029024503494, 0.0030089124135840367], [0.6227078789755808, 0.27966658612989775, 0.0030239746753023596, 0.026866768212803892, 0.06471081733111285, 0.0030239746753023596], [0.35445957934538197, 0.4491565768745551, 0.0030048858403931415, 0.0372260677881294, 0.1531480043111473, 0.0030048858403931415], [0.6233251880873542, 0.28646368533976097, 0.0030185873473342877, 0.023990135810480685, 0.060183816067735575, 0.0030185873473342877], [0.6478081157418957, 0.268304594778776, 0.0030091573898150276, 0.025393360642091443, 0.05247561405760688, 0.0030091573898150276], [0.6703261142462712, 0.23658041507740735, 0.0030076919672183586, 0.028218740614814986, 0.05885934612706968, 0.0030076919672183586], [0.7352724322223176, 0.1819667838229673, 0.003089446222524395, 0.02556534720493934, 0.05101654430472692, 0.003089446222524395], [0.6922099319220189, 0.23124510103397128, 0.0030939383118460595, 0.022982352989322073, 0.04737473743099588, 0.0030939383118460595], [0.5741993866599129, 0.3487851365073094, 0.0030062154889958594, 0.024330487996504984, 0.04667255785828112, 0.0030062154889958594], [0.5264775142560844, 0.388260135218535, 0.0031202106885247567, 0.0239449530924912, 0.055076976055840075, 0.0031202106885247567], [0.10357840824760844, 0.40436916413434476, 0.0030753281193167583, 0.025825708323959234, 0.460076063055454, 0.0030753281193167583], [0.5347282367654729, 0.398524073978823, 0.0030788562615961927, 0.02196113835383712, 0.03862883837867475, 0.0030788562615961927], [0.6027523840330059, 0.3321677630988464, 0.0030175279514229104, 0.02119125397136501, 0.03785354299393697, 0.0030175279514229104], [0.6952123706578616, 0.2498192954723341, 0.0030692964943701013, 0.01648462660601426, 0.03234511427504977, 0.0030692964943701013], [0.7701641759475091, 0.18397496819835862, 0.0030310852710424344, 0.014527496463477979, 0.025271188848569458, 0.0030310852710424344], [0.8042999143995666, 0.15570033480569742, 0.0030085004087871407, 0.012268773041646653, 0.02171397693551506, 0.0030085004087871407], [0.8971172038826813, 0.08279631004203443, 0.0030250445286222846, 0.005449259481229065, 0.008587137536810473, 0.0030250445286222846], [0.9185158840701474, 0.06570901605610471, 0.003005076082155326, 0.0036537198549257367, 0.00611122785451164, 0.003005076082155326], [0.9380040683204558, 0.04869641640082094, 0.003000751610314277, 0.003349438788547843, 0.003948573269546889, 0.003000751610314277], [0.007696198183192184, 0.024450197012799553, 0.013722379989450134, 0.0033716853870082537, 0.9477553237746216, 0.0030042156529282516], [0.9700103220871242, 0.0091489729823265, 0.003036840976828636, 0.003036840976828636, 0.011730182000063382, 0.003036840976828636]], [[0.9449968991864031, 0.014165228586840679, 0.003824861338849888, 0.003240121195315851, 0.030532768497274824, 0.003240121195315851], [0.898127084968122, 0.05498399374613159, 0.03192131120093235, 0.004774755155610164, 0.007168504540794128, 0.0030243503884098276], [0.8786501595327222, 0.09939336308678721, 0.0030558547482610306, 0.006910627599225062, 0.00893414028474361, 0.0030558547482610306], [0.8669762615925178, 0.10783027480127604, 0.003079981857236983, 0.008338018876382537, 0.010695481015349685, 0.003079981857236983], [0.8607608818170529, 0.11041373061581285, 0.003094628358440158, 0.009420260373929514, 0.013215870476324453, 0.003094628358440158], [0.7709670611821838, 0.16916041828527853, 0.003024244212242427, 0.018741998179407117, 0.035082033928645694, 0.003024244212242427], [0.086307307257537, 0.182539182703498, 0.003042117471920481, 0.019608004661672805, 0.7054612704334513, 0.003042117471920481], [0.09425119249268894, 0.2063762547712337, 0.0030814918075063266, 0.020387086274417283, 0.6728224828466475, 0.0030814918075063266], [0.12092515188875651, 0.2692378687022764, 0.003004304421068109, 0.026166686729860056, 0.5776616838369708, 0.003004304421068109], [0.1289846186717487, 0.20748955280000633, 0.0030816003426108306, 0.02110810279535593, 0.6362545250476674, 0.0030816003426108306], [0.725007185174102, 0.19582531800269723, 0.0030806882766154444, 0.023618596178957937, 0.04938752409101201, 0.0030806882766154444], [0.6699474672963285, 0.23801533372235434, 0.0030054970162026007, 0.02778016024829084, 0.058246044700621266, 0.0030054970162026007], [0.7321127160189347, 0.18910298133728407, 0.0030396254752594887, 0.02408620239824024, 0.04861884929502212, 0.0030396254752594887], [0.7393532785742375, 0.1932811985953721, 0.0030194295753679934, 0.020981322616950144, 0.04034534106270431, 0.0030194295753679934], [0.7377701588493749, 0.18503707866473845, 0.0030816993377000795, 0.024436376529581687, 0.046592987280904725, 0.0030816993377000795], [0.7237386243824351, 0.2012327014314665, 0.0030908834848497055, 0.02190341138152263, 0.04694349583487631, 0.0030908834848497055], [0.6465128663358307, 0.26359474716209685, 0.0030101120819280747, 0.025032403486405678, 0.058839758851810725, 0.0030101120819280747], [0.13734898654797184, 0.27476220226209824, 0.0030191448807141935, 0.025034981546983366, 0.5568155398815181, 0.0030191448807141935], [0.6182286184771745, 0.25630226359682484, 0.003009324865108293, 0.026050568144961334, 0.09339990005082283, 0.003009324865108293], [0.5907448254206756, 0.302206685873151, 0.0030207379081939475, 0.026101517941476332, 0.07490549494830936, 0.0030207379081939475], [0.6224883773529074, 0.2891489834092706, 0.0030222020762313974, 0.024779994437965393, 0.05753824064739393, 0.0030222020762313974], [0.1258212962331436, 0.2949458267970673, 0.003020378082195723, 0.039396001809441195, 0.5337961189959564, 0.003020378082195723], [0.6166683621879779, 0.30448234373236865, 0.0030092191433467755, 0.024692924928080236, 0.04813793086487973, 0.0030092191433467755], [0.6196546015742409, 0.29003536000511954, 0.0030087877269197056, 0.025449913663965217, 0.05884254930283496, 0.0030087877269197056], [0.7293497698541207, 0.1851029408453152, 0.0030901433996731193, 0.02411276332522292, 0.05525423917599483, 0.0030901433996731193], [0.11014129789320451, 0.16645099460651575, 0.003087896780304003, 0.022552218530836738, 0.694679695408835, 0.003087896780304003], [0.7346733098941064, 0.19455076330088752, 0.0030427554083261267, 0.022852081302396222, 0.04183833468595753, 0.0030427554083261267], [0.7075067537593259, 0.22346873369699075, 0.0031315315203443396, 0.021143990623286035, 0.041617458879708746, 0.0031315315203443396], [0.5926641601608893, 0.333615410797999, 0.003017970257083594, 0.023452448711306948, 0.044232039815637565, 0.003017970257083594], [0.0999146030674639, 0.35383259789956234, 0.0030580554184990207, 0.03120356112170695, 0.5089331270742689, 0.0030580554184990207], [0.6010319985068936, 0.32008678667569884, 0.0030367504176956406, 0.03362470817439988, 0.03918300580761646, 0.0030367504176956406], [0.681360707042503, 0.26168584989845906, 0.0030891345391113926, 0.01777545939204503, 0.0329997145887701, 0.0030891345391113926], [0.07063547189961153, 0.2008185783825162, 0.0030462108970734075, 0.017076574603896055, 0.7053769533198293, 0.0030462108970734075], [0.7839840297147049, 0.1639848631920325, 0.0030150223751374823, 0.01646894930641961, 0.029532113036567827, 0.0030150223751374823], [0.8694148321614368, 0.10233847450749194, 0.003074563421726475, 0.008840375830047507, 0.01325719065757069, 0.003074563421726475], [0.8877267389485433, 0.09122430581550274, 0.003039221821074588, 0.006194565357519463, 0.008775946236285156, 0.003039221821074588], [0.915188707168232, 0.06909949539288512, 0.003007559617757898, 0.0038092353612716135, 0.005887442842095336, 0.003007559617757898], [0.010150933098118901, 0.049301414686735004, 0.003001388909321233, 0.003455530157056772, 0.9310893442394469, 0.003001388909321233], [0.9476427457557287, 0.027876744475166474, 0.014292715633284362, 0.0032169660686990876, 0.00396670555057367, 0.0030041225165477934], [0.9610381950017901, 0.00829297666738523, 0.003106265464491947, 0.003106265464491947, 0.021350031937348777, 0.003106265464491947]], [[0.9492139900029755, 0.015285400784772907, 0.0031906445075479037, 0.0031906445075479037, 0.025928675689607942, 0.0031906445075479037], [0.894948884800658, 0.05726286839678443, 0.032409380881160355, 0.00504578669615159, 0.007304279068889195, 0.0030288001563563765], [0.8678113672654095, 0.10913252077271814, 0.0030791974373460323, 0.0075614607078428216, 0.009336256379337396, 0.0030791974373460323], [0.02610756999190411, 0.11398710066938353, 0.0030903582912191006, 0.008141901882664476, 0.8455827108736098, 0.0030903582912191006], [0.06627746698010054, 0.1692441455175693, 0.0030134890181585847, 0.016158684079790972, 0.742292725386222, 0.0030134890181585847], [0.763365807866767, 0.17969301368567697, 0.00300786979257953, 0.018127060992260365, 0.03279837787013672, 0.00300786979257953], [0.7667668604759325, 0.1632946916738004, 0.00303095151412947, 0.02123121166423143, 0.04264533315777673, 0.00303095151412947], [0.7552257566132634, 0.17135090938362357, 0.0030431742785567237, 0.023219461653715363, 0.044117523792284334, 0.0030431742785567237], [0.7466877723482063, 0.17343640162005877, 0.0030560414385537955, 0.0235673905579763, 0.050196352596651075, 0.0030560414385537955], [0.7316288370005574, 0.18521081508850823, 0.003075268806959171, 0.024869420713583522, 0.05214038958343245, 0.003075268806959171], [0.6671335899814127, 0.23262205493725507, 0.003006152773851167, 0.025985333138818966, 0.06824671639481089, 0.003006152773851167], [0.13024446244249732, 0.2634992457826154, 0.0030081423723693863, 0.027967146032263822, 0.5722728609978848, 0.0030081423723693863], [0.6571314872032936, 0.26141865594290775, 0.003002448627523794, 0.024174245239419443, 0.05127071435933177, 0.003002448627523794], [0.7186037263270154, 0.20249900617718375, 0.0030645749060901153, 0.0232641732769726, 0.04950394440664799, 0.0030645749060901153], [0.66733824208129, 0.24014920563656073, 0.003009667156533664, 0.026302567373634986, 0.06019065059544704, 0.003009667156533664], [0.7369109811675654, 0.1781880819239563, 0.003080256630611642, 0.023739579648731118, 0.055000843998524056, 0.003080256630611642], [0.6570568682231486, 0.23511072784957393, 0.003020533670101708, 0.029834086026381407, 0.07195725056069274, 0.003020533670101708], [0.6695323993858737, 0.22607791370661398, 0.0030166636048393433, 0.02805633466504575, 0.07030002503278784, 0.0030166636048393433], [0.16766516159428724, 0.24440694152808767, 0.0030450903783617086, 0.028083552314779704, 0.553754163806122, 0.0030450903783617086], [0.629941854928694, 0.25176143654783656, 0.003038669956593222, 0.02849379127756152, 0.08372557733272168, 0.003038669956593222], [0.627125713565715, 0.28155496275921915, 0.0030196022042525404, 0.02542270450099954, 0.059857414765561216, 0.0030196022042525404], [0.6128084172113525, 0.2897236403810068, 0.003019402272083962, 0.025213890920610566, 0.06621524694286224, 0.003019402272083962], [0.611778298687352, 0.30420275952690007, 0.0030105202030010357, 0.024779294208722383, 0.053218607171023405, 0.0030105202030010357], [0.14864160647471802, 0.3031993023411715, 0.0030219039703712276, 0.02683529708502093, 0.5152799861583471, 0.0030219039703712276], [0.6679079246367298, 0.23011252267073498, 0.0030141225846345133, 0.02775299024694378, 0.06819831727632238, 0.0030141225846345133], [0.7599519387662567, 0.16143928042758357, 0.003057122260324931, 0.02342909846677811, 0.049065437818731704, 0.003057122260324931], [0.769782025742919, 0.15853732873167317, 0.003041745507244322, 0.022273387747463073, 0.04332376676345613, 0.003041745507244322], [0.09598330605043172, 0.18016405792328646, 0.0030759023171438174, 0.022672915548223486, 0.6950279158437708, 0.0030759023171438174], [0.6936076983714575, 0.23583613626352998, 0.0030685195828191575, 0.021463788808794897, 0.04295533739057929, 0.0030685195828191575], [0.644991413979866, 0.279274885185858, 0.0030072682565141524, 0.02309530190337113, 0.04662386241787647, 0.0030072682565141524], [0.7188107268828969, 0.21676134763965618, 0.0030892675983666767, 0.019537377206006894, 0.038712013074706675, 0.0030892675983666767], [0.7617334390266749, 0.18125368942540762, 0.003033459708033689, 0.018238590321310203, 0.032707361810539834, 0.003033459708033689], [0.7894792069013037, 0.15585509348092427, 0.003011241667431108, 0.017533325991968114, 0.031109890290941834, 0.003011241667431108], [0.06737082194171877, 0.15480596005798944, 0.003005611301641114, 0.015298997137518429, 0.7565129982594911, 0.003005611301641114], [0.8749371667706537, 0.09626364769180179, 0.003063796430524932, 0.008544972776895749, 0.014126619899598935, 0.003063796430524932], [0.8897040866135634, 0.08810090528740216, 0.003035552822659501, 0.00652536538661515, 0.009598537067100383, 0.003035552822659501], [0.9041026546400541, 0.07900629772736828, 0.0030179495673762595, 0.004633872396738391, 0.006221276101086846, 0.0030179495673762595], [0.9306063992172456, 0.03799689327123409, 0.02120899853784622, 0.0032180302431340665, 0.003968017739309226, 0.0030016609912308302], [0.010021475969424338, 0.029796082549735804, 0.015149098703823399, 0.003370296133314719, 0.9386612110113347, 0.0030018356323669925], [0.95795159786234, 0.00810526632170088, 0.004327480050085071, 0.0031267081614437236, 0.02336223944298681, 0.0031267081614437236]], [[0.9549486718557378, 0.011887133370399023, 0.00347320916806131, 0.0031426913863159657, 0.02340560283316993, 0.0031426913863159657], [0.8891938622815533, 0.059807542126648454, 0.03459488232364266, 0.005420003702343418, 0.007946796065234584, 0.003036913500577642], [0.8701929248626917, 0.10626034296820219, 0.003073156202605102, 0.007465320979178817, 0.009935098784717121, 0.003073156202605102], [0.7887028294988515, 0.16626331239322245, 0.0030154036414104515, 0.015096670464673227, 0.02390638036043204, 0.0030154036414104515], [0.7752765911032345, 0.1742488486585801, 0.0030227032534560693, 0.0159687835094634, 0.028460370221809663, 0.0030227032534560693], [0.08032724882096379, 0.1967300899133485, 0.0030192567025333814, 0.018215153468070712, 0.6986889943925503, 0.0030192567025333814], [0.12417336903711321, 0.2410961969064967, 0.003013730298539231, 0.02610920479423226, 0.6025937686650794, 0.003013730298539231], [0.7464812694066949, 0.17301725650067734, 0.003056840473287529, 0.02360241129431848, 0.05078538185173413, 0.003056840473287529], [0.7385054262383914, 0.17493707993192037, 0.003071398132106979, 0.02558668277157494, 0.05482801479389936, 0.003071398132106979], [0.13804241045245508, 0.22695342048988268, 0.003014101391504718, 0.02884412261767007, 0.6001318436569828, 0.003014101391504718], [0.6458733756735976, 0.26845996040962544, 0.0030073300025102345, 0.027741028321240032, 0.051910975590516634, 0.0030073300025102345], [0.6256212290277283, 0.29655035528723733, 0.0030030487728909764, 0.02419176624548113, 0.04763055189377147, 0.0030030487728909764], [0.1211930526690875, 0.31557083318009205, 0.0030072720103651537, 0.024495867091675082, 0.5327257030384152, 0.0030072720103651537], [0.6466780024360003, 0.2695867232304403, 0.003003701518640343, 0.02365028045479255, 0.054077590841486174, 0.003003701518640343], [0.6215698817346987, 0.26840065994191253, 0.003007740174427704, 0.0413695514763246, 0.06264442649820874, 0.003007740174427704], [0.6576126368547098, 0.2425273050257987, 0.0030145104799651078, 0.02813228312992389, 0.06569875402963732, 0.0030145104799651078], [0.6521224818636163, 0.22776636088843125, 0.003006080454461149, 0.028623394301723993, 0.08547560203730614, 0.003006080454461149], [0.645213266223622, 0.2321708536196164, 0.0030419990889596427, 0.029320041581256874, 0.0872118403975855, 0.0030419990889596427], [0.6731718758730716, 0.2253975850459075, 0.00301381240968114, 0.026986328145535216, 0.06841658611612335, 0.00301381240968114], [0.6366002658520853, 0.24830647644214804, 0.0030050389266692793, 0.02619375045638178, 0.08288942939604643, 0.0030050389266692793], [0.6171984703387405, 0.253734296481646, 0.0030105963956660316, 0.025841244235758648, 0.09720479615252281, 0.0030105963956660316], [0.3551033621910367, 0.45550819995384767, 0.0030014748484072165, 0.03536972822025162, 0.1480157599380496, 0.0030014748484072165], [0.5990984081988533, 0.299098806812148, 0.0030147518271464047, 0.024605861797810685, 0.07116741953689522, 0.0030147518271464047], [0.6368938934989568, 0.25530126258705693, 0.003003344230240913, 0.025425853927660766, 0.0763723015258436, 0.003003344230240913], [0.6742042505346892, 0.2341115612717044, 0.003005907609514628, 0.02533267870718253, 0.06033969426739469, 0.003005907609514628], [0.7001826766858783, 0.20870947760006037, 0.0030090676223431035, 0.02464611372252191, 0.06044359674685321