{"prediction": [[[0.918226720460092, 0.060651784845215016, 0.003430855865244241, 0.003430855865244241, 0.010828927098960241, 0.003430855865244241], [0.8671660883881485, 0.06549732994674555, 0.01575778133296825, 0.003732862266973346, 0.04411307579819116, 0.003732862266973346], [0.85257226420486, 0.08536551103137498, 0.008008492893515164, 0.003981323439508782, 0.046091084991232475, 0.003981323439508782], [0.8696607019165575, 0.07186451214553138, 0.010273594961000722, 0.0037614914438856154, 0.04067820808913927, 0.0037614914438856154], [0.8342998520647767, 0.08422829518526005, 0.008450429188057199, 0.004156418643362002, 0.06470858627518204, 0.004156418643362002], [0.8570014716248777, 0.07214350001369944, 0.014723463096880596, 0.00414473088965287, 0.048139242483305436, 0.0038475918915840098], [0.8591816864616492, 0.07230443138635102, 0.011814499988797375, 0.005006875207521351, 0.04785500682536389, 0.0038375001303172537], [0.8338997334194743, 0.07653026938402603, 0.01658847489276038, 0.0063257076350203565, 0.06259393618020742, 0.004061878488511573], [0.8116245258608488, 0.08513177037671651, 0.024769437046484, 0.005823721507315378, 0.06837294487535789, 0.00427760033327747], [0.8250295693390206, 0.07520618048900148, 0.0278581530326035, 0.0065584440835138305, 0.061257270620397625, 0.0040903824354628845], [0.813219215812172, 0.08611884049062002, 0.027828638246632936, 0.005902077511676923, 0.06268578034223085, 0.004245447596667328], [0.830858055257714, 0.07936062725118814, 0.018130386888456612, 0.005813622658672935, 0.06174277842847382, 0.004094529515494674], [0.8421781397146815, 0.08097029257017507, 0.01653054689420679, 0.00400834982947032, 0.05230432116199617, 0.00400834982947032], [0.8326545216449917, 0.0826213881283746, 0.011849075952941074, 0.004142879088011855, 0.0645892560976691, 0.004142879088011855], [0.8630454640753753, 0.0697475186990877, 0.02239501042392341, 0.004580151772558655, 0.03647968574011745, 0.0037521692889375285], [0.8321488828525155, 0.08255042975003259, 0.011119726173739096, 0.005483044103683782, 0.06455721520607643, 0.004140701913952618], [0.8194685152321103, 0.08180179863054635, 0.01759750559310878, 0.004246555754604936, 0.07263906903502458, 0.004246555754604936], [0.8433678001284654, 0.07019125826303847, 0.016217483515843983, 0.004887656690941326, 0.06136913763540809, 0.003966663766302796], [0.824217803570546, 0.07843196950067215, 0.01947705633424919, 0.005687928417420336, 0.06802587772349385, 0.004159364453618248], [0.8709060790155585, 0.07073647181684566, 0.013071016007833, 0.0037321737563140757, 0.03782208564713455, 0.0037321737563140757], [0.8486682981556792, 0.0714706980637103, 0.012012287078214392, 0.003950383933679242, 0.059947948835037596, 0.003950383933679242], [0.876554257790332, 0.07074423846347565, 0.005290894236093163, 0.0037313065492750822, 0.03994799641154899, 0.0037313065492750822], [0.8784024124788434, 0.07209809049894819, 0.015094989003191233, 0.0036779814037778548, 0.027048545211461248, 0.0036779814037778548], [0.868492985234425, 0.08219736999403361, 0.00911456502805822, 0.0038294740483693136, 0.0325361316467446, 0.0038294740483693136], [0.8722743721907081, 0.07694527025032266, 0.009883361334910499, 0.0037672290304180487, 0.033362538163222655, 0.0037672290304180487], [0.8541166305382916, 0.08179459792411344, 0.012801611179178983, 0.003922507705401657, 0.04344214494761265, 0.003922507705401657], [0.8699959893913942, 0.0724871114309214, 0.018827623952024915, 0.003727917813840574, 0.031233439597978523, 0.003727917813840574], [0.8700892774250624, 0.07863422776349548, 0.015861945879911223, 0.0037718112831730106, 0.02787092636518485, 0.0037718112831730106], [0.8748920156079302, 0.07160832741724592, 0.014563611375667328, 0.0037003382465542575, 0.03153536910604787, 0.0037003382465542575], [0.8288660061614282, 0.08277703523100334, 0.016059760539852256, 0.004153184292222729, 0.06399082948327063, 0.004153184292222729], [0.8537244167721864, 0.07192037993256517, 0.02047164472432596, 0.003851933522212664, 0.04617969152649722, 0.003851933522212664], [0.8287918583991754, 0.07929520536847913, 0.012558711284532292, 0.004176010831713552, 0.07100220328438613, 0.004176010831713552], [0.8403601297747015, 0.07642290903194184, 0.013792944335888612, 0.004033548350806539, 0.0613569201558551, 0.004033548350806539], [0.8385925317558879, 0.07647607553255079, 0.015948585824494016, 0.004301545485449954, 0.06064631777739942, 0.004034943624218061], [0.8441749495653609, 0.07720794351019038, 0.016674848396894093, 0.00547957452063713, 0.05249916287313804, 0.003963521133779593], [0.8288301081401549, 0.07673699670533955, 0.025255048423775257, 0.005333359277842806, 0.059768391276078255, 0.004076096176809271], [0.8533644761055118, 0.07458919490422156, 0.011844215730877605, 0.005677234212651263, 0.050630847162820805, 0.003894031883916993], [0.8551156445383213, 0.0712198093158424, 0.010097557237424235, 0.005256278377529702, 0.0544261871443084, 0.003884523386573754], [0.7864563670984027, 0.08825141711282146, 0.028183879312509465, 0.006315595977822328, 0.08623584820416562, 0.004556892294278523], [0.8895702732968112, 0.08519057355149337, 0.0037591765669339194, 0.0037591765669339194, 0.013961623450893669, 0.0037591765669339194]], [[0.8766499639073086, 0.06579645087373495, 0.013305673159017525, 0.003664995815589505, 0.036917920428759694, 0.003664995815589505], [0.9677860808896057, 0.016665093812860226, 0.0060818126858502505, 0.0030044494739029175, 0.003458113663878024, 0.0030044494739029175], [0.7310361752278663, 0.054691493695693996, 0.03374926232515336, 0.0077001226603721495, 0.1673364462048638, 0.00548649988605028], [0.9631823241115598, 0.018749735857159548, 0.008541908952759015, 0.0030018063001917366, 0.0035224184781381205, 0.0030018063001917366], [0.9200053185458831, 0.03730576896307381, 0.02685416116720995, 0.004101615694616849, 0.00871962045868644, 0.0030135151705298316], [0.9020048639073267, 0.04196041232142952, 0.03184662228522276, 0.00492610116881788, 0.016257822974848242, 0.0030041773423549255], [0.7160998817207977, 0.06429754338556054, 0.06684138737528414, 0.029562706706132345, 0.1117653687587716, 0.01143311205345359], [0.8204022280267703, 0.07367833398811642, 0.052107736234840815, 0.010677003595752226, 0.04011517315297757, 0.0030195250015428374], [0.759790159346673, 0.07902535116702401, 0.10373357656919299, 0.013336885690826158, 0.04111240824992755, 0.0030016189763561896], [0.7614944439114135, 0.08128672422844291, 0.09999782795294226, 0.01275976928037445, 0.041460203878809714, 0.003001030748017071], [0.07402025113194019, 0.089190724213267, 0.1289743637127234, 0.013982817888219524, 0.6908241148995244, 0.00300772815432544], [0.7511904003195559, 0.08777154666289204, 0.10494544470378157, 0.014503743984868757, 0.03858650180468843, 0.0030023625242134346], [0.7765192171352028, 0.07557632207786345, 0.09098910869684512, 0.011853486893784598, 0.042051019727457166, 0.003010845468846964], [0.8079779909505611, 0.06822055220307167, 0.08131210962930387, 0.010088394822166715, 0.029397037439830197, 0.0030039149550663605], [0.8758005043423427, 0.046131885306022684, 0.049928713773388686, 0.006002260524437257, 0.019135149814925013, 0.0030014862388836753], [0.8418132898547598, 0.06000046514994294, 0.06197488325383454, 0.007952681081040417, 0.025235388735339922, 0.00302329192508246], [0.8314605954894801, 0.062423953908954666, 0.060475495636515275, 0.009831944825326797, 0.03278988263780432, 0.0030181275019188726], [0.7101202853882718, 0.06473007946981375, 0.04671057930611054, 0.024287274174799464, 0.14803551259502012, 0.0061162690659843895], [0.7062448327674689, 0.062478344887358844, 0.03772915813284328, 0.021388259292666103, 0.1665454946388168, 0.0056139102808461915], [0.905547657734469, 0.03922673850692227, 0.03415804061056308, 0.004130812084389082, 0.013931859139944212, 0.003004891923712419], [0.028775233665964958, 0.03310706287479997, 0.028133534402501773, 0.0041079507082179, 0.9028624674752436, 0.0030137508732718545], [0.925500828216447, 0.0314663098355289, 0.026728588530694826, 0.004103992941990518, 0.009184172180122761, 0.0030161082952159845], [0.9261832606840087, 0.03406541793907953, 0.02505079451640817, 0.004106077765011739, 0.007576741136159382, 0.003017707959332591], [0.9532767104573658, 0.021856736381673264, 0.014664851525687406, 0.003000130463604888, 0.004201440708063615, 0.003000130463604888], [0.9464423792774534, 0.02420445875877498, 0.018055411285557415, 0.003001926582117695, 0.005293897513978758, 0.003001926582117695], [0.9260010764509523, 0.03182583067084836, 0.025194978317670612, 0.004010831102387322, 0.00995490296812479, 0.003012380490016599], [0.9136688524338719, 0.03839408330280863, 0.030324211905613963, 0.004004626465774027, 0.01060202022284244, 0.0030062056690891847], [0.9142251931932975, 0.03651545180858441, 0.030801291497133947, 0.004004251175749655, 0.011447881410792376, 0.0030059309144421504], [0.897915057351298, 0.04323222424445774, 0.037672882638848236, 0.00483118320453525, 0.013346830995156692, 0.0030018215657042647], [0.8601123381993044, 0.04760066328612382, 0.061872104429681225, 0.006689352670067371, 0.020723013075894695, 0.0030025283389285003], [0.816118288794895, 0.06677957183108105, 0.07548577739866363, 0.00942540028116554, 0.02918455203108973, 0.0030064096631049588], [0.8541634682573366, 0.05243973679857683, 0.05732776805236001, 0.007972563722679139, 0.025087276462393022, 0.003009186706654324], [0.8683088079018209, 0.052826689306650916, 0.047469974636482316, 0.0073534719591455645, 0.021038237686005507, 0.003002818509894776], [0.8458704542811495, 0.0652937370933084, 0.05337646376189049, 0.00931950570205196, 0.02312627346992861, 0.003013565691671093], [0.057837908946972834, 0.07644174532325018, 0.07748875323996338, 0.010574978029635236, 0.7746031979951084, 0.0030534164650700443], [0.08934246580176236, 0.10374333958544574, 0.11604584740449736, 0.015782798263396302, 0.6720740810021019, 0.003011467942796473], [0.7171978320063221, 0.08985568588216182, 0.12651213400755776, 0.01709719137964297, 0.04631656367285083, 0.00302059305146448], [0.7303191510311936, 0.0997415951020136, 0.11306195849910244, 0.015616581826768621, 0.038248341326295475, 0.0030123722146261633], [0.8203067462682369, 0.06977677103540664, 0.06868796071977357, 0.01014978491360329, 0.02804516069028061, 0.0030335763726988593], [0.8132782460951655, 0.08204447247447265, 0.026271598765158194, 0.006179408913842228, 0.06798410809393947, 0.004242165657421922]], [[0.8742837549340545, 0.07379070320307159, 0.006125849359730975, 0.0037570681599512347, 0.03828555618324043, 0.0037570681599512347], [0.701240473714212, 0.050998963766972154, 0.03205628494687809, 0.007649475319144134, 0.2019799795852649, 0.006074822667528729], [0.01144123781204668, 0.018821287678777845, 0.011079612298549792, 0.0030006824079051053, 0.9526564973948155, 0.0030006824079051053], [0.9256086548634369, 0.057568902952227566, 0.0030289093188114367, 0.004548950638774839, 0.006215672907937884, 0.0030289093188114367], [0.9049173228039644, 0.07177632492007768, 0.003011898729285292, 0.0045279113741838435, 0.012754643443203392, 0.003011898729285292], [0.850602629584082, 0.11024934202961084, 0.00300332141420916, 0.007635791716405676, 0.025505593841483272, 0.00300332141420916], [0.7815586760023172, 0.07857596385420235, 0.0830190740299066, 0.01225221987656731, 0.04159241926405602, 0.0030016469729505827], [0.728890470418452, 0.09659365240128663, 0.013099983449903718, 0.03989299337449879, 0.11234281330292464, 0.009180087052934204], [0.7500556376907074, 0.08596279513505814, 0.09398826868443708, 0.014507184576330436, 0.05247981209341273, 0.0030063018200544456], [0.4560287093013287, 0.30310730667261027, 0.0030033785067757014, 0.024509825886751737, 0.21034740112575787, 0.0030033785067757014], [0.11487774559964284, 0.2353476701063229, 0.003022148202824929, 0.01827172224431994, 0.6254585656440644, 0.003022148202824929], [0.6981489410407308, 0.22079022369696735, 0.003016788798445877, 0.017849736150945136, 0.05717752151446495, 0.003016788798445877], [0.7270962915446796, 0.20241880740994742, 0.0030054212625345166, 0.016429979005597412, 0.04804407951470663, 0.0030054212625345166], [0.08502342901540598, 0.17657268857533034, 0.00301589731823598, 0.020579171069483437, 0.7117929167033084, 0.00301589731823598], [0.8047654492902905, 0.13797997779007534, 0.003006716792918655, 0.011491171935624992, 0.03974996739817192, 0.003006716792918655], [0.7855322865369252, 0.15099023523131652, 0.0030030668435816078, 0.013536739159820108, 0.04393460538477473, 0.0030030668435816078], [0.7818159582070296, 0.15153285824598192, 0.003002533340390621, 0.01446639598071891, 0.04617972088548842, 0.003002533340390621], [0.09461985037935583, 0.08618332722534883, 0.07479835342842572, 0.014810492828433258, 0.7265803415278496, 0.0030076346105868857], [0.7123912937434287, 0.07423189099027717, 0.048931793708462734, 0.03211666122080454, 0.12051707680875012, 0.01181128352827678], [0.053636464342652804, 0.04728359654013237, 0.0442734730635403, 0.006202781270694437, 0.8455987464572566, 0.003004938325723428], [0.8510223512003176, 0.11403437851784347, 0.0030413422619568233, 0.005980505025367452, 0.022880080732557824, 0.0030413422619568233], [0.8743227409499125, 0.09602557201476543, 0.0030026920865602945, 0.0052710432844051995, 0.018375259577796246, 0.0030026920865602945], [0.9173063561355742, 0.06185743987247821, 0.003020124388797508, 0.004537452341255134, 0.0102585028730975, 0.003020124388797508], [0.021441088134242246, 0.07051314369871231, 0.0030275510118564037, 0.004561563174452194, 0.8974291029688805, 0.0030275510118564037], [0.9135363626509377, 0.06291939207561831, 0.0030166192811656584, 0.004536428004063745, 0.012974578707048745, 0.0030166192811656584], [0.8977399233059885, 0.0745901459779823, 0.0030044051461537184, 0.005447295761642363, 0.01621382466207933, 0.0030044051461537184], [0.8888549813077163, 0.07991813481116136, 0.003001724868046647, 0.006031275139714288, 0.019192159005314752, 0.003001724868046647], [0.8782885311497237, 0.08996673146910865, 0.00300085573762423, 0.006597918674408346, 0.019145107231510857, 0.00300085573762423], [0.8458293676804628, 0.11258415998812996, 0.003005775948927132, 0.008615861700082382, 0.026959058733470615, 0.003005775948927132], [0.07057385233338238, 0.1683708205955484, 0.0030081490305607925, 0.012224886450434104, 0.7428141425595135, 0.0030081490305607925], [0.7567842575804702, 0.17858674563607096, 0.0030020011473486197, 0.013933083215270661, 0.044691911273490884, 0.0030020011473486197], [0.08096983947605825, 0.17438401941465428, 0.003008700653981582, 0.01389773120547073, 0.7247310085958536, 0.003008700653981582], [0.8003732498540137, 0.1253547339485788, 0.0030135803945757276, 0.013164891017130677, 0.055079964391125294, 0.0030135803945757276], [0.7943945255288004, 0.1450832104914648, 0.003043232750429213, 0.013853441738977883, 0.04058235673989859, 0.003043232750429213], [0.08241028467261292, 0.22160207525996192, 0.003013621742805512, 0.016040412174983816, 0.6739199844068303, 0.003013621742805512], [0.09750106333537156, 0.2707771414302078, 0.003024345022169206, 0.020781950405968377, 0.6048911547841139, 0.003024345022169206], [0.10230817544675753, 0.2715907934576128, 0.003025618566196956, 0.020164607296573253, 0.5998851866666626, 0.003025618566196956], [0.668059849532407, 0.2536334975449042, 0.0030197585302623267, 0.020048597073407184, 0.052218538788756895, 0.0030197585302623267], [0.7336204401221506, 0.09984239183352775, 0.10823505777137415, 0.015494248533400803, 0.039797261017184345, 0.0030106007223624203], [0.8390600726367767, 0.0799718228411637, 0.010010517400014107, 0.005119007776287927, 0.06176573767424491, 0.004072841671512475]], [[0.8769849413437812, 0.06990397838360934, 0.009008959864311945, 0.003700677860100807, 0.03670076468809606, 0.003700677860100807], [0.964286938389409, 0.01745526765071557, 0.008799111142290861, 0.0030019220532584716, 0.0034548387110676527, 0.0030019220532584716], [0.006828288420307167, 0.03003370518054014, 0.003002621483248374, 0.0030993950778671164, 0.9540333683547888, 0.003002621483248374], [0.9421048828606232, 0.04212328230426434, 0.003001715681422206, 0.003001715681422206, 0.006766687790846011, 0.003001715681422206], [0.8972466462523102, 0.07742525682215715, 0.0030078567365782126, 0.005169245717424145, 0.014143137734952146, 0.0030078567365782126], [0.0512693466862285, 0.11193247148651779, 0.003002177026016437, 0.007953593729285549, 0.8228402340459353, 0.003002177026016437], [0.7833316070567454, 0.16171130425132113, 0.0030512311201225193, 0.011487605669426047, 0.03736702078226238, 0.0030512311201225193], [0.7482868664666155, 0.09330900804750675, 0.08329081997702063, 0.016655353526876585, 0.05544660236484849, 0.0030113496171322294], [0.7527647526907755, 0.1014429975970403, 0.0075530632565161335, 0.03974685004244366, 0.09128859064776872, 0.0072037457654557414], [0.7209629606090059, 0.09356234204745385, 0.10784524824250052, 0.016848177701988893, 0.05776476940121528, 0.0030165019978356258], [0.09938955865177737, 0.09702954905958935, 0.11806200057712554, 0.01799309152271572, 0.6645147114802605, 0.0030110887085315497], [0.7271783732218758, 0.20254223269165358, 0.0030054345275021687, 0.01633142383684547, 0.047937101194620746, 0.0030054345275021687], [0.47950041779109315, 0.26521483933241685, 0.0030175869891971075, 0.024828743468379013, 0.22442082542971672, 0.0030175869891971075], [0.7863663909435094, 0.14563065927635988, 0.0030029313206623854, 0.01345525311294017, 0.048541834025865746, 0.0030029313206623854], [0.1002710109170144, 0.1442183220727654, 0.0030049513398198112, 0.01497035955327104, 0.7345304047773096, 0.0030049513398198112], [0.7713376928635407, 0.13924281943556102, 0.0030128640920352983, 0.01603166046541522, 0.06736209905141259, 0.0030128640920352983], [0.4822332023917526, 0.26149519616894334, 0.0030067112104830325, 0.024830401257708284, 0.22542777776062975, 0.0030067112104830325], [0.7647796067636888, 0.16440846917383667, 0.0030003644970186777, 0.01592861562891082, 0.04888257943952644, 0.0030003644970186777], [0.10952337350580854, 0.08059363779072848, 0.10054583185792777, 0.015098657642183986, 0.6912290110553662, 0.003009488147985079], [0.7817775556134621, 0.087102138118725, 0.013772218070893124, 0.034461177878105924, 0.07477561196080021, 0.008111298358013776], [0.0974127141479756, 0.0677840493711648, 0.08806358821403078, 0.011360827716894136, 0.7323704099216736, 0.003008410628261164], [0.8421934229678357, 0.12210007425435122, 0.003034432000595476, 0.006531685495516764, 0.02310595328110536, 0.003034432000595476], [0.8785489554346596, 0.090933332379056, 0.0030023606946632153, 0.005357509011632702, 0.019155481785325307, 0.0030023606946632153], [0.9133058254365152, 0.06328562738002474, 0.00301649609876056, 0.004534047823405375, 0.012841507162533612, 0.00301649609876056], [0.8952906651244991, 0.07886666846269921, 0.003007154894478031, 0.004639470299020961, 0.015188886324824756, 0.003007154894478031], [0.0452138692034632, 0.08611345820793166, 0.0030009799672137223, 0.006543057890628967, 0.8561276547635486, 0.0030009799672137223], [0.06775772103209922, 0.1272178320558891, 0.0030219081766472834, 0.010069070238547851, 0.7889115603201693, 0.0030219081766472834], [0.8453060373248467, 0.1114765972572285, 0.003007541981663808, 0.008917029297423903, 0.028285252157173514, 0.003007541981663808], [0.7710278837012845, 0.16447986263788658, 0.0030061042902383445, 0.013496040921934689, 0.0449840041584175, 0.0030061042902383445], [0.7233720840461232, 0.195964471210834, 0.0030095208876281523, 0.024816607155080606, 0.049827795812705904, 0.0030095208876281523], [0.7227838215368279, 0.20664305646286876, 0.0030008439959288567, 0.01745536467574871, 0.047116069332697096, 0.0030008439959288567], [0.7296515162676538, 0.18798891530082404, 0.0030041330755169043, 0.017843653954078383, 0.058507648326410006, 0.0030041330755169043], [0.7581908485121122, 0.16137504225475216, 0.003003398923442696, 0.01630310013985344, 0.058124211246396856, 0.003003398923442696], [0.7503094270027232, 0.17536497146734112, 0.0030016057831438224, 0.016488251971882875, 0.05183413799176534, 0.0030016057831438224], [0.1308406448221008, 0.21742583885256248, 0.0030273341199595154, 0.02070947554002075, 0.6249693725453971, 0.0030273341199595154], [0.6766060533722162, 0.2472759366930221, 0.0030406182573931434, 0.020983133036948917, 0.04905364038302649, 0.0030406182573931434], [0.3988706665171139, 0.38261831446958217, 0.0030068688798964567, 0.03300845986719998, 0.17948882138631106, 0.0030068688798964567], [0.6585408740534735, 0.26931663758159735, 0.0030087640783396214, 0.017953943985960497, 0.0481710162222895, 0.0030087640783396214], [0.7149977038007118, 0.09054546462513698, 0.129343157648271, 0.016951889943698135, 0.04515526882055991, 0.0030065151616222364], [0.8257880851927046, 0.0862045134176252, 0.011152763679636604, 0.004943504558926226, 0.06768708969304088, 0.004224043458066271]], [[0.8728092430371048, 0.08111306643317036, 0.004721678214373936, 0.0038160433476259123, 0.03372392562009892, 0.0038160433476259123], [0.9650951625445232, 0.01698698368614976, 0.008458477416686773, 0.0030022750269994695, 0.0034548262986411047, 0.0030022750269994695], [0.9545989306510316, 0.03286084069510869, 0.003000212554141623, 0.003000212554141623, 0.0035395909914345837, 0.003000212554141623], [0.913585904512179, 0.06355534203351089, 0.003016844209592889, 0.004535449820860652, 0.012289615214263604, 0.003016844209592889], [0.8876434627572567, 0.08337271975904603, 0.003003738561576633, 0.006061801690958117, 0.01691453866958593, 0.003003738561576633], [0.8458984389161356, 0.1131198112582718, 0.0030040945264707746, 0.00930850429593115, 0.025665056476719985, 0.0030040945264707746], [0.7548267284759593, 0.18336402303916768, 0.0030029524944254955, 0.014098103134059875, 0.04170524036196221, 0.0030029524944254955], [0.6859456366576989, 0.23941552483359213, 0.003007363128331376, 0.01678349352497433, 0.051840618727071915, 0.003007363128331376], [0.6888240439741242, 0.09279200338839291, 0.11084622917931675, 0.017558845606342133, 0.08696674591931179, 0.003012131932512272], [0.7375215892432792, 0.07265331285806549, 0.04932354694973791, 0.04325260111653533, 0.07866579322736804, 0.018583156605014074], [0.7476604951665015, 0.07696880161958548, 0.03523675581546731, 0.0371794977719096, 0.09012571430864622, 0.012828735317889892], [0.7420133091535832, 0.08662160208715342, 0.0957112943073978, 0.02432763834598751, 0.04831450225188879, 0.003011653853989217], [0.7905293281167378, 0.13725978924880247, 0.003008059258517797, 0.013040290809906282, 0.05315447330751786, 0.003008059258517797], [0.10307064087464794, 0.13215893815339053, 0.0030104209576544004, 0.01334480522928136, 0.7454047738273712, 0.0030104209576544004], [0.08368195985344312, 0.12075987423734903, 0.0030212177223299555, 0.012171959175446946, 0.7773437712891009, 0.0030212177223299555], [0.11541012022936921, 0.1469241671970693, 0.0030069454239615052, 0.016645152528602138, 0.7150066691970364, 0.0030069454239615052], [0.7638487072254521, 0.14819884897537258, 0.0030091312753686016, 0.01625538868414393, 0.06567879256429425, 0.0030091312753686016], [0.7466893440747189, 0.17665140031162332, 0.0030017553314333344, 0.01504421013547485, 0.055611534815316346, 0.0030017553314333344], [0.08031991671898984, 0.18168094563969947, 0.003003842334740454, 0.014179943420001156, 0.7178115095518286, 0.003003842334740454], [0.7459194556677556, 0.07998135526801745, 0.09731137698748388, 0.01645544920090592, 0.05732167890136746, 0.0030106839744698083], [0.759055774400354, 0.09345288019576996, 0.014193197985179373, 0.04049666732461161, 0.08214757738238715, 0.010653902711697682], [0.7902899818351704, 0.0713730910788577, 0.07682090973551392, 0.012867741516165002, 0.04564275968345706, 0.003005516150835888], [0.8495173369179797, 0.05689037097461751, 0.05922637818669275, 0.007221418038079917, 0.024115624885985888, 0.003028870996644262], [0.8872900771056884, 0.04216923888239106, 0.03968121414563065, 0.00587564516127863, 0.021982077033220884, 0.003001747671790391], [0.8611588131512616, 0.09668463952801379, 0.003000959092839239, 0.008239101875293994, 0.02791552725975214, 0.003000959092839239], [0.8277279346378584, 0.12572272066175788, 0.003014183218527297, 0.009513273672734206, 0.031007704590594706, 0.003014183218527297], [0.7897404170433645, 0.14860383775278055, 0.0030012159521950747, 0.012831933839253452, 0.04282137946021152, 0.0030012159521950747], [0.7690171628070794, 0.16490369640621938, 0.0030000542099233754, 0.01517510480614231, 0.04490392756071226, 0.0030000542099233754], [0.7339983968778776, 0.19341892535782715, 0.0030062601374261175, 0.015390652815741342, 0.05117950467370173, 0.0030062601374261175], [0.7537320708926145, 0.17399478220133963, 0.0030010762879313984, 0.015281372741909459, 0.05098962158827359, 0.0030010762879313984], [0.45427914118313956, 0.3039317243851997, 0.003001899133318226, 0.027511831267697698, 0.20827350489732652, 0.003001899133318226], [0.7421425618398924, 0.18450536312583993, 0.0030014896427597976, 0.016549011279427168, 0.05080008446932089, 0.0030014896427597976], [0.7569022550126289, 0.1662213310628718, 0.0030064687569455965, 0.016183659460758084, 0.05467981694985013, 0.0030064687569455965], [0.7412302216783775, 0.16195149207681614, 0.0030012474045761992, 0.019379135047799284, 0.07143665638785465, 0.0030012474045761992], [0.7390875896985303, 0.18099374623881928, 0.0030045310454299835, 0.019957776927983045, 0.05395182504380742, 0.0030045310454299835], [0.669681315531365, 0.2362310806151195, 0.0030213321828601175, 0.024249893849363713, 0.0637950456384316, 0.0030213321828601175], [0.6832585478982416, 0.22018161110721657, 0.0030231687186651895, 0.03228651690441177, 0.05822698665279982, 0.0030231687186651895], [0.10734941614505651, 0.24826901668159865, 0.0030132698513621707, 0.019786424681141675, 0.6185686027894789, 0.0030132698513621707], [0.08634063584339527, 0.10739713756390526, 0.10828117009776038, 0.014479609807035798, 0.6804989172665837, 0.003002529421319575], [0.8307743099745999, 0.07537794064095715, 0.01902805834033599, 0.004101121822323697, 0.06661744739945967, 0.004101121822323697]], [[0.8561646047937588, 0.08311021015096166, 0.007556201881903865, 0.003942477785661521, 0.04528402760205278, 0.003942477785661521], [0.9579555925493295, 0.02082891982054351, 0.011760352870280941, 0.0030003135949613203, 0.0034545075699234313, 0.0030003135949613203], [0.9272692959730768, 0.05519901650714537, 0.003029719755391864, 0.004551222634756292, 0.006921025374237727, 0.003029719755391864], [0.9090909934804616, 0.06806739942234313, 0.003014194479511747, 0.004532428141239499, 0.012280789996932235, 0.003014194479511747], [0.8595367967560787, 0.10188984612394592, 0.0030007852324005096, 0.00868380751723244, 0.023887979137941884, 0.0030007852324005096], [0.7942355815060931, 0.14895310769526612, 0.003005379740315292, 0.012371973163385022, 0.03842857815462524, 0.003005379740315292], [0.7183713202838793, 0.19349532588628218, 0.003004017691310026, 0.016838423130230148, 0.06528689531698852, 0.003004017691310026], [0.11876199194074656, 0.19368053321933712, 0.0030126342542625708, 0.026373008790463937, 0.6551591975409271, 0.0030126342542625708], [0.439522041803401, 0.3310776941019731, 0.0030076550553413406, 0.02555380164130046, 0.19783115234264284, 0.0030076550553413406], [0.7200371897590406, 0.09776415869909644, 0.10355781267896418, 0.01782617179587451, 0.05779722220213287, 0.0030174448648914868], [0.7219931322498665, 0.06863054598291525, 0.05842810451450982, 0.038136758260292426, 0.09682873238911623, 0.015982726603299857], [0.07646059003304627, 0.07982814416472482, 0.06036235477898817, 0.011987884752829641, 0.7683433565581553, 0.003017669712255767], [0.09452491001169075, 0.0690397947041824, 0.07332074648092883, 0.01139241758292425, 0.7486885314410499, 0.003033599779223907], [0.07698383182459816, 0.10775398180107883, 0.0030364414873501463, 0.009585039481190095, 0.7996042639184326, 0.0030364414873501463], [0.8034476159619978, 0.13009942080014164, 0.003008211744179511, 0.014076468635324253, 0.046360071114177254, 0.003008211744179511], [0.768331336792142, 0.14721311319530853, 0.003007057884117964, 0.01708867838566714, 0.061352755858646454, 0.003007057884117964], [0.7585126693332355, 0.15838430032545306, 0.0030041106521765124, 0.01751703929725116, 0.05957776973970742, 0.0030041106521765124], [0.1128289260066796, 0.16514598142023232, 0.003002135345086288, 0.01542863459660001, 0.7005921872863156, 0.003002135345086288], [0.1333737415423484, 0.19058163001758527, 0.003011516788662115, 0.015293322169399111, 0.6547282726933431, 0.003011516788662115], [0.7146450953920415, 0.21087986760516472, 0.003009652305429184, 0.017803907424893267, 0.05065182496704233, 0.003009652305429184], [0.4685910909225558, 0.0947627375785004, 0.19687300651831888, 0.025445833602751943, 0.21105151996867427, 0.003275811409198604], [0.7016525748115621, 0.07829283683300158, 0.07152586210807597, 0.040661357351685974, 0.08963906554333247, 0.018228303352341994], [0.7303760982595239, 0.06723888413278661, 0.04600471116280981, 0.02953100661887066, 0.1187655867088017, 0.008083713117207259], [0.7200184929638116, 0.06731959256363047, 0.04874628197550114, 0.028356094038217292, 0.12799027767226548, 0.007569260786574088], [0.8184183550508709, 0.06813073020850913, 0.06057897247290079, 0.011179547213116646, 0.038678278257873004, 0.0030141167967293768], [0.775051807838394, 0.1596764903400238, 0.002999999884471257, 0.014336409557715923, 0.04493529249492398, 0.002999999884471257], [0.7521495088677453, 0.1773209530325112, 0.003002604750674621, 0.014014565759138222, 0.0505097628392561, 0.003002604750674621], [0.1104171515875312, 0.19756744270323384, 0.0030091170358866907, 0.016977403768787966, 0.6690197678686737, 0.0030091170358866907], [0.12243645401331363, 0.20135330212961794, 0.00301392572405245, 0.020420206351357603, 0.6497621860576058, 0.00301392572405245], [0.11114760281073285, 0.20183655478717138, 0.003006104256832549, 0.01642196949016923, 0.6645816643982615, 0.003006104256832549], [0.7428004621596384, 0.1822580363149893, 0.0030021458457095205, 0.01671280500613748, 0.052224404827815825, 0.0030021458457095205], [0.7671433878066837, 0.15976908993617236, 0.0030008875000851606, 0.017138016386401358, 0.04994773087057223, 0.0030008875000851606], [0.7959022395783705, 0.13945006090941814, 0.003004574990106094, 0.015440941235736833, 0.043197608296262305, 0.003004574990106094], [0.8327211493276166, 0.10735586151395389, 0.003015597757363211, 0.013957161026796555, 0.039934632616906426, 0.003015597757363211], [0.8012703204672763, 0.1308532338661149, 0.003039233306539876, 0.017100897759513716, 0.04469708129401535, 0.003039233306539876], [0.12473887012362161, 0.18543817076450717, 0.0030097714071956223, 0.019334368822561763, 0.6644690474749182, 0.0030097714071956223], [0.6884433070983487, 0.204079614755652, 0.003023907119846458, 0.031461882932649246, 0.06996738097365711, 0.003023907119846458], [0.1119219994743473, 0.20299842764845233, 0.0030086831808325263, 0.01804044757374039, 0.6610217589417949, 0.0030086831808325263], [0.8172692879976952, 0.06410958675895995, 0.07378028906259097, 0.010695386379742808, 0.0311071931988066, 0.0030382566022045935], [0.8302131863850912, 0.07942610199959571, 0.01607145747629638, 0.0046535551934142215, 0.06550841767030702, 0.004127281275295463]], [[0.8434845961112948, 0.0867801699174536, 0.01851537850048332, 0.0040107526916373665, 0.04319835008749344, 0.0040107526916373665], [0.007982110531497043, 0.02109126604205149, 0.0118075736364087, 0.0030006270407110652, 0.9531177957086207, 0.0030006270407110652], [0.012388826815678471, 0.04511917227144381, 0.0030013259495868146, 0.003100236888067786, 0.9333891121256364, 0.0030013259495868146], [0.9067692611863121, 0.07005672211714829, 0.003012840447146458, 0.004590914304842145, 0.012557421497404459, 0.003012840447146458], [0.04087292665262074, 0.09106835181543817, 0.0030034162307719225, 0.006071095801482958, 0.8559807932689143, 0.0030034162307719225], [0.8216515947774035, 0.12435628657327819, 0.003016331910142362, 0.011184050000985726, 0.03677540482804781, 0.003016331910142362], [0.1025691807066555, 0.17721510161389037, 0.003000018395962569, 0.01696367511717453, 0.6972520057703545, 0.003000018395962569], [0.13182958287482327, 0.18961391089303828, 0.003000552708625204, 0.01609119858478518, 0.6564642022301029, 0.003000552708625204], [0.11564169481827466, 0.2010706713431018, 0.003005717587690946, 0.016087761115138186, 0.6611884375481034, 0.003005717587690946], [0.7270671935724913, 0.19717394597873492, 0.0030048473937322683, 0.017420949942130653, 0.05232821571917856, 0.0030048473937322683], [0.08761215326721937, 0.08154217666547786, 0.06252203211246514, 0.012824092979304563, 0.7524849043459315, 0.003014640629601497], [0.7673510700347428, 0.056190280661280165, 0.03117635269383324, 0.027235939783704376, 0.10970688266276099, 0.008339474163678447], [0.7927954593230864, 0.051518161763523466, 0.02792226635203742, 0.026932010360858984, 0.09246528099390962, 0.008366821206584215], [0.07788723904106312, 0.07080857121423234, 0.05845153620677416, 0.0106091312717821, 0.7792245885415089, 0.0030189337246394133], [0.7314498122380207, 0.17043417035969136, 0.0030155253915646646, 0.01947816703005068, 0.07260679958910786, 0.0030155253915646646], [0.1703656271783103, 0.19001538471635243, 0.0030469700790944063, 0.020609326094744928, 0.6129157218524036, 0.0030469700790944063], [0.13431656982500895, 0.17192906708393577, 0.0030105227598595788, 0.018252386806734553, 0.6694809307646017, 0.0030105227598595788], [0.7509950770496028, 0.17352000062473252, 0.0030009512157948177, 0.016019255576561163, 0.053463764317513936, 0.0030009512157948177], [0.7515484000180194, 0.1741245219338546, 0.003000749043951787, 0.015655730116197825, 0.052669849844024716, 0.003000749043951787], [0.7263409003286034, 0.20250406144276878, 0.0030000936613110334, 0.01671761784959819, 0.04843723305640757, 0.0030000936613110334], [0.10622605695051493, 0.21969864163555902, 0.0030007963813436437, 0.01649899975782511, 0.6515747088934136, 0.0030007963813436437], [0.08819817215848554, 0.0806798779198647, 0.10400348489329433, 0.013435750716322652, 0.7106757541693651, 0.0030069601426676866], [0.8124285363189248, 0.06726478317321902, 0.07237803255359564, 0.010459239555873969, 0.03446136553213277, 0.0030080428662538137], [0.8305059799984083, 0.06920256489540823, 0.05425575223234636, 0.009108001090171746, 0.033888669433936335, 0.0030390323497290856], [0.7622418134816951, 0.0795106800454954, 0.01856172921522011, 0.0339964324160578, 0.09704827414477624, 0.00864107069675536], [0.7882800735555434, 0.07276843315996513, 0.07247206259675475, 0.013263901586007326, 0.05020746736132388, 0.00300806174040554], [0.4654611820274686, 0.27660793957309066, 0.0030035842995420124, 0.023756686260506497, 0.22816702353985022, 0.0030035842995420124], [0.6986500436718035, 0.21478334404799235, 0.003026407830655806, 0.020203998207597267, 0.060309798411295315, 0.003026407830655806], [0.703873399652562, 0.21021924946376017, 0.003018486002067524, 0.019307177053928017, 0.06056320182561469, 0.003018486002067524], [0.11855187926974439, 0.1995220850116093, 0.0030135321206753696, 0.02957589208729318, 0.6463230793900024, 0.0030135321206753696], [0.7550133516361738, 0.16699541992226277, 0.0030021634324143226, 0.01697705283739095, 0.05500984873934395, 0.0030021634324143226], [0.0982637543439626, 0.1443217004590083, 0.00300492249206434, 0.015265909012626002, 0.7361387912002745, 0.00300492249206434], [0.07393594292648284, 0.11357907067464472, 0.0030107195545709653, 0.01096411308865584, 0.7954994342010746, 0.0030107195545709653], [0.8586492617619546, 0.09481335982399713, 0.003002216756256909, 0.01080989397934196, 0.02972305092219266, 0.003002216756256909], [0.8263134067801136, 0.11249486338572719, 0.003019136734206998, 0.014399758429110626, 0.04075369793663478, 0.003019136734206998], [0.7359323737758142, 0.17520498990981556, 0.0030082923899278535, 0.020097476628012142, 0.0627485749065024, 0.0030082923899278535], [0.7364856788827582, 0.1731091014943182, 0.0030091515907861815, 0.019682614383559352, 0.06470430205779185, 0.0030091515907861815], [0.7285126713172542, 0.1831034018090787, 0.0030099060340675393, 0.01813031258219599, 0.06423380222333608, 0.0030099060340675393], [0.7937340178567163, 0.0787797538683327, 0.07654432735827404, 0.012573932997293705, 0.03536600155868968, 0.00300196636069375], [0.8341422916421924, 0.07708283242272218, 0.01761187390694691, 0.004695054678920624, 0.06239876795464124, 0.004069179394576643]], [[0.8696641901656177, 0.08126565161623871, 0.009269793236197027, 0.0038145747088010554, 0.03217121556434456, 0.0038145747088010554], [0.949679468592563, 0.022110964490554844, 0.017631631713265584, 0.0030011171715999875, 0.0045757008604166306, 0.0030011171715999875], [0.9089487886824212, 0.07081288777000053, 0.003015613387684373, 0.004533334822400456, 0.009673761949809049, 0.003015613387684373], [0.03564178909165871, 0.0796713685872383, 0.0030097236056852764, 0.005079576348842154, 0.8735878187608903, 0.0030097236056852764], [0.84945749266486, 0.11041042650863521, 0.003003159450918616, 0.00857702959136546, 0.02554873233330213, 0.003003159450918616], [0.803810539916759, 0.14336756493392805, 0.003009023892508679, 0.011486940515928554, 0.03531690684836683, 0.003009023892508679], [0.7452469917027003, 0.17035521079500865, 0.0030039019380040588, 0.01814604688788092, 0.06024394673840214, 0.0030039019380040588], [0.7484282381522321, 0.17343245261024792, 0.003001625291618654, 0.016713957711827498, 0.055422100942455255, 0.003001625291618654], [0.7433817847605132, 0.1804077629707623, 0.0030017658573145817, 0.015612302626022657, 0.054594617928072735, 0.0030017658573145817], [0.791097149483666, 0.152803624222633, 0.003004657939493674, 0.011530649560553321, 0.03855926085416037, 0.003004657939493674], [0.855194117221206, 0.05407297918100935, 0.047638166197842106, 0.009338170416644833, 0.03074643089070167, 0.0030101360925959796], [0.7571746598786209, 0.05227085799478467, 0.0278611794821923, 0.021377707208256474, 0.13632002672045798, 0.004995568715687715], [0.694750614707544, 0.0701307201337817, 0.03635923808658929, 0.02754989249079719, 0.16538139733396148, 0.005828137247326423], [0.7654260089918682, 0.07814336760220768, 0.09009422660943046, 0.01564520616097848, 0.04768698352678981, 0.003004207108725473], [0.12992767259375662, 0.21161057852810905, 0.0030232769238604713, 0.020449017861920802, 0.6319661771684926, 0.0030232769238604713], [0.4152371143831823, 0.32940533274384715, 0.0030030016585380673, 0.024799061305498016, 0.22455248825039645, 0.0030030016585380673], [0.7126765863740383, 0.1918409921439943, 0.003014795865087345, 0.018425787314087574, 0.07102704243770502, 0.003014795865087345], [0.12288701661948834, 0.15723944059276404, 0.003006244217285668, 0.015844010029247273, 0.698017044323929, 0.003006244217285668], [0.10560805037561481, 0.17235023982327366, 0.0030076034584308547, 0.015201419558744487, 0.7008250833255054, 0.0030076034584308547], [0.7575640957900176, 0.17523106135591365, 0.0030043611295985017, 0.014915315309873502, 0.04628080528499832, 0.0030043611295985017], [0.0871088291729412, 0.17525512396674175, 0.0030022417617202963, 0.013270471136227525, 0.718361092200649, 0.0030022417617202963], [0.8071680047055084, 0.14911916552184146, 0.0030129754519597216, 0.009088865663844314, 0.02859801320488656, 0.0030129754519597216], [0.8580737679496461, 0.099204851382559, 0.003001556218477968, 0.00801290551770028, 0.028705362713138748, 0.003001556218477968], [0.8755145328422167, 0.08664451379974446, 0.003001127860100607, 0.0067698964532568, 0.025068801184580818, 0.003001127860100607], [0.054242383996007185, 0.05915471561321767, 0.046082905769308735, 0.006347464550883018, 0.8311131846460889, 0.003059345424494566], [0.7196888350374794, 0.08875884584105778, 0.02173386672338562, 0.03450734925151732, 0.12815556310509296, 0.007155540041466973], [0.7507389016032557, 0.0832358540842222, 0.0849973690334015, 0.01656496532897572, 0.06144385061329542, 0.0030190593368495714],