{"prediction": [[[0.8593972641939759, 0.05926316361048329, 0.013363299165483542, 0.010679418917052711, 0.053554523667004486, 0.003742330446000023], [0.8165944174576277, 0.0872023450610257, 0.025134583799033133, 0.013390794511662543, 0.05353248601594388, 0.004145373154706896], [0.84015419106363, 0.09104502841523156, 0.010657593773183942, 0.011190893741460286, 0.04292066892734517, 0.004031624079149004], [0.8455690572162026, 0.09409057573641215, 0.008987883225213798, 0.009340035749955159, 0.037987315404301635, 0.004025132667914693], [0.8954637121048932, 0.06692876225368243, 0.003769909398032265, 0.004755837490788641, 0.025516314864364655, 0.003565463888238876], [0.8699097173760596, 0.07696824638551311, 0.00509489867833828, 0.006255759468898826, 0.037989808646039125, 0.0037815694451511736], [0.89851013399522, 0.06525383312491964, 0.003541832479305771, 0.004119237616788393, 0.025033130304460652, 0.003541832479305771], [0.8830894356402099, 0.07260272491215514, 0.004196408028623523, 0.0051296104971157615, 0.03130796120709833, 0.003673859714797188], [0.9090407207471223, 0.05936130272090039, 0.0034514755386083245, 0.0034514755386083245, 0.0212435499161522, 0.0034514755386083245], [0.8883279121885201, 0.07044846392398753, 0.0036385222449865848, 0.0036515814692178778, 0.030294997928301256, 0.0036385222449865848], [0.908572633479943, 0.05801013712667812, 0.003446491458949075, 0.003446491458949075, 0.023077755016531712, 0.003446491458949075], [0.9010030831800386, 0.06250451129779273, 0.003514691109386976, 0.0035422168909876608, 0.025920806412406974, 0.003514691109386976], [0.9062990001140451, 0.05916604541447538, 0.0034656182008099773, 0.0034656182008099773, 0.02413809986904978, 0.0034656182008099773], [0.9086729318759251, 0.057017310716494136, 0.0034408703636311226, 0.0034408703636311226, 0.02398714631668715, 0.0034408703636311226], [0.8871508644625712, 0.06660847848607578, 0.0036284276745638276, 0.003723762838893126, 0.03526003886333226, 0.0036284276745638276], [0.895460068915837, 0.06524175057230837, 0.003564132207629495, 0.003564132207629495, 0.028605783888966185, 0.003564132207629495], [0.8549680526544815, 0.08472767070753619, 0.0039581144114516605, 0.005347913025415306, 0.04704013478966371, 0.0039581144114516605], [0.8613388758441539, 0.08320055442005121, 0.003895051924388086, 0.005536085177939985, 0.04213438070907859, 0.003895051924388086], [0.8561794177954701, 0.08951785530578793, 0.004151004280763874, 0.005448495972640973, 0.04073428364656009, 0.003968942998777101], [0.8679936528752594, 0.08062975484012454, 0.003827991206395361, 0.005638967740003083, 0.0380816421318223, 0.003827991206395361], [0.8561915400815632, 0.08666831993932685, 0.003951203738609464, 0.006044005476907346, 0.043193727024983745, 0.003951203738609464], [0.8538556930947291, 0.08782329779406861, 0.003972655823802855, 0.006603528933162052, 0.04377216853043437, 0.003972655823802855], [0.8655512429401635, 0.08150704173229421, 0.003951170961670543, 0.005464774990694777, 0.03967351486286326, 0.0038522545123137347], [0.8398668374640043, 0.09803579952954582, 0.004279912889654466, 0.007166078060552317, 0.04651127796824482, 0.004140094087998308], [0.8662647920553455, 0.08539640317982891, 0.003863792391021571, 0.0062724067564722775, 0.03433881322631045, 0.003863792391021571], [0.854869089972274, 0.09118076290233657, 0.003980566219593021, 0.006899876299460221, 0.03908913838674336, 0.003980566219593021], [0.8561972928155724, 0.07959759675377918, 0.00391950466959462, 0.006390145807046261, 0.04997595528441288, 0.00391950466959462], [0.8608336512104521, 0.08009980780305667, 0.0038798512209152316, 0.006354391952664499, 0.04495244659199618, 0.0038798512209152316], [0.8592181311398779, 0.08107441808484683, 0.0038929426544767718, 0.007025504512020272, 0.04489606095430151, 0.0038929426544767718], [0.8549417339692518, 0.07973174032667546, 0.003922109090964955, 0.007621569857519728, 0.049860737664623254, 0.003922109090964955], [0.8380180085899962, 0.08928121583661038, 0.004116074105876882, 0.007675034186072598, 0.05679359317556707, 0.004116074105876882], [0.833495123195283, 0.08648318420894828, 0.004631825852843739, 0.007793719355883841, 0.06344717785876744, 0.004148969528273787], [0.8460308661604476, 0.08367564512871417, 0.0044855293156321535, 0.007768189805464534, 0.054025406757462736, 0.00401436283227871], [0.8406030731894446, 0.08527909696789518, 0.0059889232855867, 0.008772134256822476, 0.05530480947388907, 0.004051962826362102], [0.8652811883895758, 0.07549578498484578, 0.004729132868863552, 0.0060797518630190325, 0.04459618149778149, 0.003817960395914425], [0.8431605184760605, 0.07968211209871863, 0.007028177110210876, 0.007546276852667363, 0.05857116671671657, 0.004011748745625965], [0.8473033593481992, 0.08614295187654342, 0.013660104880424797, 0.008553704533432488, 0.040393499919593505, 0.0039463794418065235], [0.8376722496113396, 0.09412448218809585, 0.012386901109329107, 0.009833179805264013, 0.041915599634442094, 0.004067587651529383], [0.84000299854239, 0.07783249971028507, 0.023180761626373562, 0.009199498470172979, 0.04585534208577602, 0.003928899565002224], [0.8627982815461319, 0.06084048294957228, 0.012744548174477068, 0.009738617363252712, 0.050156936844225605, 0.0037211331223402293]], [[0.814884943819519, 0.08727614707291564, 0.02075678570467242, 0.012882897782140771, 0.06001262084200287, 0.004186604778749306], [0.8382965529837205, 0.12270776645498219, 0.026304572390708852, 0.0037958718526339185, 0.005830639236773906, 0.00306459708118037], [0.8510902349838534, 0.12941872769048157, 0.008074873568270875, 0.003826587333900721, 0.004496238362989144, 0.0030933380605043066], [0.8539776727048131, 0.1273454160651866, 0.00727114625407311, 0.00382293376980152, 0.004491945426847601, 0.003090885779278046], [0.05553085900013194, 0.2263197978016986, 0.014820229567622054, 0.004591440432712295, 0.695263515846928, 0.0034741573509071096], [0.044620024695913085, 0.22793885500455865, 0.01251906004915318, 0.0045643611608320875, 0.7069031970586579, 0.0034545020308851264], [0.8535494014138836, 0.12778567908883112, 0.007265184841246537, 0.003819799451550437, 0.004488262604339544, 0.003091672600148958], [0.06765657219046127, 0.2529177699156235, 0.015423864771876954, 0.004787441714904764, 0.6555916671723983, 0.003622684234735342], [0.8589133491068727, 0.122489341320207, 0.0072378816440809976, 0.003805444312646551, 0.004471395322708761, 0.003082588293484017], [0.08988194383362318, 0.26728949637993016, 0.014572879522397076, 0.004987757536393963, 0.619494050611264, 0.0037738721163917163], [0.8558569295158903, 0.125501279753519, 0.0072562582166070064, 0.0038151061207340356, 0.004482747942781986, 0.003087678450467741], [0.06329607337454674, 0.24417674852403637, 0.01061355019109585, 0.004722242796434111, 0.6736171154196952, 0.003574269694191821], [0.07422772198173899, 0.24358191543907598, 0.00879892137395346, 0.004771937973664536, 0.6650079311748806, 0.003611572056686452], [0.08450479041054361, 0.25860880052036384, 0.009779047585992868, 0.00486338902320862, 0.6384797256852935, 0.003764246774597551], [0.8422083188044359, 0.13870805724554733, 0.007175329036032962, 0.003772556622132177, 0.00501353519847981, 0.0031222030933720064], [0.8367693451403236, 0.1443127716002502, 0.007203415762386725, 0.0037873237171277938, 0.004792287096154002, 0.0031348566837576457], [0.0717827723011232, 0.3032400471870765, 0.009556584887302207, 0.005079624436542744, 0.6064099598500428, 0.003931011337912558], [0.8162198284441082, 0.16350513665264946, 0.007313038854935476, 0.003844960004140778, 0.005935178235051213, 0.0031818578091149007], [0.8104628170562737, 0.1684634303470522, 0.0073434419344685035, 0.003860944962941908, 0.006674266328443239, 0.00319509937082063], [0.752014652220497, 0.22056102959387913, 0.010887881398034517, 0.005466947393705082, 0.007884395863692, 0.003185093530192001], [0.7464173577346566, 0.22341956383808528, 0.01089148975052697, 0.005468759194599399, 0.010617142869240974, 0.003185686612890767], [0.7267916953984187, 0.23921231399255888, 0.010968105747240765, 0.005507229086788546, 0.01431415092128805, 0.003206504853705138], [0.6519232471771721, 0.3078795860546906, 0.0141103538365932, 0.006667367502957469, 0.016142928332370778, 0.0032765170962158847], [0.23409060706916002, 0.4604000779592928, 0.023936126013942086, 0.009965901056865763, 0.26802264095166195, 0.003584646949077372], [0.6369318167289294, 0.31727525201597007, 0.0141229762269172, 0.006673331783940814, 0.021719390417090267, 0.0032772328271523103], [0.24259999986827166, 0.4438680871804893, 0.023323820296499424, 0.010642993026096562, 0.2759983503181975, 0.00356674931044539], [0.6718625007771617, 0.2901598292573299, 0.01406920476987309, 0.006647923911860894, 0.013992782753604107, 0.0032677585301704045], [0.7410075692838249, 0.22477370927816362, 0.010893332456136245, 0.005469684441142754, 0.014671976027327399, 0.0031837285134050496], [0.7355883852305749, 0.22973618046793767, 0.01114145761712723, 0.005594270990361828, 0.01475616405250219, 0.0031835416414961746], [0.7493920756708417, 0.21814270257614765, 0.011099177551094661, 0.005573041618496428, 0.012622174203054809, 0.003170828380364766], [0.8006754578328498, 0.17542679495709124, 0.007522846387975554, 0.00395526956778113, 0.009222269942853146, 0.0031973613114492467], [0.8165432022659674, 0.16206171315742832, 0.0074436385629811416, 0.00391362465260231, 0.0068747977818757735, 0.003163023579145162], [0.8194789678509311, 0.15826442118894396, 0.00742557034009077, 0.0039041249647904725, 0.007773187393889273, 0.0031537282613544665], [0.06557510456082707, 0.24170530974750923, 0.018077310535091103, 0.005394018331713992, 0.665681837617471, 0.0035664192073877055], [0.824893428042687, 0.14964161711385096, 0.0073819560373561445, 0.0038811939735898565, 0.01106718160660352, 0.003134623225912647], [0.042937823213214, 0.19334559927483216, 0.013637462716804447, 0.004390054062636679, 0.7423679555886391, 0.003321105143873512], [0.8515882656612619, 0.12593013743510267, 0.01109934274515166, 0.00381581050201693, 0.0044835755904664544, 0.0030828680660003977], [0.8551209337481238, 0.1202118469527568, 0.013335786993512384, 0.0037981305671770673, 0.0044628016751351906, 0.003070500063294817], [0.8525915897584655, 0.11670862760741323, 0.019408508537646096, 0.003784829956833593, 0.004447173464079431, 0.003059270675562225], [0.8344221681263074, 0.07891132775329594, 0.02732883386715201, 0.009534141702315094, 0.04583611597514746, 0.003967412575782079]], [[0.8417558320062187, 0.09268356817441546, 0.010221483622429728, 0.010317890378018757, 0.04098647891742361, 0.00403474690149379], [0.8417747417998345, 0.13708821735453378, 0.009673039372751593, 0.0038429662346576173, 0.0045154835638693954, 0.003105551674353148], [0.8112192265314312, 0.17423827666765124, 0.0030790342401953172, 0.003952925955347602, 0.004431502365179381, 0.0030790342401953172], [0.8054150084348441, 0.1799979547396184, 0.0030884951752517017, 0.003965003900796958, 0.004445042574237162, 0.0030884951752517017], [0.048423996029737654, 0.38629532654029886, 0.0036886236462203765, 0.004820073697057834, 0.553083356440465, 0.0036886236462203765], [0.043441256830928296, 0.35477444923891677, 0.003561190932248639, 0.00465366542382036, 0.5900082466418374, 0.003561190932248639], [0.05704748845879842, 0.39088683262676993, 0.003728245039763607, 0.004871640340118892, 0.5397375484947855, 0.003728245039763607], [0.07597976086647212, 0.42514458386771736, 0.003925807959441434, 0.005129837764416506, 0.4858942015825109, 0.003925807959441434], [0.8248571111967081, 0.16069948099751116, 0.0030587709757435677, 0.003925316071413599, 0.0044005497828801, 0.0030587709757435677], [0.8151533749579433, 0.1703338932213669, 0.0030729027048402515, 0.0039446744980321915, 0.004422251912977019, 0.0030729027048402515], [0.8222484957528775, 0.1632876909479494, 0.003062429727738414, 0.003931486540172513, 0.004407467303523866, 0.003062429727738414], [0.07099454596911282, 0.39564257199346003, 0.0037894762778696695, 0.004951449161851716, 0.5208324803198362, 0.0037894762778696695], [0.8214476343550996, 0.1640848109971993, 0.003063573606332852, 0.0039321718509311345, 0.004408235584104382, 0.003063573606332852], [0.8109877713616765, 0.17459432768008915, 0.003092411313920895, 0.003881570427997039, 0.004351507902395463, 0.003092411313920895], [0.8074737300162003, 0.1780805107490695, 0.0030986641429003414, 0.0038888085797204024, 0.004359622369209145, 0.0030986641429003414], [0.7907844393702331, 0.1946194669003986, 0.0031308234691828467, 0.003929361643292986, 0.004405085147709728, 0.0031308234691828467], [0.09850437977923672, 0.5438601517446432, 0.004647337909886516, 0.005936330373877754, 0.3424044622824694, 0.004647337909886516], [0.7604253144554803, 0.22465507839937698, 0.0031991966318415917, 0.00401741493103652, 0.0045037989504232365, 0.0031991966318415917], [0.6716093931765584, 0.3088439935743975, 0.0030743673467579983, 0.005896683644093424, 0.007501194911434664, 0.0030743673467579983], [0.6491121936951258, 0.33120605648944074, 0.003095119503326454, 0.005937893136628074, 0.007553617672152608, 0.003095119503326454], [0.6325325441177386, 0.34766579053113766, 0.003113047237228027, 0.005974889712270713, 0.00760068116439694, 0.003113047237228027], [0.542550222962212, 0.4358042187804526, 0.003076348184705869, 0.006725308282848259, 0.008767553605075359, 0.003076348184705869], [0.5030948705253073, 0.4751113447773271, 0.003098245304720526, 0.0067706413365308344, 0.008826652751393663, 0.003098245304720526], [0.47474788782599486, 0.5032986042330081, 0.003120456113898095, 0.006820692707356093, 0.008891903005844765, 0.003120456113898095], [0.3485560139186437, 0.6144061213459145, 0.0031464567868207133, 0.007847462865769424, 0.022897488296030926, 0.0031464567868207133], [0.4946734506908111, 0.4826716924243991, 0.0031022823540393625, 0.006782998270842681, 0.009667293905868348, 0.0031022823540393625], [0.5387892541874054, 0.4395001339895336, 0.0030778545724839085, 0.006729561595669579, 0.008825341082423452, 0.0030778545724839085], [0.5608258825760514, 0.41715333788432535, 0.003068896124962093, 0.006710005831979083, 0.009172981457719873, 0.003068896124962093], [0.1834475016563291, 0.596197728813594, 0.003688284355412051, 0.007233057436408815, 0.2057451433828441, 0.003688284355412051], [0.6303888401348396, 0.3474046481864265, 0.003093642721771451, 0.006076337872308892, 0.009942888362882079, 0.003093642721771451], [0.13510105301168251, 0.5915656588153432, 0.0035763174997407504, 0.00701485586344674, 0.2591657973100461, 0.0035763174997407504], [0.7596725210760682, 0.22530255325664983, 0.00317936379179999, 0.00408576924145228, 0.004580428842229801, 0.00317936379179999], [0.779725213889952, 0.20537269801905209, 0.003135871110794814, 0.004031943673582999, 0.0045984021958233425, 0.003135871110794814], [0.7987382797537301, 0.18661590252205754, 0.0030999781060946034, 0.003981889272571084, 0.004463972239452049, 0.0030999781060946034], [0.06368352632120863, 0.33712608753461054, 0.003551238853657557, 0.004643155807597698, 0.587444752629268, 0.003551238853657557], [0.8272557457948199, 0.15831128946092307, 0.0030555002248860005, 0.003923476640453727, 0.004398487654031411, 0.0030555002248860005], [0.8354904527545262, 0.15012980959143124, 0.003044952627310765, 0.003908327724256033, 0.004381504675165043, 0.003044952627310765], [0.845379066610936, 0.14029641824987316, 0.0030337208070474143, 0.0038928832121632576, 0.004364190312932786, 0.0030337208070474143], [0.030682096566035672, 0.1972992162483223, 0.03147069469676074, 0.004370110166752541, 0.7328708050200475, 0.0033070773020812553], [0.8537957435151036, 0.08821107841003499, 0.011938946312848213, 0.007713267984665778, 0.03442014150064961, 0.003920822276697829]], [[0.8093970539167845, 0.10551968558886635, 0.013968147329250986, 0.012964027986627685, 0.05380021761642581, 0.0043508675620446205], [0.035897804376420824, 0.2343898476422471, 0.03033731544782334, 0.004980959387803883, 0.6909368886161195, 0.003457184529585268], [0.7892088070077115, 0.1960657628173547, 0.0031174560570909854, 0.004002943067033591, 0.004487574993718261, 0.0031174560570909854], [0.7871973121728686, 0.1980581108282239, 0.003121305160471922, 0.0040083406367186995, 0.004493626041245074, 0.003121305160471922], [0.794088454526975, 0.19122879438993157, 0.0031083487439429983, 0.003991409040247645, 0.004474644554959899, 0.0031083487439429983], [0.06634538551283144, 0.4154454878108154, 0.0038534464346232536, 0.005035423922952802, 0.5054668098841538, 0.0038534464346232536], [0.06905016183122133, 0.42228169553691647, 0.003890209138520756, 0.005083459151261839, 0.4958042652035588, 0.003890209138520756], [0.7906846531651055, 0.19460185006844838, 0.0031146665941603293, 0.003999947180093411, 0.0044842163980321325, 0.0031146665941603293], [0.11561388204102649, 0.4613832663602054, 0.004250046287875911, 0.005552975626652216, 0.4089497833963642, 0.004250046287875911], [0.8027209741565172, 0.18267229324784043, 0.0030930524855590897, 0.003969992493800201, 0.004450635130723801, 0.0030930524855590897], [0.1142437728723177, 0.454932607541307, 0.004215105920382651, 0.005507020352332966, 0.4168863873932771, 0.004215105920382651], [0.798058311445302, 0.18729388276820638, 0.00310118388556932, 0.003981689610660245, 0.004463748404692654, 0.00310118388556932], [0.8044967729466093, 0.1809076395103453, 0.003090036521504394, 0.003967581858068528, 0.004447932641968089, 0.003090036521504394], [0.8099611803956953, 0.17561541830976085, 0.003094219217652903, 0.003882458908726219, 0.004352503950512036, 0.003094219217652903], [0.12065540678715597, 0.5310921271722151, 0.0046904608238384285, 0.005990970215978214, 0.33288057417697403, 0.0046904608238384285], [0.7822888795977928, 0.20303158542787886, 0.0031487082799043172, 0.003951836926130427, 0.004430281488389334, 0.0031487082799043172], [0.7659043678493033, 0.21924209927253757, 0.0031859583827306354, 0.003998746151016178, 0.004482869961681811, 0.0031859583827306354], [0.14447766066733242, 0.6325030841646176, 0.003789651301813891, 0.007261753365776605, 0.2081781991986456, 0.003789651301813891], [0.6590152714974679, 0.32137105834250224, 0.003085475541598038, 0.005916418885570709, 0.0075263001912632055, 0.003085475541598038], [0.6317499868886933, 0.3484468107333187, 0.0031139528522855235, 0.005974769029744907, 0.007600527643671883, 0.0031139528522855235], [0.5443106735604711, 0.43405747374040377, 0.0030756279686470654, 0.006719984104868919, 0.008760612656962116, 0.0030756279686470654], [0.5385520570025407, 0.4397970903272832, 0.0030780888942981647, 0.006726095286652997, 0.008768579594926714, 0.0030780888942981647], [0.17035707487306526, 0.7272186910748658, 0.0034013675425695624, 0.007552120469332004, 0.08806937849759794, 0.0034013675425695624], [0.16754733575069541, 0.7198578868715625, 0.0034482143576210784, 0.007657052094775109, 0.0980412965677248, 0.0034482143576210784], [0.4996909881958068, 0.47848417687332767, 0.0031006032650388485, 0.0067790132361876376, 0.008844615164600243, 0.0031006032650388485], [0.5204419065293292, 0.4578346255874081, 0.0030873075894601717, 0.006749613379230607, 0.00879923932511175, 0.0030873075894601717], [0.5679294004952377, 0.41048743779874763, 0.003067924054551718, 0.006705536190317395, 0.00874177740659373, 0.003067924054551718], [0.6546021223377404, 0.3255923587632827, 0.003089281374268369, 0.0059313235999847455, 0.0076956325504554295, 0.003089281374268369], [0.6429295556525039, 0.33704884426438925, 0.0030869997324300302, 0.006062582328460722, 0.00778501828978615, 0.0030869997324300302], [0.16553007153412264, 0.5939733711486271, 0.0036409865902465844, 0.007140478131509551, 0.22607410600524766, 0.0036409865902465844], [0.7508928002398635, 0.23398908126468376, 0.003199917182847633, 0.004110325749728308, 0.0046079583800291484, 0.003199917182847633], [0.7712152086406829, 0.21388555390643205, 0.003153818216466749, 0.004050599679719467, 0.004541001340232087, 0.003153818216466749], [0.08588874741241143, 0.4580785142039209, 0.0041036194370039384, 0.005364891101185635, 0.4424606084084742, 0.0041036194370039384], [0.7973755860687836, 0.18796262824732748, 0.0031023986890416563, 0.003987135115252506, 0.004469853190553252, 0.0031023986890416563], [0.8257553302470648, 0.1598041600745382, 0.0030575358696796726, 0.003925114326314451, 0.004400323612723073, 0.0030575358696796726], [0.8325123223008136, 0.1530906926963381, 0.0030486435768075602, 0.003912978893200767, 0.0043867189560324975, 0.0030486435768075602], [0.8387411769789409, 0.14689671523966372, 0.003041085772894452, 0.003903662074875345, 0.004376274160731134, 0.003041085772894452], [0.8488696537582744, 0.1368217256920946, 0.0030301402807412464, 0.0038887656953139537, 0.004359574292834643, 0.0030301402807412464], [0.8688431673112986, 0.11231777718026142, 0.007524443720901359, 0.003792330422902752, 0.004455986508272016, 0.0030662948563638494], [0.8827552672734028, 0.07543951049335831, 0.0076917362848784, 0.005586546175939869, 0.024853689909020572, 0.0036732498634000645]], [[0.8581031800065025, 0.07639513664601758, 0.005388631607219229, 0.007678733994642105, 0.0485654420684336, 0.0038688756771849595], [0.8212186849372882, 0.1579180319802111, 0.0074237866470272685, 0.0039031871566087713, 0.006383125768076107, 0.003153183510788677], [0.7714894808291414, 0.21361212067916596, 0.003153230940266926, 0.004050757897685341, 0.004541178713473556, 0.003153230940266926], [0.7683059931296363, 0.2167657684271193, 0.0031600976200139297, 0.004058351518068696, 0.004549691685148015, 0.0031600976200139297], [0.09896725749818919, 0.43685710315578824, 0.004066649161734355, 0.005313141048545615, 0.4507291999740083, 0.004066649161734355], [0.8217324365515715, 0.16380265678202907, 0.003063165584175297, 0.003931308165181028, 0.004407267332867804, 0.003063165584175297], [0.8194977787541298, 0.16601955179246375, 0.0030663998410698726, 0.0039366329677845875, 0.004413236803482315, 0.0030663998410698726], [0.8208469527761326, 0.16468051311606383, 0.0030644381558617238, 0.003933704267459314, 0.004409953528620869, 0.0030644381558617238], [0.8202931998830838, 0.16523385425909284, 0.003065239721728423, 0.003933142578156369, 0.004409323836210078, 0.003065239721728423], [0.8167249402303088, 0.16877587479498246, 0.0030705175829492796, 0.003940536677622007, 0.004417613131188149, 0.0030705175829492796], [0.8163104630828811, 0.16918736756916072, 0.003071143038582654, 0.003941353936306994, 0.004418529334485754, 0.003071143038582654], [0.18096925134291472, 0.4849307650191147, 0.00473169465538052, 0.006179842375023852, 0.3184567519521857, 0.00473169465538052], [0.8217640734492689, 0.1637727814348063, 0.003063120209639058, 0.003930520448478533, 0.004406384248168108, 0.003063120209639058], [0.17444019967927027, 0.49315249921361465, 0.004823768831731317, 0.0061591076534513265, 0.31660065579020125, 0.004823768831731317], [0.8058210734960638, 0.17972147360102148, 0.003101668598401062, 0.0038914887176330908, 0.004362626988479339, 0.003101668598401062], [0.17786380486486583, 0.5888014731247481, 0.0053270653630568005, 0.006801622426271035, 0.21587896885800142, 0.0053270653630568005], [0.7113518585678109, 0.2692783669132937, 0.0030481802995706545, 0.00584190418188267, 0.00743150973787138, 0.0030481802995706545], [0.6822693512730745, 0.2982469583116444, 0.003066016096263768, 0.00587634111903129, 0.0074753171037224165, 0.003066016096263768], [0.6733894545072394, 0.30708217614081135, 0.003072912962993613, 0.005889934336184916, 0.007492609089777144, 0.003072912962993613], [0.5883671618754672, 0.39009293957247226, 0.0030644221355002194, 0.006689796356128824, 0.008721257924931418, 0.0030644221355002194], [0.5738729562429673, 0.4045725926876249, 0.003066615324502313, 0.006694209383342387, 0.00872701103706075, 0.003066615324502313], [0.5134642094379744, 0.4649210279566638, 0.0030742446049253523, 0.006713766463812931, 0.008752506931698262, 0.0030742446049253523], [0.3582810816278667, 0.616898252029447, 0.0031844036634373104, 0.007937629662781812, 0.01051422935302977, 0.0031844036634373104], [0.4788570771534323, 0.49952554275561195, 0.003074441383868073, 0.006714731850295241, 0.008753765472924521, 0.003074441383868073], [0.5369720347762503, 0.44146340794378075, 0.0030672088429717333, 0.006698081114251269, 0.008732058479774214, 0.0030672088429717333], [0.5740124825970246, 0.40442481681738807, 0.0030665799832000668, 0.006697821104804996, 0.008731719514382272, 0.0030665799832000668], [0.6529688533633629, 0.3273753986110369, 0.0030912673413411806, 0.005929840043204835, 0.007543373299713158, 0.0030912673413411806], [0.6834511287673282, 0.2970621633933457, 0.003065141183403629, 0.005878439284319272, 0.0074779861881996415, 0.003065141183403629], [0.6865300607659527, 0.2937427429485748, 0.0030556671236873514, 0.0059926226863100925, 0.007623239351787921, 0.0030556671236873514], [0.7694076186173313, 0.2156790248811819, 0.0031577089395900845, 0.004053587608280125, 0.004544351014026415, 0.0031577089395900845], [0.7711181683952327, 0.2139833625309058, 0.003154026761834158, 0.0040500407776693885, 0.00454037477252381, 0.003154026761834158], [0.7908195523677928, 0.1944714685030075, 0.003114414088480746, 0.0039980553858752765, 0.004482095566362935, 0.003114414088480746], [0.8086549741883505, 0.1767796266792781, 0.0030831531953693474, 0.003959839649232635, 0.004439253092400113, 0.0030831531953693474], [0.8459349425847996, 0.13532662245653176, 0.007292970641899624, 0.0038344083277751665, 0.004505428027205989, 0.0031056279617877663], [0.8505131437461698, 0.13518553393970742, 0.003028524978989719, 0.003886847967889317, 0.004357424388254075, 0.003028524978989719], [0.8553297115875015, 0.13039011797511774, 0.003024054028049962, 0.003881091448219413, 0.0043509709330615065, 0.003024054028049962], [0.8423634677224596, 0.14329388237232013, 0.003036977967087703, 0.003898361792293836, 0.004370332178750849, 0.003036977967087703], [0.8533957420979856, 0.1323152022622082, 0.003025802073090421, 0.0038836322012974207, 0.004353819292327961, 0.003025802073090421], [0.050737289638719506, 0.18855576742016228, 0.01848247187911857, 0.004385542693840717, 0.7345191873149607, 0.0033197410531982767], [0.9126090867381221, 0.05373563711856189, 0.004152472934216253, 0.0033982326620307646, 0.022706337885038147, 0.0033982326620307646]], [[0.8407408163691983, 0.08774634161975138, 0.004676374477916591, 0.009326355195670358, 0.053443847676149236, 0.0040662646613141605], [0.8072129915441301, 0.169922468810616, 0.007497503021509293, 0.003941944844536834, 0.008242397036919213, 0.003182694742288689], [0.06839101149852618, 0.48005524090041707, 0.0041384105808022625, 0.005409906823893252, 0.43786701961555896, 0.0041384105808022625], [0.7688812678511946, 0.21619391372558885, 0.003158846056565791, 0.004057919239263236, 0.004549207070821703, 0.003158846056565791], [0.8006547088533973, 0.18472065892598333, 0.0030966178926543912, 0.003975069561674089, 0.004456326873636636, 0.0030966178926543912], [0.8141516853043809, 0.17132806615165266, 0.0030744421225413383, 0.003946766786438292, 0.004424597512445619, 0.0030744421225413383], [0.8215473311372012, 0.16398680206628524, 0.0030634305724643817, 0.003931510965540462, 0.0044074946860443226, 0.0030634305724643817], [0.808497283008778, 0.17693900802362417, 0.0030834098659314056, 0.003958800783454055, 0.004438088452281152, 0.0030834098659314056], [0.8089116648226706, 0.17653207634318002, 0.0030827370480546352, 0.00395592275451033, 0.004434861983529841, 0.0030827370480546352], [0.8026466239471962, 0.1827464936161712, 0.0030931797957875788, 0.003969943094430621, 0.004450579750626727, 0.0030931797957875788], [0.8129327895595568, 0.17254087308396804, 0.0030763355087355844, 0.00394785210720114, 0.004425814231802841, 0.0030763355087355844], [0.8015972217989764, 0.18378778208529895, 0.003094984244012868, 0.003972066921070465, 0.004452960706628438, 0.003094984244012868], [0.8091304210668675, 0.17631438863182472, 0.0030823826519658444, 0.003955753151031898, 0.004434671846344297, 0.0030823826519658444], [0.1754865709340547, 0.5485069137822535, 0.005102273464580775, 0.0065144197545449626, 0.2592875485999853, 0.005102273464580775], [0.16860382122148437, 0.531810917529651, 0.004973682920591498, 0.006350416426995128, 0.28328747898068646, 0.004973682920591498], [0.7950210526939511, 0.19042664545037158, 0.0031222822452467917, 0.003916769206631128, 0.004390968158552644, 0.0031222822452467917], [0.7866705968174013, 0.19869632173786575, 0.0031393603065322665, 0.0039387503249316575, 0.004415610506736857, 0.0031393603065322665], [0.6893044238850671, 0.2912432311319547, 0.003061028033677678, 0.0058669360446890135, 0.0074633528709339364, 0.003061028033677678], [0.6766283018375859, 0.3038607273419039, 0.00307032063866686, 0.005884558753583909, 0.007485770789592418, 0.00307032063866686], [0.6519817015100104, 0.32836515090201135, 0.0030922514728786376, 0.005927829263471104, 0.007540815378749941, 0.0030922514728786376], [0.5784525005329355, 0.3999986145586828, 0.003065762444266395, 0.00669253361910919, 0.008724826400739842, 0.003065762444266395], [0.5687134514393711, 0.40974824150866745, 0.003063712008525232, 0.006689722019756764, 0.008721161015154284, 0.003063712008525232], [0.536415519899557, 0.44204645489148825, 0.003063717448674466, 0.006689594951273, 0.008720995360332814, 0.003063717448674466], [0.5635928871032113, 0.41484870184513856, 0.0030664675174349692, 0.006696056698433034, 0.00872941931834713, 0.0030664675174349692], [0.5879542289619725, 0.3904970681088358, 0.003064457352961439, 0.006693587679791465, 0.008726200543477421, 0.003064457352961439], [0.6726093642313237, 0.30784609580802896, 0.0030735394021885183, 0.005896499938041366, 0.007500961218229115, 0.0030735394021885183], [0.6707044922666443, 0.30973839878472875, 0.003075115727287866, 0.005900644263185757, 0.007506233230865502, 0.003075115727287866], [0.6937618325621423, 0.28679748986931347, 0.0030580825147377803, 0.005864393741815579, 0.007460118797253109, 0.0030580825147377803], [0.6853852549320357, 0.294880919998782, 0.0030562917326698155, 0.005994990344533572, 0.007626251259309156, 0.0030562917326698155], [0.16621211992420373, 0.5403872752441119, 0.004898349161369887, 0.006398583247940986, 0.2772053232610035, 0.004898349161369887], [0.7902129737689343, 0.19507256432718412, 0.0031155556668417375, 0.003999563879048354, 0.004483786691149956, 0.0031155556668417375], [0.15601765212935528, 0.4741091022209498, 0.004527091576498071, 0.0059138890344537405, 0.35490517346224504, 0.004527091576498071], [0.8390123760703938, 0.14216915573938316, 0.007323937470309639, 0.0038506896856155453, 0.004524558615204054, 0.0031192824190938583], [0.8629635429413535, 0.09982833508761646, 0.004004923519882858, 0.004004923519882858, 0.025193351411381314, 0.004004923519882858], [0.8674244677484764, 0.11406475750413383, 0.007203678311196733, 0.0037874613053250064, 0.004450265297350468, 0.0030693698335175147], [0.07408605415638372, 0.20291006576965465, 0.008141548139346935, 0.004554367739637617, 0.7068550364830396, 0.0034529277119375364], [0.875263894521015, 0.10629484353025857, 0.007176288320951357, 0.003773060533424025, 0.00443334439696902, 0.003058568697381906], [0.876099701122273, 0.10546001797844713, 0.007176335650166917, 0.0037730854175963605, 0.004433373635860106, 0.003057486195656281], [0.044064051997559625, 0.17320161957471367, 0.017643426868264044, 0.0042996986272474235, 0.7575367302768421, 0.0032544726553731234], [0.9235211881324117, 0.049894277855831407, 0.0040182128168718, 0.0033240224366495896, 0.015918276321585968, 0.0033240224366495896]], [[0.8370661075217106, 0.08800612718220377, 0.005148721031724814, 0.010399366532773423, 0.05528859308621601, 0.0040910846453713155], [0.8123845308779184, 0.16575841588315945, 0.007469706566292293, 0.003927330366486647, 0.007287902473855321, 0.003172113832287889], [0.6459281259729825, 0.3335218600631246, 0.0030829865396783973, 0.006055995543878187, 0.008328045340657881, 0.0030829865396783973], [0.7456853153868184, 0.23913332198078482, 0.003212548672230301, 0.004128232361871628, 0.004628032926064629, 0.003212548672230301], [0.773077107277691, 0.21204433036218984, 0.003149857988430683, 0.004044586373563118, 0.004534260009694802, 0.003149857988430683], [0.7988245036171501, 0.18653470472003045, 0.0030998265894969313, 0.003979662551793471, 0.004461475932032165, 0.0030998265894969313], [0.800678633643103, 0.18469737033469316, 0.003096576334962159, 0.003974808804925278, 0.004456034547354246, 0.003096576334962159], [0.7893909811116218, 0.19588776452361994, 0.00311711091905288, 0.004001299775722303, 0.004485732750930283, 0.00311711091905288], [0.1981501379281671, 0.5434386816358504, 0.0051206173638806505, 0.006687839559378098, 0.24148210614884305, 0.0051206173638806505], [0.7985711039586091, 0.18678981279251158, 0.003100275352542535, 0.003978433954255931, 0.004460098589538285, 0.003100275352542535], [0.20012677752950855, 0.5596203360150697, 0.005213562616198831, 0.006808887075055918, 0.22301687414796817, 0.005213562616198831], [0.8070406247831952, 0.17838986868968823, 0.0030857964575947204, 0.0039592837362662815, 0.00443862987566065, 0.0030857964575947204], [0.8008307227858429, 0.18454942769905677, 0.003096312357306863, 0.00397310280103853, 0.004454121999448079, 0.003096312357306863], [0.812966541400432, 0.17263605189355505, 0.003088972140325854, 0.003875151067923087, 0.004344311357438132, 0.003088972140325854], [0.8025899098289517, 0.18292599250474328, 0.0031076584654428484, 0.003898402698260904, 0.004370378037158484, 0.0031076584654428484], [0.7083530499527638, 0.27226715966862025, 0.0030496763773432047, 0.00584499545945776, 0.007435442164471766, 0.0030496763773432047], [0.1969530213700605, 0.6579540984268755, 0.004007573546885925, 0.007676890457273219, 0.12940084265201887, 0.004007573546885925], [0.20800701381879866, 0.6881840435260855, 0.0041536305321960626, 0.007956342771049257, 0.08754533881967436, 0.0041536305321960626], [0.6648302449914245, 0.3155963905706698, 0.003080190859080403, 0.005903331299371582, 0.007509651420373454, 0.003080190859080403], [0.5615987252808352, 0.4168264174042749, 0.003069625344164473, 0.006700454302591791, 0.008735152323969212, 0.003069625344164473], [0.2371960860010741, 0.6539179980270164, 0.004121001594433615, 0.007893937346111768, 0.09274997543693049, 0.004121001594433615], [0.594163597184454, 0.3843014806365971, 0.0030639617781840238, 0.006688035832233336, 0.008718962790347612, 0.0030639617781840238], [0.5811451748939263, 0.39508965339164814, 0.0030972432140482942, 0.008755739668316604, 0.008814945618012581, 0.0030972432140482942], [0.6076967764098541, 0.37076744524990846, 0.003063811485484271, 0.006688537965289056, 0.008719617403979843, 0.003063811485484271], [0.32294345569230987, 0.5694230131876552, 0.0041521426128142205, 0.0079539425961437, 0.09137530329826274, 0.0041521426128142205], [0.6852099889454399, 0.2953124946168195, 0.0030638732642197532, 0.005875510033198981, 0.007474259876102189, 0.0030638732642197532], [0.31123278520735875, 0.59562584019957, 0.003559350413441835, 0.00790052097258433, 0.07812215279360336, 0.003559350413441835], [0.6817551575888319, 0.29875258322469994, 0.0030663918293521394, 0.005879781676758748, 0.007479693851005367, 0.0030663918293521394], [0.6878925600631689, 0.2923869411375609, 0.00305493727017807, 0.00599031743128655, 0.007620306827627586, 0.00305493727017807], [0.6974931201573737, 0.2828158836883131, 0.003050230161986396, 0.005981476098107175, 0.0076090597322332355, 0.003050230161986396], [0.18121328132942097, 0.5286107069109571, 0.004936359398262165, 0.006447419529712882, 0.2738558734333848, 0.004936359398262165], [0.8092490175890743, 0.17619642401622287, 0.003082190816934922, 0.00395563611733118, 0.004434540643501797, 0.003082190816934922], [0.1449280873690176, 0.3179684014347248, 0.010152865615979766, 0.005679495205933073, 0.5169633295296922, 0.004307820844652484], [0.8606148402775108, 0.1035240268138348, 0.004051302532272569, 0.004051302532272569, 0.02370722531183678, 0.004051302532272569], [0.869609954498837, 0.08827356312780403, 0.0038732818589796584, 0.0038732818589796584, 0.030496636796420073, 0.0038732818589796584], [0.9020934518007484, 0.07111936314927389, 0.0035669378109164473, 0.0035669378109164473, 0.01608637161722837, 0.0035669378109164473], [0.8254996538350566, 0.11394304036488932, 0.004378957846350651, 0.004378957846350651, 0.04742043226100216, 0.004378957846350651], [0.8694495668953653, 0.09246659041254852, 0.0039056812790603415, 0.0039056812790603415, 0.026366798854905144, 0.0039056812790603415], [0.8660587595273538, 0.09191837597105937, 0.007676970347090682, 0.003903903834002598, 0.026538086486490895, 0.003903903834002598], [0.9166760281334778, 0.048277497953423766, 0.003412803657435551, 0.0033547192641583115, 0.02492423172734623, 0.0033547192641583115]], [[0.8333095404110867, 0.08889662942421993, 0.004413678492864072, 0.009443314873527309, 0.059791131570875636, 0.004145705227426214], [0.741520855824038, 0.2245242670488361, 0.011132932308126592, 0.005589990321667919, 0.014054654844853453, 0.003177299652477727], [0.1292638823984055, 0.5881357610408655, 0.003557313597282587, 0.006978015596618187, 0.2685077137695456, 0.003557313597282587], [0.6481869657093287, 0.3318989616240395, 0.0030825641385708352, 0.006051194983522564, 0.0076977494059675, 0.0030825641385708352], [0.1353067650337404, 0.5441374952841788, 0.004737698290538302, 0.006189499668113077, 0.30489084343289125, 0.004737698290538302], [0.778523159930396, 0.20664873275258872, 0.003138530332394878, 0.00403147990116587, 0.004519566751059643, 0.003138530332394878], [0.14245600058749036, 0.5200773877024725, 0.004660638041277723, 0.006088010835483611, 0.3220573247919981, 0.004660638041277723], [0.7899311790284694, 0.19535038100793845, 0.0031160873074178278, 0.0040009380817222235, 0.00448532726703432, 0.0031160873074178278], [0.7926596619181951, 0.19265027607266177, 0.003110982672221882, 0.003992372266613758, 0.004475724398085687, 0.003110982672221882], [0.7039840271215334, 0.27634383913143723, 0.0030474965476710715, 0.005975580602745929, 0.007601560048941179, 0.0030474965476710715], [0.79358697368098, 0.1917319960639178, 0.0031092710355252475, 0.003989728090067098, 0.004472760093984666, 0.0031092710355252475], [0.8025050807972502, 0.18288837758432935, 0.0030934224757015595, 0.003969553584198921, 0.004450143082818492, 0.0030934224757015595], [0.8014373601508521, 0.18394761644575694, 0.003095260703440826, 0.003971819106777977, 0.004452682889731362, 0.003095260703440826], [0.8053150657506308, 0.18022423262425494, 0.003102596640921675, 0.0038921452909091154, 0.004363363052361759, 0.003102596640921675], [0.7204532722257513, 0.26020403895956806, 0.0030441313055138233, 0.005833547295043604, 0.007420878908609336, 0.0030441313055138233], [0.7029343508552423, 0.277668260739352, 0.003052582927038838, 0.005850182249914976, 0.007442040301413251, 0.003052582927038838], [0.6806743201116392, 0.2998340524407091, 0.0030672054562106373, 0.005878787447391024, 0.007478429087839474, 0.0030672054562106373], [0.226369162680965, 0.669599498181218, 0.004142789735753036, 0.007935624830754216, 0.08781013483555695, 0.004142789735753036], [0.5857823879181279, 0.39267836100721965, 0.0030647067540859117, 0.0066892681915651595, 0.008720569374915645, 0.0030647067540859117], [0.2178718790254374, 0.7110672476637534, 0.0034650148432059332, 0.0076905329501624695, 0.05644031067423496, 0.0034650148432059332], [0.5782801145228712, 0.40016877925010746, 0.003065790186579251, 0.006693473787655081, 0.008726052066207838, 0.003065790186579251], [0.2976373739541319, 0.5947011078050161, 0.004134358537638311, 0.00791958235150574, 0.09147321881406974, 0.004134358537638311], [0.6279609739846989, 0.3504879253869653, 0.0030660391126315217, 0.006693255244316058, 0.008725767158756857, 0.0030660391126315217], [0.6882042915168983, 0.2923313060548026, 0.0030617738566473367, 0.00587158627167399, 0.007469268443330579, 0.0030617738566473367], [0.31030113842567275, 0.5728348840411576, 0.0041110167906787285, 0.007875207140230338, 0.10076673681158183, 0.0041110167906787285], [0.6377411819275144, 0.3406