{"prediction": [[[0.8946391008569796, 0.07063586187830148, 0.0036002711103384996, 0.0036002711103384996, 0.023924223933703574, 0.0036002711103384996], [0.796424093117245, 0.08261909110097677, 0.028845379976331458, 0.0071190259921746655, 0.08060106507788879, 0.004391344735383367], [0.8532117186907122, 0.0722925133865138, 0.01308927489445737, 0.005288608207476341, 0.05224993968408435, 0.003867945136756045], [0.8488753725874651, 0.07328817168598252, 0.018669944524066142, 0.006295231063432125, 0.048998650444817445, 0.0038726296942366983], [0.8219199346032537, 0.07657210686406714, 0.020287110027008184, 0.005255617001345835, 0.07180386286587968, 0.004161368638445444], [0.8332896558767284, 0.07893619585536567, 0.013293542328570492, 0.005099670134675321, 0.06529352818485253, 0.004087407619807542], [0.8253367828723369, 0.07522610621760635, 0.021060628829064135, 0.004560229485204417, 0.0696927146098822, 0.004123537985906026], [0.8261260414800572, 0.07665288491552334, 0.02207449934964573, 0.004714825298545308, 0.0663238153841394, 0.004107933572088938], [0.8486723497333943, 0.06699682255621328, 0.013295049792277282, 0.004434180794846872, 0.06268751534857911, 0.003914081774689177], [0.870144383707055, 0.06685601167543904, 0.008412228333895714, 0.004488316286958868, 0.04636632115316519, 0.003732738843485908], [0.8615929869224296, 0.0639970946827851, 0.012874173908598876, 0.003785265963315113, 0.05396521255955625, 0.003785265963315113], [0.8827442036210649, 0.06252636876915534, 0.010493991482649385, 0.004254466686637699, 0.03637934737635822, 0.003601622064134669], [0.8860120448151542, 0.058435539873011776, 0.006217939811872696, 0.003594181580060465, 0.0421461123398406, 0.003594181580060465], [0.8367276399351583, 0.0736648389502064, 0.011518886580635846, 0.004069181356479427, 0.06995027182104073, 0.004069181356479427], [0.8926885429654531, 0.06114188930447856, 0.004678363354488471, 0.003558734102730878, 0.0343737361701182, 0.003558734102730878], [0.8252864105703404, 0.0776163617728023, 0.014854706283550364, 0.004601342979285298, 0.07347107598485605, 0.004170102409165737], [0.8609312314998786, 0.0672928007413979, 0.007433592264373259, 0.004850194888648134, 0.05566495560162746, 0.003827225004074765], [0.8497868609732887, 0.07650300382315182, 0.010256332039506943, 0.007151380360429978, 0.05238682242354101, 0.003915600380081659], [0.8375663799805457, 0.07349913960917198, 0.02460814823011361, 0.005368894477817241, 0.05499415469309021, 0.00396328300926126], [0.8136666383670546, 0.09025550135598623, 0.02803549581352567, 0.005622778749810177, 0.058188508300582226, 0.004231077413041176], [0.8109160395618855, 0.08403712215724334, 0.020323787505438066, 0.004304740623813581, 0.07611356952780601, 0.004304740623813581], [0.847356061278613, 0.08034337538014442, 0.013461312630448925, 0.003956173912220523, 0.05092690288635255, 0.003956173912220523], [0.8592338291421018, 0.07223658594180582, 0.012949116636556643, 0.0038241211787968183, 0.04793222592194226, 0.0038241211787968183], [0.8409898325821475, 0.07980285648559401, 0.01474504552300292, 0.004008364338132265, 0.056445536732990874, 0.004008364338132265], [0.9087789540351663, 0.05739613121124966, 0.0046288948465953265, 0.003436282014880868, 0.022323455877227064, 0.003436282014880868], [0.8594849585537923, 0.06343548996638303, 0.010257224140037073, 0.0038254779960313345, 0.0591713713477251, 0.0038254779960313345], [0.8640241074965925, 0.056108573517237685, 0.008630641937694255, 0.0037915109500969196, 0.06365365514828178, 0.0037915109500969196], [0.8669241083047756, 0.053281417745100534, 0.008058771438104068, 0.0037675013659053624, 0.06420069978020918, 0.0037675013659053624], [0.8790806875897658, 0.04411261122418596, 0.007111569937030885, 0.0036571261550287937, 0.06238087893895988, 0.0036571261550287937], [0.8747542683355515, 0.04788677817535995, 0.009940662860423813, 0.003672455802043009, 0.060073379024578794, 0.003672455802043009], [0.869158262075051, 0.05313085165776329, 0.005682093535345126, 0.0037652130521273874, 0.06449836662758585, 0.0037652130521273874], [0.8836331872878753, 0.06010075817587915, 0.008223567685310108, 0.003604761342902994, 0.04083296416512955, 0.003604761342902994], [0.8856985468836759, 0.06585247353638672, 0.008263098914059727, 0.0036082514038445353, 0.03296937785818854, 0.0036082514038445353], [0.8643304231032445, 0.07091471136244526, 0.012422341263019502, 0.003777199270839803, 0.044778125729611436, 0.003777199270839803], [0.8953371698815641, 0.06918226283719581, 0.006101770712464873, 0.003575224114827397, 0.02222834833912031, 0.003575224114827397], [0.9044931140053483, 0.06910654535040132, 0.004729851436675854, 0.003536854507527126, 0.014596780192520316, 0.003536854507527126], [0.8731374267993941, 0.07282352476915702, 0.0069769318667124965, 0.003742131616437912, 0.03957785333186076, 0.003742131616437912], [0.85510116857653, 0.07969546542132472, 0.008146784803737048, 0.003916618093447073, 0.049223345011514166, 0.003916618093447073], [0.8945674095361752, 0.060708384939866834, 0.010495937858091983, 0.00351407646722081, 0.027200114731424314, 0.00351407646722081], [0.8978996703515273, 0.07225024679801606, 0.003594585974434531, 0.003594585974434531, 0.01906632492715314, 0.003594585974434531]], [[0.8262700256187123, 0.07536172018409384, 0.02480350966628143, 0.005329317127606222, 0.06415196516971401, 0.004083462233592248], [0.8636795058133256, 0.05844081394008361, 0.04808925496838243, 0.007528673943257322, 0.0192590945986663, 0.0030026567362847157], [0.8181459289508402, 0.077942646039618, 0.06683407390425912, 0.009740055492579782, 0.02432573815378574, 0.00301155745891731], [0.8221553939345688, 0.06308667613414572, 0.07235581110774007, 0.01057378881013406, 0.02880208595394234, 0.003026244059468792], [0.09182169520611246, 0.0899054617811589, 0.09841722341811825, 0.01452338732864423, 0.7023304170917261, 0.0030018151742401654], [0.7668481688270967, 0.08055002849019838, 0.09832998802969768, 0.01398774267441706, 0.03728373372086216, 0.0030003382577281543], [0.7416137629877058, 0.09161269004807396, 0.09940892489198189, 0.017321158353493675, 0.04703920328334992, 0.0030042604353948243], [0.0947517130856728, 0.08395351396810208, 0.09227300924744501, 0.015564700175268708, 0.7103147896530525, 0.0031422738704588674], [0.7188372754674908, 0.0955371109848701, 0.11281601746452845, 0.018971580551565777, 0.05082718998418248, 0.0030108255473626443], [0.704289486000761, 0.10133562262593288, 0.12006767847544614, 0.02064027763261928, 0.05035129667862113, 0.003315638586619429], [0.7112449887462505, 0.09898921305646903, 0.12197468444084002, 0.017646795314467705, 0.04713209220795654, 0.0030122262340162007], [0.08711477400566824, 0.10411500027282136, 0.12918273069887165, 0.01772797716961758, 0.6588510076761998, 0.003008510176821331], [0.09304192526383376, 0.0977098849445444, 0.10912010366828066, 0.016766107347443184, 0.6803591160238327, 0.0030028627520653824], [0.8039244194264649, 0.07035954000945759, 0.07389856431913208, 0.012847367148699051, 0.03591461753755647, 0.003055491558690021], [0.8123624916446943, 0.06580180946261087, 0.07407697046194207, 0.012144885462980369, 0.0325837011861959, 0.00303014178157652], [0.7948761634898711, 0.06627060654302493, 0.088107923649305, 0.013023184443915349, 0.03469403039939548, 0.0030280914744882734], [0.10123342762342058, 0.09604331184976356, 0.09783824681825945, 0.026333819246302494, 0.6755381680643415, 0.0030130263979123474], [0.7049270736226732, 0.09121300223106867, 0.13017042384179212, 0.019063188494967513, 0.05159862268818738, 0.0030276891213112085], [0.6827000932309537, 0.10333921908375583, 0.13470265004768545, 0.0271937985165011, 0.04904973827748606, 0.00301450084361802], [0.6882132780521771, 0.09915678681932628, 0.1364524730214081, 0.02059373109780893, 0.05230772169494636, 0.003276009314333234], [0.7074580361929884, 0.10898388468039504, 0.12564955291706897, 0.015305966854313315, 0.039593353827775055, 0.0030092055274593384], [0.809563038486273, 0.06765561640471496, 0.07975819089940982, 0.01043916365146346, 0.029541156591803598, 0.0030428339663352154], [0.8490834031487738, 0.05827102206501465, 0.06241072643372272, 0.007731160042484134, 0.01949358982913513, 0.0030100984808695925], [0.028605583921683126, 0.051630357977552596, 0.041923699140861526, 0.004967701401495762, 0.8698704157625854, 0.003002241795821661], [0.9413372211726075, 0.0267513435090344, 0.020096444607102762, 0.003004939004540299, 0.005805112702174572, 0.003004939004540299], [0.7263107264278053, 0.056388237882863367, 0.04212650379074706, 0.012237128215676464, 0.15758287274641442, 0.005354530936493343], [0.6998652991139871, 0.04553350896062241, 0.024906167085487586, 0.006792002268410197, 0.21669459858786544, 0.006208423983627406], [0.6893003984111782, 0.046297524442749406, 0.021584508466629085, 0.00644872068596877, 0.2299201273075058, 0.00644872068596877], [0.7121672812332063, 0.041533569395633546, 0.023664742635333236, 0.006499552853144038, 0.21008474082757883, 0.006050113055104029], [0.709107612135046, 0.04628296951812288, 0.025348634958676175, 0.007788350998684569, 0.20546468213146227, 0.006007750258008114], [0.6941350712392639, 0.0448015721154389, 0.02926186946787264, 0.007226155134050331, 0.21831977859482174, 0.006255553448552608], [0.9568022403669801, 0.018967831054630138, 0.012866328653856823, 0.0030004231777201436, 0.005362753569092647, 0.0030004231777201436], [0.9623797212899445, 0.0194831298557758, 0.008692251890400647, 0.0030020954090420123, 0.0034407061457949503, 0.0030020954090420123], [0.9647681638300339, 0.017849746350073248, 0.007934504465462405, 0.0030030696052913623, 0.003441446143847697, 0.0030030696052913623], [0.9581767729051536, 0.021890539932275906, 0.010491964933493752, 0.003000868743269943, 0.003438984742536811, 0.003000868743269943], [0.9620881999304903, 0.02069848119982328, 0.007766973841610294, 0.0030026342927407497, 0.003441076442594629, 0.0030026342927407497], [0.008031012645848542, 0.02284166692593213, 0.005612369389495378, 0.0030049047106848487, 0.9575051416173542, 0.0030049047106848487], [0.0044079360027510775, 0.013637630853845126, 0.005064788182272327, 0.003008228397488775, 0.970873188166154, 0.003008228397488775], [0.9572298816669329, 0.02445722776274949, 0.008825801657705905, 0.0030020505545271404, 0.0034829878035575034, 0.0030020505545271404], [0.8935439968562603, 0.06114559159024773, 0.008882742455176547, 0.00352929945710263, 0.02936907018411019, 0.00352929945710263]], [[0.8501656783841071, 0.07343686498620554, 0.009629099380798534, 0.005261874090565496, 0.05758082021571847, 0.00392566294260507], [0.8282852840947343, 0.06905925784464768, 0.06636707290803708, 0.009964152058464857, 0.023304285278061006, 0.0030199478160548377], [0.08121390013912463, 0.16941533178907914, 0.0030294260503180375, 0.013478162865365637, 0.7298337531057946, 0.0030294260503180375], [0.7373056326393218, 0.19334010800537874, 0.003001093212104216, 0.018017836042106453, 0.04533423688898466, 0.003001093212104216], [0.7408759343013716, 0.18819449153976814, 0.0030005212227654735, 0.01803395033187635, 0.04689458138145302, 0.0030005212227654735], [0.7214164748576447, 0.1997713824087351, 0.0030039699100226575, 0.01930829512904526, 0.053495907784529756, 0.0030039699100226575], [0.7065792569950189, 0.2030065894569309, 0.0030103833185399606, 0.02146484119821088, 0.06292854571275935, 0.0030103833185399606], [0.12965741826234925, 0.23214490473132243, 0.003011391623544834, 0.023227432820463325, 0.6089474609387754, 0.003011391623544834], [0.12948423606806636, 0.2293175716564349, 0.003021170873496948, 0.02199714934053909, 0.6131587011879658, 0.003021170873496948], [0.6873717595581853, 0.23415294834604494, 0.0030184111341554805, 0.020952212715173005, 0.05148625711228588, 0.0030184111341554805], [0.41425454767648695, 0.35350536665630633, 0.0030065272719273436, 0.03023593290949198, 0.19599109821386002, 0.0030065272719273436], [0.10960436584850346, 0.23263003532333906, 0.003014436501529087, 0.022440214509376815, 0.6292965113157225, 0.003014436501529087], [0.7056447781620285, 0.21940982879061138, 0.003009348927018822, 0.018123853590461148, 0.05080284160286127, 0.003009348927018822], [0.709457081328508, 0.204373748350458, 0.003006948782409767, 0.02057465753594895, 0.05958061522026552, 0.003006948782409767], [0.7908078326150375, 0.1316013708409972, 0.0030620572114492955, 0.016563470979384518, 0.05490321114168226, 0.0030620572114492955], [0.14383766155442992, 0.1745972515903238, 0.0030031171194684213, 0.021566251785077546, 0.6539926008312319, 0.0030031171194684213], [0.6974413697204492, 0.21363075459105949, 0.003007682572694696, 0.021288983293059355, 0.06162352725004248, 0.003007682572694696], [0.6948147046788614, 0.22063144285080144, 0.003018379904946151, 0.022754789468830385, 0.055762303191614626, 0.003018379904946151], [0.4126367247792267, 0.3560770617018832, 0.0030028539785120494, 0.029692621183266436, 0.19558788437859956, 0.0030028539785120494], [0.6804033549087719, 0.2403508895978349, 0.0030266709680363832, 0.018400356132008047, 0.054792057425312374, 0.0030266709680363832], [0.6838837018861036, 0.23635516867399234, 0.0030083455544099246, 0.01772732951873858, 0.05601710881234581, 0.0030083455544099246], [0.7126520187748137, 0.21531207484851858, 0.003018327547544695, 0.022742552429943826, 0.04325669885163448, 0.003018327547544695], [0.7779696241396821, 0.1741742821819413, 0.00300582613028206, 0.011613295584325318, 0.030231145833487044, 0.00300582613028206], [0.8578016611543231, 0.10467427480463899, 0.0030018430848653397, 0.008445284684559616, 0.023075093186747685, 0.0030018430848653397], [0.897218233404097, 0.0803534026010414, 0.003007934368607787, 0.004797729178092256, 0.011614766079553836, 0.003007934368607787], [0.013475397203580037, 0.025986491136036897, 0.01672087958501861, 0.00300650587733665, 0.9378042203206912, 0.00300650587733665], [0.7195081424332611, 0.06452707928104143, 0.0371873045412134, 0.011330359701642971, 0.16198037555068348, 0.005466738492157645], [0.9544068421893106, 0.0220170950935003, 0.011914472626962049, 0.003000523440861106, 0.00566054320850497, 0.003000523440861106], [0.013750151374467444, 0.024141879699006646, 0.013280646939446259, 0.0030030861573425082, 0.9428211496723947, 0.0030030861573425082], [0.7208882312723729, 0.053156181618208016, 0.025225825258248617, 0.008518510635754985, 0.18649488986313417, 0.00571636135228131], [0.6687530100433676, 0.05171565274981516, 0.018578606183663735, 0.006810538720105992, 0.24733165358294165, 0.006810538720105992], [0.9504541333780493, 0.02378097593127487, 0.014727167622036755, 0.0030001827203881256, 0.005037357627862982, 0.0030001827203881256], [0.9557703855541906, 0.03178089786541684, 0.0030002182954198113, 0.0030002182954198113, 0.0034480616941329804, 0.0030002182954198113], [0.9530462096022537, 0.034502812311652316, 0.0030000352453235703, 0.0030000352453235703, 0.0034508723501233455, 0.0030000352453235703], [0.005260343947637079, 0.02515330250293665, 0.003006154261249481, 0.003056853774883847, 0.9605171912520435, 0.003006154261249481], [0.9578067536964032, 0.02974258410508923, 0.0030006168337541367, 0.0030006168337541367, 0.0034488116972449393, 0.0030006168337541367], [0.9546885657300256, 0.031953023555341534, 0.00300003394544459, 0.00300003394544459, 0.00435830887829916, 0.00300003394544459], [0.9636846296288717, 0.02385676476521542, 0.0030029778672591976, 0.0030029778672591976, 0.003449672004135314, 0.0030029778672591976], [0.005318115468415303, 0.015771235707696753, 0.005064434853353695, 0.003006601942496735, 0.9678330100855408, 0.003006601942496735], [0.8672755311907525, 0.07291955245079348, 0.0046103360736667424, 0.003810426432302239, 0.04757372742018278, 0.003810426432302239]], [[0.8648097103081693, 0.06547521252533776, 0.012536521157983767, 0.004969090760910771, 0.048461435851722835, 0.003748029395875569], [0.8046544466048654, 0.07101430788796638, 0.07901722923823923, 0.011904725074351552, 0.0303670259851658, 0.0030422652094116796], [0.6966695081468259, 0.20978768615091717, 0.00300590740319833, 0.01931485220673045, 0.06821613868912989, 0.00300590740319833], [0.7275522675251753, 0.1923638359281163, 0.0030029640321021325, 0.019758364455820774, 0.05431960402668338, 0.0030029640321021325], [0.7206067050818564, 0.1981996329953392, 0.003004559506900323, 0.02064477536238601, 0.05453976754661775, 0.003004559506900323], [0.4364934687808097, 0.3111262863478558, 0.003002684446156425, 0.03135941997254718, 0.21501545600647454, 0.003002684446156425], [0.1348318398005131, 0.20010386764406568, 0.0030133843612868637, 0.021706276078169617, 0.637331247754678, 0.0030133843612868637], [0.6965378352140946, 0.2087537547068027, 0.003015261791360532, 0.021955807934088956, 0.06672207856229272, 0.003015261791360532], [0.6840222748822026, 0.22092703572343383, 0.0030207291263811597, 0.02203211532782554, 0.06697711581377573, 0.0030207291263811597], [0.6583002733817601, 0.24427132504151972, 0.003018201612632421, 0.023501099670272883, 0.06789089868118248, 0.003018201612632421], [0.6892082050447302, 0.23493604048860317, 0.0030184320095026553, 0.021572329552705993, 0.048246560894955354, 0.0030184320095026553], [0.6923407212599397, 0.22892728408387558, 0.003015399763161984, 0.02039096557362141, 0.05231022955623933, 0.003015399763161984], [0.7167471425333928, 0.2043027519579576, 0.0030052633108507754, 0.019959605734559877, 0.052979973152388254, 0.0030052633108507754], [0.7990927230157252, 0.13665145049897942, 0.0030438466136613325, 0.014480369896079967, 0.04368776336189282, 0.0030438466136613325], [0.7897383957110807, 0.11970607073644897, 0.0030158341741581022, 0.023695027731688627, 0.06082883747246564, 0.0030158341741581022], [0.7663769560023144, 0.14666492335936365, 0.00301056880693406, 0.015128561235031084, 0.06580842178942295, 0.00301056880693406], [0.14940246252515926, 0.20965437779209417, 0.003026833499554781, 0.022631554548917503, 0.6122579381347196, 0.003026833499554781], [0.6582412047424169, 0.2507432418599832, 0.003010228821254804, 0.02371367188777486, 0.06128142386731551, 0.003010228821254804], [0.6860437143927886, 0.23457739915448092, 0.00300750140164281, 0.02079194423550648, 0.05257193941393843, 0.00300750140164281], [0.6618652904022414, 0.24417214159589218, 0.003010209372100478, 0.022087374550703538, 0.06585477470696204, 0.003010209372100478], [0.69043066414766, 0.22266105779495596, 0.003018344830311061, 0.028850874344920195, 0.05202071405184186, 0.003018344830311061], [0.09081542252476507, 0.1659920333621918, 0.0030488654860086352, 0.014632712850815646, 0.7224621002902103, 0.0030488654860086352], [0.7869288443949752, 0.16207749297189405, 0.003017135834043805, 0.013162416337319129, 0.03179697462772393, 0.003017135834043805], [0.8560604232923034, 0.1066472008329398, 0.0030022913138920255, 0.009414745814550578, 0.021873047432422237, 0.0030022913138920255], [0.9205947970071914, 0.057878205900599694, 0.003022768546182722, 0.004801656203727717, 0.010679803796115777, 0.003022768546182722], [0.9367669791508855, 0.048426491684817094, 0.0030064620555111977, 0.0030064620555111977, 0.005787142997763648, 0.0030064620555111977], [0.9480002663185069, 0.023009048925947538, 0.016995374600052487, 0.0030017319216701388, 0.0059918463121526365, 0.0030017319216701388], [0.6826957523017726, 0.06580712804107208, 0.04017280108117893, 0.014805320131826451, 0.19051544897371944, 0.006003549470430565], [0.9187666230134383, 0.03368961410652673, 0.024982979940015606, 0.004149633657213335, 0.015394988900880712, 0.003016160381925324], [0.6996700827998148, 0.06211913926776629, 0.03518244011235561, 0.015746903312361143, 0.18150057562240818, 0.0057808588852939855], [0.6953798793688408, 0.06360676138529922, 0.034148211193294094, 0.014631793901777228, 0.18636322470444636, 0.0058701294463423745], [0.6909743684937159, 0.06779997542941096, 0.037922291716325766, 0.011862876494482743, 0.1855303546041358, 0.0059101332619289106], [0.9494830810899475, 0.024804638860659863, 0.01610479986706332, 0.0030006898786475882, 0.003606100425034196, 0.0030006898786475882], [0.9507964713019174, 0.03675373438126929, 0.003000125524279, 0.003000125524279, 0.003449417743976433, 0.003000125524279], [0.9533326233403486, 0.03421938953520069, 0.003000018251075527, 0.003000018251075527, 0.003447932371224095, 0.003000018251075527], [0.9569099860979497, 0.030639442794648745, 0.0030004216126517545, 0.0030004216126517545, 0.003449306269446224, 0.0030004216126517545], [0.9484274255431896, 0.03761257132864417, 0.0030000819964497868, 0.0030000819964497868, 0.004959757138817033, 0.0030000819964497868], [0.9619477358629666, 0.025594123856372303, 0.0030021036881318778, 0.0030021036881318778, 0.003451829216265436, 0.0030021036881318778], [0.9677744612741257, 0.016931062778285925, 0.005841053630315533, 0.0030054308419631037, 0.0034425606333467335, 0.0030054308419631037], [0.9025370844497452, 0.06200604480169814, 0.003976215074371738, 0.0035003352247538846, 0.024479985224677116, 0.0035003352247538846]], [[0.8231860276881606, 0.08047486415076041, 0.019391339282137952, 0.004279187376899898, 0.06850207423404481, 0.00416650726799626], [0.06711677597226613, 0.08317712809784747, 0.08247527489448213, 0.012045716291254425, 0.7521130678518101, 0.0030720368923397964], [0.6784383141326744, 0.23802616898643217, 0.0030071903052890096, 0.02073936331663834, 0.056781772953677, 0.0030071903052890096], [0.6789128694763861, 0.22712454351797012, 0.003023181011493039, 0.02377788464095509, 0.06413834034170256, 0.003023181011493039], [0.6943849946794847, 0.20633854568500504, 0.0030057141970516693, 0.02180175567066064, 0.07146327557074632, 0.0030057141970516693], [0.7197979978841536, 0.19306372960919682, 0.0030062167911686995, 0.021958065832866518, 0.05916777309144562, 0.0030062167911686995], [0.727878118343909, 0.1868480763547189, 0.00300436369092626, 0.02122768874448258, 0.05803738917503696, 0.00300436369092626], [0.13331064371941254, 0.19214246383993264, 0.003012184957999374, 0.023467366628712176, 0.645055155895944, 0.003012184957999374], [0.7517978383238177, 0.171530169516494, 0.003090101691117791, 0.018806593112225118, 0.05168519566522753, 0.003090101691117791], [0.6887099253044152, 0.22613790365420855, 0.0030169663828172014, 0.02218308182074634, 0.05693515645499554, 0.0030169663828172014], [0.10877382473702746, 0.2392194453073092, 0.003004482080884017, 0.022291956321042847, 0.6237058094728526, 0.003004482080884017], [0.7044772091773441, 0.2239733544792018, 0.0030111407946583715, 0.019585243675680413, 0.04594191107845707, 0.0030111407946583715], [0.08690096892798921, 0.15860914701567305, 0.003060961098975576, 0.01697236916078955, 0.731395592697597, 0.003060961098975576], [0.7952407193902635, 0.14435198534993168, 0.003020224649887186, 0.01609965670254023, 0.03826718925749024, 0.003020224649887186], [0.7942619374793429, 0.13142260689334248, 0.003004558943428198, 0.015209596877042953, 0.05309674086341516, 0.003004558943428198], [0.7795384261363879, 0.14593583042715114, 0.003037892272849717, 0.017768008064849246, 0.050681950825912474, 0.003037892272849717], [0.6986797826247025, 0.19651465991804695, 0.0030118854705741467, 0.032272936281994194, 0.066508850234108, 0.0030118854705741467], [0.7001101620080004, 0.21246886509538085, 0.0030066344996252836, 0.02121838748925722, 0.060189316408111135, 0.0030066344996252836], [0.683381793017964, 0.2323454358948731, 0.003009249596224589, 0.022208727477590857, 0.056045544417122846, 0.003009249596224589], [0.6831295931935876, 0.2375552030677109, 0.0030025662433775095, 0.020699006315694074, 0.0526110649362526, 0.0030025662433775095], [0.7679082741583123, 0.16405414292078643, 0.003059762735825528, 0.02515747624275182, 0.03676058120649854, 0.003059762735825528], [0.06888817390245319, 0.15461833952542967, 0.0030152337255534415, 0.013575884672341143, 0.7568871344486692, 0.0030152337255534415], [0.8176603494148773, 0.13745595040254197, 0.0030033032660440545, 0.012027640159556601, 0.02684945349093601, 0.0030033032660440545], [0.879888322020985, 0.0923055782633047, 0.0030307651845998085, 0.007697962061363276, 0.014046607285147556, 0.0030307651845998085], [0.9206163435288054, 0.05959946996348945, 0.003021787048790222, 0.004750970991296536, 0.008989641418828286, 0.003021787048790222], [0.9236044074585831, 0.05686794332473666, 0.0030184028735063414, 0.004511704097659108, 0.00897913937200857, 0.0030184028735063414], [0.9262200232819695, 0.03422316937250578, 0.024676793013252058, 0.003709758882418521, 0.008152382467490064, 0.0030178729823639944], [0.6687248151102915, 0.07142416017869418, 0.04134675234263778, 0.018490029702561993, 0.1938769910196667, 0.006137251646147931], [0.684557138898138, 0.07557255517207656, 0.05341649005424714, 0.02363223616814387, 0.15715615881796657, 0.005665420889428047], [0.7337145341886463, 0.0704203926090366, 0.04981653098621175, 0.029630532545074695, 0.10744904861970363, 0.00896896105132702], [0.7055372387016262, 0.0746339689095359, 0.03609269756899759, 0.02347410196616634, 0.15477556504061238, 0.005486427813061681], [0.6758832753679808, 0.07417894501717191, 0.043470142481751885, 0.01879132674412957, 0.18170977432057264, 0.005966536068393254], [0.6792717795006197, 0.07112410651144034, 0.028861264338829073, 0.011647848495511572, 0.20289691378081529, 0.006198087372783997], [0.9313899795229906, 0.03381464747722306, 0.02401204498199013, 0.0030107102896301807, 0.004761907438535781, 0.0030107102896301807], [0.9420346530406453, 0.04492177831473727, 0.003002315887592649, 0.003002315887592649, 0.004036620981839486, 0.003002315887592649], [0.950591222274435, 0.03695957372328368, 0.003000141986982759, 0.003000141986982759, 0.003448778041333137, 0.003000141986982759], [0.009528481810324473, 0.04138997172013744, 0.0030001880565912846, 0.0030523130049576095, 0.940028857351398, 0.0030001880565912846], [0.01137566762593795, 0.02683591624307726, 0.011719220631302889, 0.0030033463178548393, 0.9440625028639723, 0.0030033463178548393], [0.9491451809590521, 0.03035715980082026, 0.010357174382955449, 0.0030034145521076, 0.004133655752956824, 0.0030034145521076], [0.8940992705038878, 0.0728854712198798, 0.003618534212709293, 0.003618534212709293, 0.022159655638104504, 0.003618534212709293]], [[0.8534955873416309, 0.07335060587757947, 0.011939677035527766, 0.004580828091135928, 0.05275192964702534, 0.0038813720071006093], [0.7195503033148425, 0.09943857803913159, 0.131220818242588, 0.014600786867461673, 0.032187165952717214, 0.003002347583259075], [0.12160469993583264, 0.23551694751252628, 0.0030194399056565463, 0.020702336595695533, 0.6161371361446324, 0.0030194399056565463], [0.13933000537045478, 0.2419339878720577, 0.0030358748839503565, 0.0224294841171255, 0.5902347728724613, 0.0030358748839503565], [0.6836441669646945, 0.20888118128411876, 0.00300715405322069, 0.022827793322454087, 0.07863255032229119, 0.00300715405322069], [0.7150932403702629, 0.19585694229600198, 0.003007784294178143, 0.0221061526406075, 0.060928096104771255, 0.003007784294178143], [0.72787373367954, 0.18199676213917967, 0.003006493756658571, 0.022536463379951785, 0.06158005328801146, 0.003006493756658571], [0.7890667816955219, 0.14055964432021303, 0.0030454255915507893, 0.017444602693249562, 0.04683812010791406, 0.0030454255915507893], [0.7798012723294208, 0.1439982330269342, 0.0030399927401736277, 0.0271965405698347, 0.04292396859346316, 0.0030399927401736277], [0.7819842840877639, 0.15654041215840503, 0.003049431467172008, 0.015789147204008824, 0.03958729361547846, 0.003049431467172008], [0.7091300489550493, 0.21589125109020435, 0.003000687098678657, 0.018445519191030515, 0.05053180656635843, 0.003000687098678657], [0.09461053252136999, 0.15584240986479, 0.003035150104543099, 0.01621912706752494, 0.7272576303372289, 0.003035150104543099], [0.8038873937913437, 0.14527431010042846, 0.0030067293199127383, 0.013230440102508517, 0.031594397365893825, 0.0030067293199127383], [0.8147250653996226, 0.12661134633595186, 0.003027689228181135, 0.015129787704587647, 0.037478422103475746, 0.003027689228181135], [0.8114715823530299, 0.12463318019193594, 0.00303286094707996, 0.015579676115249845, 0.04224983944562447, 0.00303286094707996], [0.11639135747935732, 0.17037115538879358, 0.003011128768918148, 0.020312946972012913, 0.6869022826219999, 0.003011128768918148], [0.7402034464415982, 0.17423149049139336, 0.003005060868824575, 0.019806929983442585, 0.05974801134591668, 0.003005060868824575], [0.7118260222401401, 0.1837034411506021, 0.0030020537229891067, 0.020850114239456062, 0.07761631492382351, 0.0030020537229891067], [0.7156400743279004, 0.19550094194980933, 0.003010439442258075, 0.019892572740771042, 0.06294553209700304, 0.003010439442258075], [0.7448399158790541, 0.1831719404628727, 0.003035902333995536, 0.016494967190060154, 0.049421371800022054, 0.003035902333995536], [0.7860465394818418, 0.150007156464908, 0.0030171809609259494, 0.023193718326445262, 0.03471822380495314, 0.0030171809609259494], [0.8167061873252465, 0.13348617276178948, 0.00300493494188474, 0.012743842757640818, 0.03105392727155387, 0.00300493494188474], [0.03457729328388773, 0.0955200377514637, 0.003057034883665466, 0.007788597802760483, 0.8560000013945571, 0.003057034883665466], [0.89593951029541, 0.0753308026226966, 0.0030631931808316093, 0.008097638974345268, 0.014505661745884935, 0.0030631931808316093], [0.9042939866101877, 0.06999036961855563, 0.0030469539230678737, 0.006856927156852884, 0.012764808768268066, 0.0030469539230678737], [0.8850834245141538, 0.07418235565120816, 0.003043676320076485, 0.0071233681266074335, 0.02752349906787775, 0.003043676320076485], [0.8477617813683058, 0.11349696720853256, 0.0030048639883488936, 0.009959411060471287, 0.022772112385992676, 0.0030048639883488936], [0.8448229379256995, 0.06134810154339794, 0.06009409756511615, 0.008499104754587525, 0.022224013564917006, 0.0030117446462818945], [0.06747768337368723, 0.06877454490574357, 0.07294676912415587, 0.010028765618556756, 0.7777329749224166, 0.0030392620554399907], [0.7478542822447218, 0.08878278498034195, 0.1045626303504973, 0.014370567735374764, 0.04142930237969307, 0.0030004323093709945], [0.7945674926758967, 0.07219329755198144, 0.08655300595069973, 0.011094657029473527, 0.03254223639560751, 0.0030493103963411677], [0.05699288550454533, 0.07306986361867694, 0.048393608496243204, 0.009138368210735116, 0.8093874108123369, 0.003017863357462513], [0.6848195233720777, 0.08238199559586276, 0.05971655132492992, 0.023449201694190028, 0.14404936891211456, 0.005583359100824933], [0.022373193158408865, 0.03862464964480201, 0.02344285298749153, 0.003739505333639485, 0.9087842403398604, 0.003035558535797696], [0.925954340412978, 0.05984064896102904, 0.003013933646743762, 0.003013933646743762, 0.005163209685761806, 0.003013933646743762], [0.9364996197035906, 0.049939841972128196, 0.0030051635493765637, 0.0030051635493765637, 0.004545047676151642, 0.0030051635493765637], [0.010444678657227462, 0.02860945756219126, 0.01451319024631978, 0.0030042555883303024, 0.940424162357601, 0.0030042555883303024], [0.8230443926009992, 0.08316674270951616, 0.008661311821340162, 0.004258079909503794, 0.07661139304913706, 0.004258079909503794], [0.9563522649860879, 0.024396816802116902, 0.009805735787699808, 0.003001465424159699, 0.0034422515757759806, 0.003001465424159699], [0.8231712933181674, 0.08951192487858271, 0.007676075283883746, 0.00427359243539322, 0.07109352164857959, 0.00427359243539322]], [[0.8297403396819354, 0.07973762470819025, 0.02771938224142814, 0.004411720631417555, 0.054339196135348836, 0.0040517366016799075], [0.09481824217859419, 0.10870719422115999, 0.14426879948891236, 0.029185258962931143, 0.6199967078055801, 0.0030237973428222337], [0.678445413013825, 0.24720550900479857, 0.003025952933279767, 0.021173080439505835, 0.04712409167531116, 0.003025952933279767], [0.6604913925316778, 0.24881488614167008, 0.0030354493865180692, 0.024740562014566776, 0.05988226053904924, 0.0030354493865180692], [0.6815841190120626, 0.22371493954985436, 0.0030220899819550723, 0.024812709561970948, 0.06384405191220195, 0.0030220899819550723], [0.7161427367647263, 0.19000818910274916, 0.0030097147831252254, 0.023115412094724227, 0.06471423247154999, 0.0030097147831252254], [0.7348877932946031, 0.1790692277537548, 0.0030085624151172117, 0.021523002700229475, 0.05850285142117831, 0.0030085624151172117], [0.7639464400075582, 0.155633038626024, 0.0030049206298855755, 0.020620656491575125, 0.05379002361507153, 0.0030049206298855755], [0.8248876105124427, 0.1172847813591541, 0.0030146758924252926, 0.014605519208198775, 0.03719273713535373, 0.0030146758924252926], [0.07905961595953749, 0.12810015009240935, 0.0030249982462005024, 0.014909441680605318, 0.7718807957750469, 0.0030249982462005024], [0.7967525245357876, 0.14596237119047312, 0.0030119588938504346, 0.014195827742168118, 0.03706535874387028, 0.0030119588938504346], [0.8050043356512497, 0.13540950929804402, 0.0030275181436755947, 0.015866596952595135, 0.03766452181075978, 0.0030275181436755947], [0.8147438006941242, 0.12101548984014578, 0.003017917250984208, 0.02354121582647614, 0.034663659137285446, 0.003017917250984208], [0.09564734817598076, 0.13352883030764048, 0.003007428200014424, 0.01434308909398674, 0.7504658760223631, 0.003007428200014424], [0.7453947315283949, 0.1782656408653307, 0.0030038703409213624, 0.01915905062859114, 0.05117283629584064, 0.0030038703409213624], [0.7438061591168318, 0.17072610653271772, 0.0030073752734459972, 0.02806164660601031, 0.05139133719754828, 0.0030073752734459972], [0.7362403014999882, 0.17055880532010068, 0.0030013917353262816, 0.0190468453329117, 0.06815126437634673, 0.0030013917353262816], [0.12263047481408271, 0.17892663874553505, 0.0030061759966096627, 0.019880525747016365, 0.6725500087001466, 0.0030061759966096627], [0.15950164857315127, 0.17170804453466712, 0.003033506200808833, 0.02063081012971282, 0.6420924843608511, 0.003033506200808833], [0.7330652479777126, 0.1765678322117994, 0.003008065882061684, 0.02040762072055752, 0.0639431673258072, 0.003008065882061684], [0.0884647348413811, 0.1448098902636251, 0.0030315137088625993, 0.014480821655091914, 0.7461815258221767, 0.0030315137088625993], [0.8409519378319807, 0.10978234368656185, 0.0030072205459921765, 0.012128529688191277, 0.03112274770128178, 0.0030072205459921765], [0.8521444003091764, 0.10141139705753122, 0.0030031720111730093, 0.011643368903176883, 0.02879448970776948, 0.0030031720111730093], [0.901768635912987, 0.06780959230081743, 0.0030556812362430145, 0.008263610800809479, 0.016046798512900112, 0.0030556812362430145], [0.9012293151146806, 0.0706399690663855, 0.0030536640130372503, 0.007854002837092195, 0.0141693849557673, 0.0030536640130372503], [0.8430407369853128, 0.1162458638835811, 0.0030065282266717435, 0.011308043163702805, 0.02339229951405998, 0.0030065282266717435], [0.8095347832378907, 0.14526914239732006, 0.0030058107823835796, 0.012411706529715207, 0.02677274627030684, 0.0030058107823835796], [0.7685744067324431, 0.17554599651401082, 0.0030309472130507966, 0.012929794626025259, 0.03688790770141921, 0.0030309472130507966], [0.08770232718302404, 0.21413551917055107, 0.0030038414459865903, 0.016465735213619135, 0.6756887355408325, 0.0030038414459865903], [0.7073214528868995, 0.22643606917364897, 0.003008309005239811, 0.016429807790590716, 0.04379605213838111, 0.003008309005239811], [0.7131387756686, 0.21689901104137083, 0.0030049008559855784, 0.01747829108435017, 0.0464741204937079, 0.0030049008559855784], [0.7773774655447235, 0.08020947569599216, 0.09172405836203959, 0.012956143200964613, 0.034663650666183383, 0.0030692065300968], [0.7412303602943432, 0.07711519902353546, 0.05076597226946207, 0.029918507672680412, 0.09303894592548835, 0.007931014814490432], [0.7791612782071996, 0.06894151749055621, 0.05397767890307335, 0.02361706023717843, 0.06882164619902943, 0.005480818962962988], [0.023831691923372193, 0.038384373837091486, 0.02671796502008333, 0.004078657634910773, 0.9039448385818282, 0.0030424730027141457], [0.9274402282024219, 0.05942575926200066, 0.0030134145537527995, 0.0030134145537527995, 0.004093768874319063, 0.0030134145537527995], [0.9469159888478408, 0.04063233400685528, 0.0030008483254719627, 0.0030008483254719627, 0.003449132168888099, 0.0030008483254719627], [0.955289628750559, 0.024682970300369225, 0.01058465840901943, 0.0030011464632092597, 0.0034404496136337774, 0.0030011464632092597], [0.7431214848963044, 0.07046370271180603, 0.02768401440466955, 0.005227635196144598, 0.148275527594931, 0.005227635196144598], [0.8637550940321418, 0.07722312804197363, 0.006940388416214708, 0.003838718190077033, 0.04440395312951571, 0.003838718190077033]], [[0.8591641675950237, 0.06904462846984617, 0.014726644001267147, 0.003905505452715241, 0.04935364888409317, 0.003805405597054663], [0.6997118569305492, 0.10834259059887634, 0.12764808046059117, 0.017578407353804275, 0.04370152518524388, 0.00301753947093523], [0.4022315032502838, 0.37286835634546367, 0.0030033477568128333, 0.031154378329820778, 0.18773906656080613, 0.0030033477568128333], [0.1277955533713019, 0.24121101913074727, 0.0030273700804865147, 0.022500287104608364, 0.6024384002323693, 0.0030273700804865147], [0.6864214978101317, 0.22344803439031283, 0.003018591027196891, 0.023390711804076827, 0.06070257394108489, 0.003018591027196891], [0.4756859829417913, 0.2771035250241511, 0.0030065288575565, 0.027623299263571894, 0.21357413505537276, 0.0030065288575565], [0.12314797478820254, 0.16575994433318794, 0.003006269862956566, 0.01981802058406391, 0.6852615205686325, 0.003006269862956566], [0.7756281671277294, 0.15241309948520063, 0.0030180646905871252, 0.017861388402427413, 0.04806121560346827, 0.0030180646905871252], [0.7891655863541771, 0.13894150132814448, 0.003009621650757479, 0.017412947562243573, 0.04846072145391995, 0.003009621650757479], [0.8269948501510672, 0.11889070987776519, 0.003005972684193923, 0.01330374176470681, 0.03479875283807299, 0.003005972684193923], [0.07281696820647021, 0.11052448035630437, 0.0030104341690071245, 0.01203507379749891, 0.7986026093017122, 0.0030104341690071245], [0.837210243901273, 0.10947034440838725, 0.0030080821164494933, 0.012563780126070973, 0.03473946733136988, 0.0030080821164494933], [0.8014289075818575, 0.13610779972666265, 0.0030147918194540755, 0.014913336152423335, 0.04152037290014841, 0.0030147918194540755], [0.7626726337740428, 0.1675321567772215, 0.003000328793514493, 0.016489731641250113, 0.047304820220456616, 0.003000328793514493], [0.7404515553014915, 0.1869644548702552, 0.0030015197361191286, 0.017785225812519838, 0.048795724543495095, 0.0030015197361191286], [0.7363396938985785, 0.18731927486092398, 0.0030025053894855974, 0.018398296933584534, 0.05193772352794195, 0.0030025053894855974], [0.43350424387935554, 0.3245174972468479, 0.003004471395327194, 0.03279124769695013, 0.20317806838619204, 0.003004471395327194], [0.739749163484878, 0.16508527932311826, 0.0030115314514010455, 0.020406840353654355, 0.0687356539355472, 0.0030115314514010455], [0.7171659010963619, 0.17885647653543138, 0.0030206483617960297, 0.023085335763379546, 0.07485098988123506, 0.0030206483617960297], [0.7364914905531584, 0.1696797681256492, 0.0030148790333327166, 0.021329090958088295, 0.06646989229643863, 0.0030148790333327166], [0.7515488704812016, 0.16296388489024016, 0.003005563585658965, 0.018434725163647286, 0.06104139229359307, 0.003005563585658965], [0.07950175637934877, 0.12448920588024416, 0.0030268597627570253, 0.014083012689773891, 0.7758723055251191, 0.0030268597627570253], [0.8497250346693284, 0.10547494834906641, 0.0030035063252473156, 0.011102171454290344, 0.027690832876820243, 0.0030035063252473156], [0.8370148821581522, 0.11680723480613346, 0.0030019360002510194, 0.012303628042369856, 0.02787038299284222, 0.0030019360002510194], [0.06415838176038856, 0.12269583805783572, 0.003004642067329072, 0.012206291925828859, 0.7949302041212887, 0.003004642067329072], [0.06702261037074665, 0.1321805149502994, 0.0030210397869111253, 0.013983795110059698, 0.7807709999950719, 0.0030210397869111253], [0.7841264563443529, 0.15453259106224784, 0.003052745192119979, 0.016013466895635025, 0.