{"prediction": [[[0.9188864231966842, 0.018172818499630317, 0.012089934566275004, 0.005303533376586643, 0.042010329883963374, 0.003536960476860263], [0.8825157905714749, 0.028271769127756224, 0.01925058050559633, 0.008022963230530795, 0.05716595989961432, 0.004772936665027369], [0.9026687168068037, 0.025295835155102968, 0.0168498175003195, 0.007186166195422173, 0.04402122884992553, 0.003978235492426018], [0.9010808712181053, 0.029186208324438166, 0.0178271233871179, 0.0075819600731020405, 0.04025016976556463, 0.004073667231672009], [0.8979096152880184, 0.02311573329832369, 0.014546234964791346, 0.005161367269397324, 0.05538378377435989, 0.0038832654051092603], [0.8999450957432454, 0.027737159424344633, 0.016536031098099098, 0.005548065895781666, 0.04647581664720677, 0.003757831191322327], [0.9066607619109344, 0.025575661258370668, 0.015910835677234027, 0.004843516612735929, 0.04334570789589005, 0.0036635166448349315], [0.8923559875785907, 0.02865497409523875, 0.012586582130451177, 0.0041576064794831375, 0.05824479309727084, 0.004000056618965393], [0.9076257965985981, 0.029024179601471457, 0.0122210081994318, 0.005526259227999984, 0.04194510892883253, 0.003657647443666055], [0.8813404454802618, 0.03661125769656041, 0.018766358062659687, 0.009941378030396856, 0.04815434402322529, 0.005186216706895998], [0.8713765969627462, 0.03488806791708345, 0.019329438587887274, 0.010475110009412127, 0.05828103182238374, 0.005649754700487215], [0.8895042199934304, 0.025831123785343107, 0.019509893656728554, 0.010067562201720772, 0.048863559398848136, 0.006223640963929024], [0.8711454357834459, 0.030029069210534855, 0.02168547424794283, 0.012002396575664778, 0.057512345656396145, 0.0076252785260152636], [0.8805513437414005, 0.025917263584240378, 0.021009794099402526, 0.01132663964939414, 0.05371897090601286, 0.007475988019549627], [0.8754085168746973, 0.027986239052659376, 0.022832872908765, 0.012348753154301631, 0.05326074627188055, 0.008162871737696057], [0.8711817438538324, 0.026696587382347012, 0.024295850767122512, 0.0121079387122818, 0.05785022027832601, 0.007867659006090294], [0.8549654258490905, 0.03448661915865111, 0.02760661693955856, 0.017709354080488533, 0.05362106957057344, 0.011610914401637792], [0.8610770495317176, 0.03241372497380199, 0.027439902072883937, 0.01615265501023092, 0.053192468641439096, 0.009724199769926403], [0.8612291737729255, 0.034911685523018494, 0.027683048114267736, 0.01873928890442827, 0.04629701281867992, 0.01113979086668024], [0.8550224452268945, 0.034320397890982214, 0.0286998646959529, 0.01789559739729072, 0.052962223077565214, 0.01109947171131457], [0.8658916997770864, 0.03362815972824958, 0.033145402699217945, 0.017373798316249998, 0.03978035645812483, 0.010180583021071287], [0.8635434392461055, 0.03172682932342155, 0.024619163137123815, 0.0160607406535923, 0.053901214818297974, 0.010148612821458815], [0.8596033124684082, 0.03089363388690949, 0.026233681606426085, 0.015095667791968751, 0.059180400350900435, 0.008993303895386976], [0.8755592506370399, 0.024296528196266706, 0.02184719986457808, 0.013370629075501024, 0.05563060644056969, 0.009295785786044602], [0.8625449416468643, 0.030208158767970984, 0.024493082379344028, 0.015471167134899523, 0.057209346050197764, 0.010073304020723364], [0.8683480990188902, 0.026743864854229187, 0.022196761501108227, 0.013524937766993433, 0.06035538100206876, 0.008830955856710046], [0.8544276658538449, 0.02909805316778066, 0.02311934899004794, 0.01480168913105992, 0.06855849792670068, 0.009994744930565803], [0.8659574141352235, 0.026496205565569926, 0.02314223079749758, 0.014259438625239939, 0.06082443181316771, 0.009320279063301318], [0.858545528896456, 0.027967737051935823, 0.02556494863833485, 0.01562226919988983, 0.061847936294418294, 0.010451579918965292], [0.8721944123815926, 0.025942505363685746, 0.022465552708105938, 0.014582817406861352, 0.05517362744951876, 0.009641084690235694], [0.8763057038269227, 0.02582906214426544, 0.023884818530691087, 0.014429225123951542, 0.04998333464677211, 0.009567855727397137], [0.8768875807796968, 0.02563133714342567, 0.021220379714367566, 0.01311968322568728, 0.054848967707012884, 0.008292051429809915], [0.8556782493666788, 0.03294136586321365, 0.03062686303090741, 0.017218126406323014, 0.05327572506464188, 0.010259670268235236], [0.8633518645827964, 0.030247827984906793, 0.026481943947955635, 0.015216173019916544, 0.05542277495052214, 0.009279415513902479], [0.8579653086965705, 0.03316289567395114, 0.025018571035425298, 0.01662806070712365, 0.05695486865820886, 0.010270295228720605], [0.8625474482462502, 0.03437810561056759, 0.02596946976236683, 0.020092811186792254, 0.044203748789699175, 0.01280841640432386], [0.8467026878716399, 0.04003974241382962, 0.033004226814375176, 0.020352407405324457, 0.04872199345267002, 0.011178942042160848], [0.8561843844633051, 0.0397666591932903, 0.02969546040634455, 0.021416293375484338, 0.040846915561671866, 0.012090286999903853], [0.842519758331503, 0.04142829313737011, 0.03402099224006717, 0.021548990604122638, 0.047034214178393825, 0.013447751508543269], [0.897035792880656, 0.021451629906127624, 0.017881493821908113, 0.011018441967678188, 0.04600028956760679, 0.006612351856023313]], [[0.8876722556426211, 0.027576439493185483, 0.02168367355523514, 0.007738196872313029, 0.051148147189964584, 0.004181287246680779], [0.951053292672954, 0.028118799446579305, 0.011091416654473036, 0.0030027547638631826, 0.003730981698267462, 0.0030027547638631826], [0.9532938404986813, 0.02631145545361515, 0.010659306165846708, 0.003002807156794647, 0.003729783568267426, 0.003002807156794647], [0.008283391430149346, 0.021913634842294267, 0.011015683540645634, 0.0031043342299417434, 0.952680726057334, 0.0030022298996350426], [0.8382415593973708, 0.05225769730747822, 0.027476376342297503, 0.008491403485879916, 0.06877930058967177, 0.004753662877301869], [0.006845677638803992, 0.018966670054322118, 0.008031752099167922, 0.0031085991527297326, 0.9600405666411764, 0.0030067344137998868], [0.957615171687136, 0.023301109332472186, 0.009344337838155333, 0.003004306022863548, 0.0037307690965094364, 0.003004306022863548], [0.9608888518520643, 0.02277901503880579, 0.006580905648957375, 0.0030081347701371363, 0.0037349579198982345, 0.0030081347701371363], [0.9554467354365335, 0.026087380765272786, 0.008723983106500008, 0.0030048081193633416, 0.0037322844529669896, 0.0030048081193633416], [0.9469830787822805, 0.029858834882037683, 0.013423084638816623, 0.003001905866837588, 0.003731189963190102, 0.003001905866837588], [0.010283617389752947, 0.02833211770594957, 0.019285784638879252, 0.003106826728533536, 0.9359885455960933, 0.003003107940791363], [0.8916983508148171, 0.049901400137028346, 0.04054398795072942, 0.004759320059605733, 0.010083241347855647, 0.0030136996899637184], [0.027297624494831974, 0.06361393434561043, 0.040821459968605894, 0.004770153390307738, 0.8604704310638038, 0.003026396736840135], [0.8548450248789005, 0.06071704737223109, 0.04987612747142698, 0.006936117329578679, 0.024608830519976064, 0.0030168524278867534], [0.8461570056476395, 0.06291609314350163, 0.06008849650950345, 0.008079412155489327, 0.01975604308462577, 0.0030029494592403714], [0.7437261963604713, 0.0990230565169411, 0.10850494289338262, 0.013439942037995957, 0.032281608503545056, 0.003024253687663868], [0.6993980191634954, 0.10526066330777334, 0.13538767407349084, 0.01681411345776167, 0.040136911056096604, 0.0030026189413821795], [0.6554638536444934, 0.1121680199782824, 0.14871562883146658, 0.019144091234999175, 0.06149704703175398, 0.003011359279004505], [0.09117031093826627, 0.12117947281734831, 0.16045212376016652, 0.019069681623386212, 0.604769435172821, 0.0033589756880116556], [0.6523689329006319, 0.11734162247089401, 0.17296968487128403, 0.017323989264364483, 0.036989323566781605, 0.0030064469260439055], [0.6792775442889597, 0.11109726329049269, 0.14506218176820518, 0.01780782837517266, 0.04374571890821978, 0.003009463368950109], [0.08347814630481305, 0.11426029431434093, 0.15132876201465498, 0.01719260586116556, 0.6307346380832922, 0.003005553421733407], [0.7031092215870036, 0.10683346630090909, 0.1217276069852778, 0.015791100516535945, 0.04953058484316395, 0.0030080197671096204], [0.07420875925715499, 0.10011966087086789, 0.10485987524734727, 0.013556906528731984, 0.7042409791345029, 0.003013818961395009], [0.7495252543857722, 0.09204874586618914, 0.1049748816432944, 0.014530318538498196, 0.03591393192843142, 0.003006867637814715], [0.7521401455991279, 0.09577320352151415, 0.09864793991255268, 0.014323918894407327, 0.036087610548145736, 0.0030271815242521377], [0.7940626312504316, 0.07336032756396484, 0.08511025732701973, 0.012422448173120703, 0.03201996748772223, 0.003024368197741008], [0.73558971274575, 0.11016571868836103, 0.1023414609597891, 0.01408630500068299, 0.03478438034510669, 0.0030324222603101835], [0.7422923588890912, 0.09479050163842913, 0.10835289362546088, 0.01467077975284539, 0.036889195693916944, 0.003004270400256605], [0.0812656050739377, 0.10162341959566551, 0.10443133327561793, 0.014984355110389522, 0.694684959680978, 0.00301032726341133], [0.7048290141032724, 0.10936457422997317, 0.12851794538379022, 0.016475682638523063, 0.037806742143168814, 0.0030060415012723297], [0.09665616709155979, 0.12198373966739705, 0.15512387682003886, 0.018745471270478885, 0.6042425341026878, 0.0032482110478376045], [0.6793027982281478, 0.11392241725062985, 0.13789530025963875, 0.018670261286061245, 0.047200075592500286, 0.0030091473830221554], [0.6933384424324676, 0.10697589494865876, 0.13502120134201467, 0.018057537684470215, 0.04360272458602656, 0.003004199006362268], [0.65976118094095, 0.1386671985387751, 0.1369727393173228, 0.01895104481151103, 0.042642839159530425, 0.0030049972319105495], [0.6681022966788311, 0.11843793347385881, 0.1453397580460325, 0.01902291712189066, 0.04608281876530512, 0.0030142759140818344], [0.09745125646846065, 0.13512306692024212, 0.1839744251765253, 0.022021169847807366, 0.557787705414696, 0.0036423761722686725], [0.6218234619918633, 0.13134652281810008, 0.1700296907103925, 0.022292950624629777, 0.05139830851773524, 0.0031090653372790196], [0.6326117208132845, 0.12572309089565933, 0.16922607608429704, 0.021017956711811208, 0.04834685765778947, 0.0030742978371583866], [0.8604482580026234, 0.034159848514987635, 0.03094435155535158, 0.01688732735138695, 0.04648124430211448, 0.011078970273535809]], [[0.9020721629045244, 0.026828959095314582, 0.017725967253664817, 0.0077879596294825135, 0.041596039647139094, 0.003988911469874591], [0.006218757294299282, 0.02213902289295532, 0.011617686644320207, 0.003104962365453669, 0.9539164807539418, 0.0030030900490298114], [0.0061721122498757325, 0.04012784284626726, 0.003003991028191957, 0.0032999877492808204, 0.9443920750981923, 0.003003991028191957], [0.9464352961783975, 0.028492427148917532, 0.01534071473708244, 0.003000845392650306, 0.003729871150301946, 0.003000845392650306], [0.84836039792819, 0.04461892814797101, 0.028535559013440525, 0.009229860293418442, 0.06471965597704298, 0.004535598639937114], [0.8531988629654578, 0.05370133559412069, 0.02692209687685184, 0.00950935642450443, 0.052250611521111434, 0.004417736617953666], [0.949705343620981, 0.026971045748764653, 0.013591458005479212, 0.0030009925591274935, 0.003730167506520213, 0.0030009925591274935], [0.9418274838536926, 0.03614151456271565, 0.012264405126123593, 0.0030121691156449856, 0.003742258226178209, 0.0030121691156449856], [0.9441442936450584, 0.04287024940743846, 0.0030003991393687383, 0.003142251050951032, 0.003842407617814783, 0.0030003991393687383], [0.9305392116731648, 0.05596484365477955, 0.0030057196673728024, 0.0031526468154249054, 0.004331858521885079, 0.0030057196673728024], [0.8787801919404371, 0.09878684633177556, 0.0030174069891760404, 0.005428398051944897, 0.01096974969749036, 0.0030174069891760404], [0.8420109178938502, 0.12801809985954193, 0.0030088244344895643, 0.007418538712002088, 0.016534794665626674, 0.0030088244344895643], [0.041394506247894855, 0.11758167299438135, 0.0030052027654538177, 0.008327694349577395, 0.8266857208772388, 0.0030052027654538177], [0.8226133063386708, 0.13726075936887622, 0.0030001449980148745, 0.010049981442731545, 0.024075662853691737, 0.0030001449980148745], [0.7482747924797725, 0.19297379326749742, 0.003023297092835297, 0.014661958832203845, 0.03804286123485565, 0.003023297092835297], [0.6956483325620897, 0.23115724701986357, 0.0030029774615761137, 0.01788485459660994, 0.04930361089828471, 0.0030029774615761137], [0.6562003614760933, 0.2606997610235212, 0.0030025918053301543, 0.019888210871017057, 0.05720648301870817, 0.0030025918053301543], [0.4122410763127828, 0.3655692041519574, 0.0030029004079809803, 0.02904235943855158, 0.18714155928074622, 0.0030029004079809803], [0.1277630046567542, 0.2825872686063957, 0.0030196200207586337, 0.02122049577712179, 0.5623899909182111, 0.0030196200207586337], [0.10665242469111283, 0.2943394979436545, 0.0030073570597088854, 0.021241918399989502, 0.5717514448458254, 0.0030073570597088854], [0.38610696228999486, 0.39129808463653387, 0.0030028794081682617, 0.02795939331474501, 0.1886298009423898, 0.0030028794081682617], [0.6431510649174823, 0.26339762157681706, 0.0030096943775569226, 0.02149910495915575, 0.0659328197914311, 0.0030096943775569226], [0.6795521069819105, 0.2432381917864002, 0.003000655035406769, 0.019215736889705494, 0.051992654271170315, 0.003000655035406769], [0.7018030588938412, 0.22252060390634296, 0.003005744217543097, 0.018457125359345773, 0.05120772340538397, 0.003005744217543097], [0.12876776836476964, 0.2030354005156952, 0.0030086759541889186, 0.019264790432806798, 0.6429146887783506, 0.0030086759541889186], [0.7222392020840226, 0.20109210884345285, 0.0030015728322961756, 0.01809291358721781, 0.052572629820714485, 0.0030015728322961756], [0.7026243355955565, 0.22689353778637844, 0.0030149999893632424, 0.016958383312854118, 0.04749374332648431, 0.0030149999893632424], [0.113203044025533, 0.21665266882112255, 0.0030012195329531892, 0.020052152401582684, 0.6440896956858554, 0.0030012195329531892], [0.1183067880175087, 0.22384224017666526, 0.0030015336138250843, 0.020170131023181787, 0.631677773554994, 0.0030015336138250843], [0.11152584417146676, 0.23164362341354736, 0.003008178433188669, 0.01857603007270981, 0.6322381454758987, 0.003008178433188669], [0.6739023106980438, 0.25045708824552176, 0.003006651363060093, 0.01969275215920982, 0.04993454617110433, 0.003006651363060093], [0.12143572193829864, 0.2490335189557479, 0.00300676303626971, 0.021285259841853463, 0.6022319731915604, 0.00300676303626971], [0.3911857381720168, 0.38737813148242434, 0.003005457191675919, 0.030495998371453493, 0.18492921759075365, 0.003005457191675919], [0.652013367820168, 0.25869169649424406, 0.0030056876414569994, 0.020927125500676158, 0.06235643490199755, 0.0030056876414569994], [0.13306368256581022, 0.25021666239336665, 0.0030029609728624783, 0.01881531349391604, 0.5918984196011821, 0.0030029609728624783], [0.6098533656618454, 0.3084682298987811, 0.0030231009805953, 0.021854756192976162, 0.05377744628520677, 0.0030231009805953], [0.15158966554774733, 0.30353762337874446, 0.0030482237605606206, 0.025296042643927624, 0.5134802209084594, 0.0030482237605606206], [0.33419842608978284, 0.4558386240293037, 0.00302394565133473, 0.029222028848031344, 0.17469302973021275, 0.00302394565133473], [0.6346315294883645, 0.13149436612201873, 0.16265951140577634, 0.02102197719739701, 0.04715280603994678, 0.0030398097464966268], [0.8554272620254973, 0.03678947186219547, 0.030642398646027073, 0.019565189139852727, 0.04572768525431029, 0.011847993072117135]], [[0.89043098356159, 0.02821066007816715, 0.020957801023853546, 0.008160458622203135, 0.047733746275933145, 0.004506350438252938], [0.00815745319509782, 0.02575385924971099, 0.014676672292784937, 0.0031037175351124467, 0.9453070918383533, 0.003001205888940585], [0.9334781408202469, 0.053515758542777764, 0.003004172771682455, 0.0031481428570769247, 0.0038496122365335728, 0.003004172771682455], [0.8930744923806518, 0.08699205069066836, 0.0030281619607815872, 0.005443611356505596, 0.008433521650611054, 0.0030281619607815872], [0.026460407578717596, 0.05643056897284353, 0.04704932675126885, 0.0047443971948878776, 0.8623051020478474, 0.0030101974544347694], [0.8354784264948728, 0.053097394793873515, 0.03742632297328813, 0.016169973352825516, 0.05002141814018683, 0.0078064642449530335], [0.8409271044218407, 0.05373127290544771, 0.03052156124814334, 0.014842890469120537, 0.052794854368263915, 0.0071823165871838035], [0.8325099051784762, 0.05060856237254489, 0.030344141339708672, 0.013920620799548854, 0.06609911213872578, 0.006517658170995672], [0.9282862673121359, 0.037596163851128885, 0.022870364890170847, 0.0030104367093882565, 0.005226330527787841, 0.0030104367093882565], [0.8656324399551623, 0.11208560435723071, 0.0030144296265189325, 0.005423812324876673, 0.01082928410969261, 0.0030144296265189325], [0.03240583376057837, 0.1263829535026368, 0.003013895734396796, 0.007255754319962501, 0.8279276669480287, 0.003013895734396796], [0.8232795992165768, 0.1372779859001882, 0.0030069504983027697, 0.010416971032029647, 0.023011542854599845, 0.0030069504983027697], [0.8232203327700707, 0.1394660270904841, 0.003001210871956752, 0.010055723572503367, 0.0212554948230284, 0.003001210871956752], [0.049373201076606504, 0.12603118856636178, 0.0030015744175214245, 0.010495347045569767, 0.8080971144764191, 0.0030015744175214245], [0.8039364651669154, 0.14386774521125872, 0.003019596620597984, 0.013393185062333977, 0.032763411318295695, 0.003019596620597984], [0.7015390514244084, 0.2263897309259585, 0.003004595064450608, 0.017711955586573472, 0.04835007193415841, 0.003004595064450608], [0.683285699792282, 0.236758846178168, 0.003003023932717634, 0.01979391698834059, 0.054155489175773994, 0.003003023932717634], [0.6442781445045378, 0.27193116173896903, 0.00300513748876344, 0.021336180371041808, 0.05644423840792457, 0.00300513748876344], [0.6661172607355912, 0.25848634485669886, 0.003010557514864065, 0.020026141566015763, 0.04934913781196609, 0.003010557514864065], [0.6624673840367415, 0.26683837937612603, 0.0030148880296476557, 0.0185978609677998, 0.046066599560037384, 0.0030148880296476557], [0.11707250743630015, 0.2562273586742078, 0.0030080126136615053, 0.021927188868054007, 0.598756919794115, 0.0030080126136615053], [0.6790508660930896, 0.23427213478184503, 0.003006425555783533, 0.01866182699984243, 0.06200232101365587, 0.003006425555783533], [0.689342029007199, 0.23065946255111489, 0.003003392227155643, 0.020009648593382764, 0.05398207539399215, 0.003003392227155643], [0.7038239261531699, 0.21583938194948538, 0.0030090447368459066, 0.018745195882222298, 0.05557340654143051, 0.0030090447368459066], [0.4259949912277637, 0.31690863131568986, 0.003027606188385183, 0.027770335662882343, 0.22327082941689388, 0.003027606188385183], [0.7015693473123744, 0.21795826690068576, 0.0030057124067250163, 0.018914748132381014, 0.05554621284110879, 0.0030057124067250163], [0.1330761562123898, 0.23597027090393277, 0.003002368841359927, 0.021324478532406398, 0.6036243566685513, 0.003002368841359927], [0.687342509620197, 0.23059888650081548, 0.003002999895162178, 0.020552483476683082, 0.05550012061198009, 0.003002999895162178], [0.4342621514888316, 0.3264533568171289, 0.0030207678028728027, 0.029105387457227076, 0.20413756863106688, 0.0030207678028728027], [0.6819913076448638, 0.22360872688156613, 0.003002525656574837, 0.01989119467720696, 0.06850371948321342, 0.003002525656574837], [0.682041141815852, 0.23660556638509725, 0.0030034397596949303, 0.02126424144432331, 0.05408217083533759, 0.0030034397596949303], [0.6586585542054867, 0.2632909842893698, 0.0030012771804155637, 0.02038218246985509, 0.05166572467445727, 0.0030012771804155637], [0.6771026749335104, 0.23741647647809974, 0.0030055020647587554, 0.021072963574873444, 0.058396880883998914, 0.0030055020647587554], [0.6667741530730134, 0.24827801199849353, 0.003002478694522684, 0.020891913403029594, 0.0580509641364183, 0.003002478694522684], [0.6636361977172756, 0.2544086965135019, 0.003010463649602109, 0.020912238396070124, 0.055021940073948145, 0.003010463649602109], [0.09915087926116462, 0.26316414692221396, 0.0030078516184842948, 0.019382947457300473, 0.6122863231223525, 0.0030078516184842948], [0.629749115415403, 0.29697949969984366, 0.0030411537593112606, 0.020359337955049177, 0.04682973941108167, 0.0030411537593112606], [0.6238559825730267, 0.2975911665040435, 0.0030434379777666866, 0.020856236834732797, 0.05160973813266359, 0.0030434379777666866], [0.0876381956143094, 0.13661548669529516, 0.1947071824615741, 0.021016488868182456, 0.5568092739132323, 0.003213372447406619], [0.8603433615880614, 0.03633796962251833, 0.024819265281908167, 0.016525559804640034, 0.051914247674665674, 0.01005959602820653]], [[0.8755590848023784, 0.0282566696815163, 0.01832819578816186, 0.008698596709467646, 0.06364275345739542, 0.005514699561080407], [0.9256352276312552, 0.04050946260403917, 0.022957248831927228, 0.0030142567530128677, 0.00486954742675285, 0.0030142567530128677], [0.8803950711292667, 0.09761727885444868, 0.0030185873760817388, 0.005428649193518049, 0.010521826070603046, 0.0030185873760817388], [0.8498791715279221, 0.12442495813916545, 0.003010761661158745, 0.006028615826755747, 0.013645731183839141, 0.003010761661158745], [0.03517726059763552, 0.125439252090055, 0.0030117525415865763, 0.0065592517820176385, 0.8268007304471188, 0.0030117525415865763], [0.8423152967906516, 0.06829296472860678, 0.06456472248553105, 0.006827415826707464, 0.014993511951953737, 0.003006088216549302], [0.7966001838583977, 0.05533747402409031, 0.05110463602891973, 0.024016746899785436, 0.05966245255499918, 0.013278506633807823], [0.823783784029687, 0.05242231015100373, 0.041075979489465356, 0.02332306597120096, 0.04491973691818912, 0.014475123440453956], [0.03837377795879217, 0.06969561899496113, 0.056915614595639354, 0.007470312671091, 0.8245418965339927, 0.0030027792455236146], [0.03684539150947165, 0.12996912981464892, 0.003009469089886614, 0.008149206899850938, 0.8190173335962553, 0.003009469089886614], [0.046036315586567955, 0.15272459857754545, 0.003014116026883456, 0.00983488265753406, 0.7853759711245856, 0.003014116026883456], [0.07592893976254793, 0.20409364398885613, 0.0030220003394798773, 0.01589990772572794, 0.6980335078439083, 0.0030220003394798773], [0.811585092497436, 0.14198353605928166, 0.0030107171384520944, 0.01282831206655139, 0.02758162509982665, 0.0030107171384520944], [0.8229580461727325, 0.12985307713451721, 0.0030065727110923095, 0.012618930617090391, 0.02855680065347536, 0.0030065727110923095], [0.7484540243788311, 0.18350260781709868, 0.003007091448406959, 0.017292162220339476, 0.04473702268691686, 0.003007091448406959], [0.7203703451539297, 0.204507841287613, 0.0030017044809822523, 0.01916402490422249, 0.04995437969227024, 0.0030017044809822523], [0.6833225438293343, 0.2366091198176541, 0.0030020925621550565, 0.019765361316340716, 0.054298789912360985, 0.0030020925621550565], [0.6814845003727255, 0.2360903679517778, 0.003003699437658378, 0.02074327938167884, 0.055674453418501316, 0.003003699437658378], [0.09706306936373477, 0.23863456621723092, 0.003001604593347833, 0.018816605875495242, 0.6394825493568435, 0.003001604593347833], [0.08861448924694311, 0.244011262406163, 0.003008336626264368, 0.017593447631439066, 0.6437641274629261, 0.003008336626264368], [0.7001607308458296, 0.22880249902569536, 0.0030004769660198246, 0.01822009021686607, 0.046815725979569296, 0.0030004769660198246], [0.7011605768872243, 0.2168983823004723, 0.0030122228679257948, 0.029731916115599805, 0.04618467896085209, 0.0030122228679257948], [0.7092055507414681, 0.22008020325601815, 0.003007300364212312, 0.01762926803589585, 0.04707037723819343, 0.003007300364212312], [0.7255793382667847, 0.2057321816007033, 0.0030155611509505562, 0.01697061997439807, 0.04568673785621285, 0.0030155611509505562], [0.09684068989096845, 0.20700157964620142, 0.0030063266813575153, 0.01736289967180035, 0.6727821774283149, 0.0030063266813575153], [0.09488966642929046, 0.21241072416114543, 0.0030021353077799274, 0.01811517495171657, 0.6685801638422878, 0.0030021353077799274], [0.11667384321124086, 0.21248669865279257, 0.003005071260330279, 0.018282989864394902, 0.6465463257509112, 0.003005071260330279], [0.6824629841767844, 0.2134653596615337, 0.0030116175043703045, 0.03129127161472386, 0.06675714953821747, 0.0030116175043703045], [0.700391443806774, 0.22052197841548993, 0.003006657486783369, 0.019444554596772762, 0.053628708207396535, 0.003006657486783369], [0.6889316417482658, 0.2141818696138005, 0.0030027830179555084, 0.021068146046160884, 0.06981277655586178, 0.0030027830179555084], [0.6979432918633286, 0.22345152859142844, 0.0030005550753939812, 0.020083168596868078, 0.05252090079758685, 0.0030005550753939812], [0.6989215567526035, 0.2244772868879402, 0.003000356551366449, 0.020413358134979052, 0.05018708512174438, 0.003000356551366449], [0.6908203333328811, 0.231173259454651, 0.0030013890879844306, 0.020790483392247348, 0.051213145644251896, 0.0030013890879844306], [0.7095052637436948, 0.21622549087510548, 0.0030001581099265893, 0.019918306343731738, 0.04835062281761492, 0.0030001581099265893], [0.7617457402846564, 0.18048575135224065, 0.0030215759966192414, 0.015080069669777913, 0.03664528670008643, 0.0030215759966192414], [0.7322566516877344, 0.1903771539643756, 0.003073085025819665, 0.016999331723844643, 0.05422069257240609, 0.003073085025819665], [0.6801867811171116, 0.25334640339514375, 0.0030080210579798575, 0.018314293093750093, 0.042136480278034974, 0.0030080210579798575], [0.6512619634753792, 0.28032838094783097, 0.003024757777495976, 0.018443957368365804, 0.04391618265343204, 0.003024757777495976], [0.6897259478289871, 0.12855467503104256, 0.1290359273543808, 0.016432197108221178, 0.03324287643849741, 0.0030083762388709474], [0.8689418000703993, 0.029331280027809055, 0.025378178335506107, 0.014286768644045059, 0.05255203500845706, 0.009509937913783349]], [[0.874531205512738, 0.027980452156552475, 0.01695724835610641, 0.008861925577461873, 0.06569484922612381, 0.005974319171017392], [0.8655552844626662, 0.06230432071553645, 0.049173478701998743, 0.00623802884415281, 0.01372552353644424, 0.0030033637392016524], [0.8325284285097652, 0.13872451272681235, 0.00301323391085265, 0.007166291838477488, 0.015554299103239695, 0.00301323391085265], [0.7942648581190502, 0.16826257651204457, 0.0030055296297289732, 0.009664735243505336, 0.021796770865941936, 0.0030055296297289732], [0.7416022866344528, 0.21550441780635113, 0.003019464911462266, 0.011107797503923466, 0.025746568232348215, 0.003019464911462266], [0.04844784045375151, 0.15276558075769672, 0.0030135311082477977, 0.009934731694296622, 0.7828247848777596, 0.0030135311082477977], [0.05772257098998494, 0.07910077048937274, 0.07189115855630943, 0.009656046942178365, 0.7786107099685053, 0.0030187430536492005], [0.7995037296759874, 0.0558332590912615, 0.0517272966877575, 0.029139642403441298, 0.047941640699161354, 0.01585443144239108], [0.04227641442802663, 0.09480238883203115, 0.06125220341609517, 0.009306151864226652, 0.7893613264121615, 0.003001515047458917], [0.0528507815556761, 0.1663642950147803, 0.0030256147953451984, 0.01194316244752247, 0.7627905313913308, 0.0030256147953451984], [0.06772513134345234, 0.22357937057505278, 0.0030240554576824313, 0.014784373713904344, 0.6878630134522257, 0.0030240554576824313], [0.09088747812779353, 0.24466650594509112, 0.003004270712205535, 0.020311018420139045, 0.6381264560825652, 0.003004270712205535], [0.7335944334224489, 0.2045394691063902, 0.0030050695555843537, 0.016267805030537038, 0.039588153329455124, 0.0030050695555843537], [0.10250522843707988, 0.194974041709905, 0.0030210176308954587, 0.02783209414205322, 0.668646600449171, 0.0030210176308954587], [0.10380661498971074, 0.1857558997943618, 0.0030097100128784774, 0.018198235087585626, 0.6862198301025849, 0.0030097100128784774], [0.7184782265909789, 0.200141886030292, 0.003003733737182796, 0.01926964715669982, 0.05610277274766386, 0.003003733737182796], [0.4196625031193553, 0.3189356269944846, 0.0030255567982502584, 0.027458954832044653, 0.22789180145761498, 0.0030255567982502584], [0.11286332437589347, 0.22068021066248628, 0.0030007021826043007, 0.020034102533832043, 0.6404209580625797, 0.0030007021826043007], [0.7053986123118674, 0.22381329213885376, 0.003005763209638397, 0.017430491344557125, 0.04734607778544498, 0.003005763209638397], [0.08359425132779869, 0.2017373109364117, 0.0030168082765185873, 0.01571325750384356, 0.6929215636789089, 0.0030168082765185873], [0.07493590257721397, 0.20044793704494063, 0.00304897834144242, 0.014873947670083586, 0.7036442560248769, 0.00304897834144242], [0.8035897879851304, 0.15424346610145928, 0.0030007053835096422, 0.011326538282902586, 0.024838796863488707, 0.0030007053835096422], [0.7961657493968282, 0.15544987968258514, 0.00300255497641422, 0.012122761989876859, 0.03025649897788139, 0.00300255497641422], [0.7477411862118383, 0.19577337153641597, 0.0030302231028587314, 0.01435451944504364, 0.036070476600984724, 0.0030302231028587314], [0.09077397151230082, 0.20646621303302978, 0.0030092986305003066, 0.017245497037551235, 0.6794957211561176, 0.0030092986305003066], [0.7132359956418474, 0.21703174732019961, 0.0030052964519349037, 0.01667903180922461, 0.04704263232485856, 0.0030052964519349037], [0.4211941339273992, 0.3428836268440313, 0.0030460224772126047, 0.026961410720324725, 0.20286878355381957, 0.0030460224772126047], [0.7173667803930475, 0.20634468491483107, 0.003009708884151033, 0.018071339582857605, 0.052197777340961794, 0.003009708884151033], [0.7183175683878333, 0.20156461056070232, 0.00300304311076496, 0.019142395160963478, 0.05496933966897103, 0.00300304311076496], [0.11800010729516787, 0.1949352696231785, 0.0030168655591223718, 0.017634200544552225, 0.6633966914188567, 0.0030168655591223718], [0.7753939264883922, 0.16606741111207604, 0.003014505986229567, 0.014345626852031425, 0.03816402357504125, 0.003014505986229567], [0.08648593397718009, 0.15489120711083712, 0.0030162820398117753, 0.014449988752558516, 0.7381403060798009, 0.0030162820398117753], [0.7436736557486175, 0.19017244255018978, 0.003008322838139984, 0.017196850051554212, 0.042940405973358534, 0.003008322838139984], [0.7959539535081959, 0.1379920522894807, 0.0030096117977734286, 0.0134462835313781, 0.0465884870753985, 0.0030096117977734286], [0.8033668165175946, 0.14332393241667093, 0.003015786315570861, 0.014108395690642853, 0.03316928274394992, 0.003015786315570861], [0.07681970609216336, 0.15601736838918598, 0.0030165862630325666, 0.01281881251812217, 0.7483109404744634, 0.0030165862630325666], [0.7473814648441409, 0.2003689988700154, 0.0030337379147985385, 0.014132851485114424, 0.03204920897113214, 0.0030337379147985385], [0.7133329407016971, 0.22760142250339777, 0.003004054333586207, 0.015070924284391942, 0.037986603843340856, 0.003004054333586207], [0.7615083598616552, 0.08857570988719482, 0.10865337673128485, 0.012480475282122679, 0.02574412723503174, 0.0030379510027107076], [0.8675396926387994, 0.02860956626330665, 0.01949648776396503, 0.011305798377478641, 0.0653453339181359, 0.007703121038314211]], [[0.8878552461693128, 0.026479279936971602, 0.019540654161418335, 0.01152217430706144, 0.04694488824948159, 0.007657757175754033], [0.8244910559459845, 0.07095999023276443, 0.07574405946410041, 0.00819614826433212, 0.017603134621327482, 0.00300561147149117], [0.7962540856009899, 0.16118973581050683, 0.0030270422081414613, 0.011335653702433258, 0.02516644046978722, 0.0030270422081414613], [0.7301626837162916, 0.2199644056394707, 0.0030112604720647167, 0.013543270083876298, 0.030307119616232007, 0.0030112604720647167], [0.7087030064239089, 0.23408651121083043, 0.003005806378494729, 0.015056521990127998, 0.03614234761814334, 0.003005806378494729], [0.6990596699409131, 0.24221435914575629, 0.003006640212477851, 0.015772154773854585, 0.03694053571452029, 0.003006640212477851], [0.07769037499455422, 0.23794827015905481, 0.003019399871464512, 0.016100135440730256, 0.6622224196627318, 0.003019399871464512], [0.05991166923859209, 0.0899044833273139, 0.07504808173421076, 0.013452043838591244, 0.7585614906110049, 0.0031222312502872523], [0.063485494792174, 0.16087044320994473, 0.0030244482222534556, 0.014236058645334568, 0.7553591069080399, 0.0030244482222534556], [0.0797229389173249, 0.22111523184912166, 0.0030116544807914144, 0.018069180522277316, 0.6750693397496933, 0.0030116544807914144], [0.08849588088651632, 0.25151586265633186, 0.003006539444231497, 0.019791968895190724, 0.6341832086734982, 0.003006539444231497], [0.6729376285151524, 0.25480842796757813, 0.0030001573532490284, 0.019697262376066085, 0.046556366434705496, 0.0030001573532490284], [0.10719181461941397, 0.24750823284883244, 0.0030012424619183875, 0.020644416065169476, 0.6186530515427474, 0.0030012424619183875], [0.10784980110381734, 0.21440527463663187, 0.003009624268229593, 0.019341035850771904, 0.6523846398723196, 0.003009624268229593], [0.7028059482513356, 0.2128580671185542, 0.0030087655916304756, 0.020090257016665152, 0.058228196430184204, 0.0030087655916304756], [0.6985164872156231, 0.21521046040990577, 0.003010781834477448, 0.020422111780069717, 0.05982937692544654, 0.003010781834477448], [0.12248895422858709, 0.22389634022454932, 0.0030099825026140645, 0.020921516248516552, 0.6266732242931189, 0.0030099825026140645], [0.7207194904906032, 0.20723021619960247, 0.003001275681211012, 0.01805690753450647, 0.04799083441286575, 0.003001275681211012], [0.7371859640096258, 0.20301858411409285, 0.0030221798036767595, 0.015699666742026473, 0.03805142552690136, 0.0030221798036767595], [0.8288579493848441, 0.1273763804601041, 0.0030024855587252497, 0.011629723742613667, 0.026130975294987577, 0.0030024855587252497], [0.05243342345384694, 0.12552261994818678, 0.0030007222175831975, 0.009942779346012875, 0.806099732816787, 0.0030007222175831975], [0.04299661263187407, 0.11066392214980292, 0.0030052205782301594, 0.00837855224028535, 0.8319504718215773, 0.0030052205782301594], [0.04021727314199778, 0.12567406374130682, 0.003013073899464085, 0.008613772071747565, 0.8194687432460197, 0.003013073899464085], [0.8239046813447846, 0.13319201988097137, 0.0030048226619406233, 0.010924713703508619, 0.02596893974685419, 0.0030048226619406233], [0.7704813848712636, 0.17926358635490536, 0.003026024985891836, 0.012474132980074427, 0.03172884582197284, 0.003026024985891836], [0.74847941142168, 0.19109613364959085, 0.003006851731107228, 0.015360080002757565, 0.03905067146375709, 0.003006851731107228], [0.7199993010853654, 0.1965707464040903, 0.00300913127659097, 0.017460335314418363, 0.05995135464294399, 0.00300913127659097], [0.7314458651432205, 0.19395337224821216, 0.003002756166372779, 0.018324963551089285, 0.050270286724732535, 0.003002756166372779], [0.7298128011366837, 0.18743966277632343, 0.0030087812415840807, 0.018948225125541278, 0.05778174847828338, 0.0030087812415840807], [0.11565045842827298, 0.18586371279175168, 0.003013223730635412, 0.018255274759289675, 0.674204106559415, 0.003013223730635412], [0.813118440666195, 0.13167551432916635, 0.0030105991961120715, 0.013885660640127206, 0.035299185972287477, 0.0030105991961120715], [0.8045370327353774, 0.14371557474545638, 0.0030030237498840672, 0.01345010333375599, 0.03229124168564228, 0.0030030237498840672], [0.8124140641476798, 0.13719375426420052, 0.0030026768208509034, 0.013037735739411187, 0.031349092207006754, 0.0030026768208509034], [0.8358013476460925, 0.1185108591849753, 0.0030007294446368123, 0.012105242477558762, 0.027581091802099923, 0.0030007294446368123], [0.8228188564748675, 0.12657844942764546, 0.003004811780209851, 0.013205161580322743, 0.03138790895674475, 0.003004811780209851], [0.8068356101071008, 0.14166537245705926, 0.003013169439128541, 0.014055407798325665, 0.031417270759256995, 0.003013169439128541], [0.05673759266275265, 0.16126215164765356, 0.0030012797327258612, 0.01224509646664413, 0.7637525997574979, 0.0030012797327258612], [0.7754444881674193, 0.17591281465618983, 0.0030110659941194324, 0.012243879770081723, 0.030376685418070464, 0.0030110659941194324], [0.819910693469536, 0.07888623526599041, 0.0672294500713951, 0.010165673410606424, 0.020792150694546645, 0.0030157970879253902], [0.8760948279175013, 0.025906869627378922, 0.02036922440999799, 0.011732047519762069, 0.057689876052052856, 0.008207154473306773]], [[0.8682392649846848, 0.02687921553490775, 0.021632786638142058, 0.011762887150762942, 0.06324083881168986, 0.008245006879812559], [0.821687207723651, 0.07403664392002104, 0.07040820955888819, 0.009724145394984491, 0.021130103510463117, 0.003013689891992336], [0.08281893385993752, 0.224566226025205, 0.003010450758507177, 0.014660927167479068, 0.671933011430364, 0.003010450758507177], [0.6927557962876212, 0.2445650202633652, 0.0030031680204766643, 0.017194157481619232, 0.039478689926441136, 0.0030031680204766643], [0.6889299363041698, 0.24403740791495943, 0.0030043117865243114, 0.018064261054306568, 0.04295977115351564, 0.0030043117865243114], [0.08891382936614318, 0.24782186871895592, 0.0030055581489385383, 0.01908110394082635, 0.6381720816761974, 0.0030055581489385383], [0.6823953400325944, 0.24542803284555406, 0.003000410613606246, 0.019264379079337667, 0.04691142681530151, 0.003000410613606246], [0.7137415777691265, 0.20897633785495787, 0.0030011802723689737, 0.018230105111652975, 0.053049618719524745, 0.0030011802723689737], [0.7121127649610659, 0.2107211170051685, 0.003000743982014447, 0.019715856632494446, 0.0514487734372423, 0.003000743982014447], [0.694582140618161, 0.23042867830984404, 0.0030009812619184147, 0.020689401576049465, 0.048297816972108706, 0.0030009812619184147], [0.6857363645338529, 0.23366975246827054, 0.0030025430046354794, 0.021479873356463317, 0.05310892363214231, 0.0030025430046354794], [0.3788570837374581, 0.38620542214911313, 0.0030015569502509286, 0.032365666310922914, 0.19656871390200412, 0.0030015569502509286], [0.12425346263380653, 0.22993098942873552, 0.003004314616692982, 0.022145282703354845, 0.6176616360007171, 0.003004314616692982], [0.6705126538218718, 0.23786680053502565, 0.003008014236358345, 0.022176104208501204, 0.06342841296188473, 0.003008014236358345], [0.6557704461436071, 0.25010984736100955, 0.00301226424257197, 0.022796205544186533, 0.06529897246605304, 0.00301226424257197], [0.4491295174612598, 0.3161236541008967, 0.003027307815600485, 0.028063108617784317, 0.2006291041888583, 0.003027307815600485], [0.6876716504764752, 0.21781339450456966, 0.0030024428171393194, 0.01940933760743427, 0.06910073177724241, 0.0030024428171393194], [0.7444773040107191, 0.1915734330505607, 0.0030086459997524656, 0.016650715412256174, 0.04128125552695921, 0.0030086459997524656], [0.07791434365421057, 0.17789993692007108, 0.0030385429372496962, 0.014811470631744332, 0.7232971629194745, 0.0030385429372496962], [0.8266785688514825, 0.13428921359608442, 0.003001565294037285, 0.010369278387898577, 0.022659808576460043, 0.003001565294037285], [0.8605229300071069, 0.1039221732250044, 0.003002703658033538, 0.009169815545820994, 0.02037967390600066, 0.003002703658033538], [0.8754428374825888, 0.09392819658243529, 0.0030098184607415613, 0.007641529818342697, 0.01696779919515017, 0.0030098184607415613], [0.8690785310227115, 0.10169907281082576, 0.0030079687087615557, 0.007376795766251265, 0.015829662982688564, 0.0030079687087615557], [0.8612760569936756, 0.10778444929367627, 0.0030049906116698085, 0.007981229110286045, 0.016948283379022485, 0.0030049906116698085], [0.810403229203697, 0.1493184342373653, 0.0030002364853172502, 0.010211447437763496, 0.02406641615053974, 0.0030002364853172502], [0.7625135863365599, 0.1857258035451998, 0.0030350642801373036, 0.013234187134849817, 0.032456294423115956, 0.0030350642801373036], [0.0964651342758293, 0.20245818174916022, 0.003020007024907046, 0.0171751