{"prediction": [[[0.9124149659877621, 0.01762197168212342, 0.011699880187596209, 0.006745509943862966, 0.04731206507121513, 0.004205607127440347], [0.8723725791385369, 0.030168600512135175, 0.0254460118990014, 0.012051044441921241, 0.05210470267003801, 0.007857061338367161], [0.862238072058852, 0.03127152134695262, 0.02162869787817924, 0.01091363487014488, 0.0675719668105626, 0.006376107035308785], [0.8678284610323912, 0.03136326452019862, 0.028136877326690287, 0.012885612026678893, 0.05266972925723377, 0.00711605583680723], [0.8802172467991238, 0.028277343407969686, 0.021301765029003994, 0.010548913993679758, 0.053678974182999065, 0.005975756587223745], [0.874052984285327, 0.03226224222277608, 0.022412785524583083, 0.012055952732435286, 0.051960874630330105, 0.0072551606045485224], [0.8678926186975264, 0.03213278349698855, 0.026422196699102157, 0.01086977983546809, 0.05638357265155395, 0.0062990486193608775], [0.8823247965949584, 0.02669068711335096, 0.021602832298648806, 0.009094998124008463, 0.05501868757187409, 0.005267998297159154], [0.8982043875763372, 0.021127212853245037, 0.016807475810934416, 0.007504260502052489, 0.05140824095038688, 0.004948422307043901], [0.8755863567588495, 0.02813356589445759, 0.017736548607884192, 0.009039605473203574, 0.06339379736931766, 0.006110125896287506], [0.8841928606123493, 0.026409569949977705, 0.015702630097210676, 0.008480426742606378, 0.05981553201874917, 0.0053989805791069805], [0.8725397217633493, 0.03093785168480124, 0.02083368085943435, 0.010934690425093442, 0.058200716712509724, 0.006553338554812025], [0.8943672581839877, 0.024686935541546412, 0.015512710804840884, 0.008414486453882465, 0.05167078452009836, 0.005347824495644353], [0.8749275583000722, 0.03088796591134887, 0.019601164053880325, 0.01199188466004735, 0.05459521347078586, 0.007996213603865321], [0.8719788159053788, 0.03157863535840109, 0.02184135187964014, 0.0151446390530314, 0.050504630531871764, 0.008951927271676789], [0.8756033071020773, 0.02666500363861048, 0.021452571569712798, 0.012726413431959236, 0.05516644600007912, 0.008386258257560978], [0.8711428692533807, 0.030991015486259654, 0.02388270480693753, 0.016796506725231027, 0.04622941196527364, 0.010957491762917559], [0.8647551316466312, 0.03120721969840973, 0.024088842143899447, 0.016251122149706178, 0.05313888244793898, 0.010558801913414607], [0.8617441121727176, 0.033162300783081605, 0.026561337787876213, 0.016527520314413843, 0.05178948028994386, 0.010215248651966918], [0.859070300383171, 0.03601762897801587, 0.026582770109039474, 0.01894672322780476, 0.04815431724083948, 0.011228260061129413], [0.8589117099044671, 0.03883813204207928, 0.028925418111330595, 0.01945870496957652, 0.042432274097790955, 0.011433760874755517], [0.8587794634480653, 0.03485368678873051, 0.0304002914765697, 0.018815519871934357, 0.04566969329766847, 0.0114813451170315], [0.8469824443331277, 0.04078813369990683, 0.028768691680713915, 0.019775718492742556, 0.05214693656361956, 0.011538075229889345], [0.8584385696281657, 0.03582166215119602, 0.024808762781226797, 0.01999372010184402, 0.04873405436795066, 0.012203230969616966], [0.8568445673947145, 0.034664259730112286, 0.0245696914104752, 0.017242387464590617, 0.05602123812693443, 0.01065785587317283], [0.852999738224494, 0.034243867406169276, 0.02424250002418143, 0.018367368612951834, 0.05872847807558169, 0.011418047656621784], [0.8594546345364172, 0.0350361082950125, 0.023239897823139444, 0.01651135710588937, 0.05567053643277894, 0.010087465806762596], [0.8623936349938319, 0.03277037871024059, 0.023498655405432778, 0.01701629815436916, 0.054218598924719426, 0.010102433811406287], [0.8735732067321127, 0.0274441430211459, 0.022863012021999075, 0.012450729408076644, 0.05572378668384543, 0.007945122132820245], [0.8706442486085447, 0.027300576999219353, 0.017550811380651076, 0.010819639199174842, 0.06694732015637236, 0.006737403656037576], [0.8706958551412409, 0.026702130754661567, 0.019945818262748098, 0.01025111132886852, 0.06592035625820179, 0.006484728254279167], [0.8784919437829011, 0.02303031646564302, 0.01876395399170598, 0.011259613889774417, 0.06080086847189163, 0.0076533033980839575], [0.8720986163263749, 0.028047498275724538, 0.021595344655154152, 0.014475782796467468, 0.05412075922290359, 0.009661998723375472], [0.86496158673189, 0.030041177574933922, 0.023302632275562497, 0.015831737026096065, 0.05575458301449432, 0.01010828337702312], [0.8607202482152043, 0.031823023928846506, 0.025425788032454596, 0.016656546252016565, 0.054719202821470074, 0.010655190750007816], [0.8641501024573415, 0.03088734967914481, 0.025793081860471405, 0.017514548150447215, 0.04987473909680002, 0.01178017875579527], [0.861551665771389, 0.03128124568113498, 0.026864838893898745, 0.015760550867406523, 0.05478938345697173, 0.009752315329198858], [0.8567781064136752, 0.03228887760138261, 0.02801344136738299, 0.016626031067437028, 0.055873179990527794, 0.010420363559594265], [0.8628886644036354, 0.033105918997848253, 0.032251523985678335, 0.016135587521354924, 0.0458729428717717, 0.009745362219711475], [0.8891886295384525, 0.021682489477884235, 0.019444896055916663, 0.010757039229283017, 0.0526011753312467, 0.006325770367216932]], [[0.8437387176814733, 0.038450579012217045, 0.03245716009069702, 0.015725604802627895, 0.059875481324083095, 0.009752457088901718], [0.9167095721565369, 0.045631995824545926, 0.024579710868284456, 0.0034750766143091193, 0.006579465475764229, 0.003024179060559337], [0.8822460352697232, 0.055726926245307055, 0.04291048995775308, 0.005100973194268536, 0.011006785159130528, 0.00300879017381759], [0.904651075126274, 0.05680345491114247, 0.026731962128868546, 0.0030074958362414418, 0.005798516161232189, 0.0030074958362414418], [0.011810952712408248, 0.03373137727542575, 0.021132054301335107, 0.0031121890584405445, 0.9272036859997995, 0.0030097406525908337], [0.9293467851858264, 0.03736878945062433, 0.02283895049726043, 0.0030096733129192405, 0.004426128240450233, 0.0030096733129192405], [0.9297228482397053, 0.03956761464361623, 0.019251175772096424, 0.003009879896485548, 0.005438601551610818, 0.003009879896485548], [0.8461231669922631, 0.046607475612464706, 0.03577368436119264, 0.015459301556830339, 0.046996594677352344, 0.009039776799896837], [0.8356371604224592, 0.04612647304127957, 0.03225558492496383, 0.01536139138202819, 0.061082167983112674, 0.009537222246156626], [0.9380495839239743, 0.034956008794614454, 0.015437343696198567, 0.0030043400961321806, 0.0055483833929483636, 0.0030043400961321806], [0.9415874749342553, 0.031609840820134585, 0.015884748105123435, 0.0030017890759675894, 0.004914357988551511, 0.0030017890759675894], [0.9414657341573702, 0.03153406301348127, 0.016429827944736557, 0.0030017660491814075, 0.004566842786049094, 0.0030017660491814075], [0.8769471573698927, 0.056879877699422564, 0.04396139813244518, 0.005891279871132575, 0.013314877417555607, 0.0030054095095512004], [0.8498396122287876, 0.06279973435515923, 0.06064390207402852, 0.007546844477098842, 0.01616711777508813, 0.003002789089837497], [0.043085198921195285, 0.07235307329863065, 0.06048727993734143, 0.008380897253123763, 0.8126862729195489, 0.0030072776701600096], [0.7588066931716688, 0.09334381226826105, 0.10065493834347483, 0.013214530512023653, 0.030969475393994476, 0.00301055031057709], [0.725148819708443, 0.09851005257516326, 0.12480851469870032, 0.014518150988845274, 0.03400422244094186, 0.0030102395879063656], [0.07867732802735204, 0.10780167158370335, 0.1210940058421923, 0.015338923545562063, 0.6740860688716309, 0.0030020021295594354], [0.08405881594703471, 0.11949358645073498, 0.13117834190265015, 0.01796393909350014, 0.6439105244879432, 0.0033947921181368195], [0.08649970518695609, 0.13983528637521386, 0.1563611955315498, 0.018945796309384824, 0.5950039539585384, 0.003354062638357126], [0.08398423987324312, 0.11834588155833073, 0.1617651480556738, 0.017834919083524817, 0.6150574524858845, 0.0030123589433431845], [0.6609302769439821, 0.11549051440730042, 0.16055448069228334, 0.017854733845774805, 0.04214913318237734, 0.0030208609282819953], [0.09367570916967076, 0.11783155808100865, 0.14970115675293996, 0.01918397941284593, 0.6160753210398393, 0.0035322755436953675], [0.7029886565322061, 0.11476122676186648, 0.12398461524601595, 0.016824029539999587, 0.03844008038358075, 0.003001391536331131], [0.7590765183117556, 0.08507524816119112, 0.10560555432966917, 0.014067092936341221, 0.03313288163922996, 0.003042704621812852], [0.7179666305379026, 0.1133364833714957, 0.11460627148570691, 0.015950358240109378, 0.035138566625764436, 0.003001689739021101], [0.7024859579259602, 0.09790679559145195, 0.14478718466627682, 0.015236110071660706, 0.03658348176297735, 0.0030004699816729434], [0.07721683510497206, 0.13093984382373214, 0.1348727374440435, 0.015885153008040314, 0.6380835918033358, 0.0030018388158760375], [0.8030134102596437, 0.06812195658153372, 0.07757978248535324, 0.009758703068208181, 0.03850883008885202, 0.003017317516409245], [0.8364400596720369, 0.06777906028922542, 0.06441123436531412, 0.008313208163845003, 0.020051481371128888, 0.003004956138449646], [0.8672245452214932, 0.06317276094133666, 0.04043197038823764, 0.007298288780903787, 0.018867117466798863, 0.0030053172012299953], [0.8151033101178292, 0.04366140173945033, 0.03936501884198679, 0.01830679590938449, 0.07193872903423158, 0.011624744357117583], [0.8559283012277675, 0.06527202753373139, 0.04910390064408424, 0.008303776224040901, 0.018390077427493125, 0.00300191694288289], [0.8387248039043955, 0.0688577165769235, 0.0620096861455607, 0.008681313732467959, 0.018722192851085406, 0.0030042867895669297], [0.04925320570322377, 0.08540708929673457, 0.07290237189937729, 0.010744762507061849, 0.778665389233872, 0.003027181359730541], [0.6933297217155999, 0.1114963644407368, 0.1402101575699065, 0.015733552075023385, 0.036228205923384285, 0.0030019982753491854], [0.6986290240751193, 0.10424037152490923, 0.14457986825841104, 0.015047984805619249, 0.03450138969984301, 0.003001361636098169], [0.7280903346701127, 0.11429681356413833, 0.11610348932215665, 0.01285628336536427, 0.025646604522966045, 0.0030064745552620216], [0.814299394390685, 0.07746380599156036, 0.07383355653343467, 0.00932969382401603, 0.022054556744720503, 0.0030189925155835406], [0.8495944276378132, 0.03637448658209434, 0.03113191936215239, 0.017189867445963285, 0.05569325482052442, 0.010016044151452269]], [[0.8575519907673893, 0.03828920377253666, 0.02836982082704544, 0.015568057513122567, 0.05136350714473087, 0.008857419975175291], [0.030448872365830867, 0.06546898584963058, 0.05100827377795361, 0.00612525919270621, 0.843943915831941, 0.003004692981937804], [0.8527160825323339, 0.12092471751854236, 0.003009006708147559, 0.006349624355749644, 0.013991562177079045, 0.003009006708147559], [0.03162169715495172, 0.11852626922184464, 0.0030145704206987504, 0.0068259378792054825, 0.8369969549026006, 0.0030145704206987504], [0.012821215548937842, 0.07037843763230106, 0.003016569107337854, 0.003311280074504169, 0.9074559285295812, 0.003016569107337854], [0.8967206223728196, 0.08741791131474735, 0.003003141474364538, 0.0033767687903744387, 0.0064784145733297, 0.003003141474364538], [0.8712897184034945, 0.059102384007911714, 0.04885200461766072, 0.005747707400531927, 0.01200359810490623, 0.003004587465495074], [0.8163998470146461, 0.05364535839213087, 0.040880240045043176, 0.023237571311258958, 0.052123033682904794, 0.013713949554016112], [0.8201281703748162, 0.04839348361955792, 0.03637969163219294, 0.0205987964218801, 0.06104121896477265, 0.013458638986780255], [0.8235140335821103, 0.04929420178623076, 0.031402211819701195, 0.016336567437643723, 0.06935068215163422, 0.010102303222679965], [0.9255967176089781, 0.034426803361846205, 0.02076687710611659, 0.0030239600245812004, 0.013161681873896727, 0.0030239600245812004], [0.8852822259233643, 0.09063821213010907, 0.0030183764517524854, 0.005353574534221545, 0.012689234508800093, 0.0030183764517524854], [0.8655905763041875, 0.10632622582556077, 0.003007677822694241, 0.006278013638158703, 0.01578982858670456, 0.003007677822694241], [0.8167203437144728, 0.14367436364804212, 0.0030134087209757934, 0.009819844655131141, 0.02375863054040239, 0.0030134087209757934], [0.7284054024515265, 0.2139462917986851, 0.003003659228187984, 0.01522811865404606, 0.03641286863936634, 0.003003659228187984], [0.09384700737621747, 0.2522713360800018, 0.0030033062314682142, 0.018875480271283135, 0.6289995638095613, 0.0030033062314682142], [0.6933157129583806, 0.23283780616913918, 0.0030009915495891456, 0.01881780087491329, 0.04902669689838879, 0.0030009915495891456], [0.6694418793126792, 0.25212030424742854, 0.0030077033099460467, 0.020216982269024495, 0.052205427550975805, 0.0030077033099460467], [0.668015441552182, 0.2575239143109213, 0.0030094084949582605, 0.019511723098219615, 0.04893010404876059, 0.0030094084949582605], [0.6565567621302603, 0.26354308430894885, 0.0030142484480232493, 0.02148530445624419, 0.05238635220850017, 0.0030142484480232493], [0.11568169864440744, 0.2916315702307558, 0.0030325133319305825, 0.02556951222470599, 0.5610521922362695, 0.0030325133319305825], [0.3727635247718948, 0.4197244282329197, 0.0030006073353117187, 0.031752680697597804, 0.1697581516269642, 0.0030006073353117187], [0.6528113341029093, 0.27029353147008356, 0.0030023309457448337, 0.020080461056682156, 0.0508100114788354, 0.0030023309457448337], [0.6659562362729946, 0.2558821578385143, 0.0030004651277069686, 0.020207019996964507, 0.05195365563611252, 0.0030004651277069686], [0.10487952817776952, 0.2435993808633934, 0.0030012718099310855, 0.01940191575883052, 0.6261166315801445, 0.0030012718099310855], [0.632417532691508, 0.28944648019156355, 0.003002242870922557, 0.020221327716341705, 0.05191017365874177, 0.003002242870922557], [0.6491856078206683, 0.27590969764290607, 0.0030276019631002384, 0.019719235915752534, 0.04913025469447269, 0.0030276019631002384], [0.6591473160807806, 0.12215001135942104, 0.16118339460995176, 0.016499108713392257, 0.037999086273501056, 0.003021082962953374], [0.6893483000296327, 0.24930592151651998, 0.003007459701395294, 0.016859316173086773, 0.03847154287797005, 0.003007459701395294], [0.800602856671771, 0.07635139327910014, 0.07952244780110303, 0.01193595582096512, 0.02855542185977378, 0.0030319245672871106], [0.807535505812386, 0.047492841558403644, 0.04468776023450207, 0.028054486572945306, 0.05262034926145918, 0.019609056560303862], [0.04519887919007759, 0.06368514499306914, 0.049178900516451386, 0.007919488421452854, 0.8310155871403765, 0.00300199973857249], [0.051582216549953055, 0.12242706776952769, 0.0030005235782767873, 0.009742381137694812, 0.8102472873862709, 0.0030005235782767873], [0.7991161267812182, 0.15497722132031388, 0.003020584658156113, 0.011380259987927377, 0.028485222594228272, 0.003020584658156113], [0.6867647230203311, 0.2517987043207876, 0.0030081657702267835, 0.01612963991811952, 0.039290601200308195, 0.0030081657702267835], [0.08190258628065687, 0.27593471344197035, 0.003018658073873469, 0.01697683774754556, 0.6191485463820803, 0.003018658073873469], [0.6572789046127945, 0.2768843037201917, 0.0030212871005578716, 0.018089719373225982, 0.04170449809267223, 0.0030212871005578716], [0.07551764020994044, 0.27957501276059904, 0.0030141162754574154, 0.0152253925989331, 0.6236537218796127, 0.0030141162754574154], [0.7134661212425225, 0.11656173915844939, 0.12520025344293148, 0.013873392870756878, 0.027893808168587598, 0.003004685116752302], [0.8629672862239771, 0.03233316631717031, 0.03127143227188606, 0.015110220722713641, 0.04947750748786685, 0.008840386976386047]], [[0.8611106968702391, 0.03623513538085087, 0.02718669970696341, 0.016163162072523204, 0.04948069179937785, 0.009823614170045528], [0.8050596795520958, 0.08152726850442465, 0.07283279941120996, 0.018953928793415842, 0.018593691643115758, 0.0030326320957378074], [0.7939734650573771, 0.16298375904701937, 0.0030278366964927327, 0.011235535644266574, 0.02575156685835159, 0.0030278366964927327], [0.8207757710319458, 0.14443673445592778, 0.003012295246038429, 0.009320925132959066, 0.019441978887090653, 0.003012295246038429], [0.038916749456760595, 0.13308861851715692, 0.003007931248510958, 0.008665064647950525, 0.81331370488111, 0.003007931248510958], [0.8554682699151639, 0.11621869352072375, 0.003006607849776576, 0.007219514045728009, 0.015080306818831248, 0.003006607849776576], [0.8326895299733971, 0.13668765478454065, 0.0030055584341857214, 0.008124933466955689, 0.016486764906735042, 0.0030055584341857214], [0.8207293124498659, 0.07114786177128499, 0.07402924707862843, 0.00945139444240212, 0.02162805474247542, 0.0030141295153431214], [0.8153780933558712, 0.08902603294256056, 0.06374319960299707, 0.008982175094502871, 0.01986846160555088, 0.003002037398517525], [0.8334856715595217, 0.04571602598045667, 0.040773437195934265, 0.02456683575461912, 0.03936722424401987, 0.016090805265448347], [0.8780909861027564, 0.06013293779332526, 0.03783964356194444, 0.006247338493197625, 0.014680816082249129, 0.003008277966527182], [0.8585001014483173, 0.11173167352028178, 0.0030053747718998573, 0.006920078031759618, 0.01683739745584156, 0.0030053747718998573], [0.04712638121273573, 0.13227800902581932, 0.003003469653095357, 0.008976959529823263, 0.8056117109254309, 0.003003469653095357], [0.0777234029058269, 0.21743240736668965, 0.003021935172220739, 0.015737752043301738, 0.6830625673397402, 0.003021935172220739], [0.10081758214001264, 0.22833358397277037, 0.003000334853824161, 0.019800760646565187, 0.6450474035330036, 0.003000334853824161], [0.10705468391248553, 0.2374314423795405, 0.0030003897379053206, 0.019788005068236587, 0.6297250891639268, 0.0030003897379053206], [0.4024888373510034, 0.37736499164643056, 0.0030091371773219976, 0.02862181279291072, 0.18550608385501136, 0.0030091371773219976], [0.6662315441756437, 0.24482888662419452, 0.0030096306235500997, 0.022037319787076622, 0.0608829881659851, 0.0030096306235500997], [0.6754060449745266, 0.2387428855329087, 0.003005839939352987, 0.02102039066090542, 0.05881899895295334, 0.003005839939352987], [0.40987795453079995, 0.35588715101480684, 0.0030071699934037374, 0.028604919799303418, 0.19961563466828228, 0.0030071699934037374], [0.6556684537395142, 0.26007993360561943, 0.003014085019827739, 0.0218587595527133, 0.0563646830624976, 0.003014085019827739], [0.6564209067722291, 0.2610981792396567, 0.003013836527472536, 0.021831820506279947, 0.054621420426889056, 0.003013836527472536], [0.13410057730322783, 0.24870179148956523, 0.0030033778284523655, 0.022982282561985177, 0.5882085929883171, 0.0030033778284523655], [0.6741898807876452, 0.24788313843932533, 0.003000367369563851, 0.019565275830782665, 0.05236097020311908, 0.003000367369563851], [0.6599207889630093, 0.24453291434693708, 0.003013000139134513, 0.0321558177995748, 0.05736447861220981, 0.003013000139134513], [0.6528607476269352, 0.26844002683356655, 0.0030052348350806156, 0.01894139757303962, 0.05374735829629736, 0.0030052348350806156], [0.395374623230715, 0.122125419226822, 0.25157013919797333, 0.025515771850518298, 0.2016685008128728, 0.00374554568109849], [0.7619387765443852, 0.06846193302596366, 0.07193229260102513, 0.030476022982622707, 0.05277686550258725, 0.014414109343416154], [0.09912927446671206, 0.12660599694139338, 0.13635551750974104, 0.018505954920739944, 0.6161948860946057, 0.003208370066807947], [0.791642899050356, 0.05534691554062755, 0.05319982009309465, 0.030678513731895275, 0.05001634891252123, 0.01911550267150528], [0.7983744079061009, 0.049279735818679775, 0.04091299206022734, 0.031248946650650908, 0.05812392690753104, 0.022059990656809875], [0.05684347463935972, 0.06602173372941664, 0.06526987598200037, 0.009508067505640032, 0.7993439726995029, 0.0030128754440804815], [0.815571465786328, 0.1342629023591284, 0.003007798949034815, 0.012236337484849891, 0.031913696471624155, 0.003007798949034815], [0.08938328992018166, 0.23990414315119177, 0.0030088400066908745, 0.017753695613038533, 0.6469411913022063, 0.0030088400066908745], [0.6598538304286838, 0.27715457109748093, 0.0030050014552335234, 0.01686730935216228, 0.0401142862112058, 0.0030050014552335234], [0.11394958888034844, 0.2976937772674121, 0.0030319035013789144, 0.0205041175060115, 0.5617887093434701, 0.0030319035013789144], [0.3528600935058713, 0.41445794421503834, 0.003003200593612823, 0.02827345231832575, 0.1984021087735391, 0.003003200593612823], [0.6399589487228909, 0.2937789218255881, 0.0030105527464059046, 0.017874821795917237, 0.04236620216279189, 0.0030105527464059046], [0.688479754569555, 0.10703232076713068, 0.1524128381621576, 0.014972137023441957, 0.034102441485141265, 0.0030005079925735914], [0.8551333103370156, 0.0360136717440328, 0.027066949431721988, 0.017017534988550975, 0.05471030464936084, 0.01005822884931788]], [[0.859364477281117, 0.03413792489096282, 0.02924959253178771, 0.01558731010905248, 0.052229244593418794, 0.009431450593661342], [0.7818416045788457, 0.08677855803036423, 0.0929788421563654, 0.011501568512337848, 0.023842613680243218, 0.003056813041843614], [0.07546847395471601, 0.23751443464441424, 0.003013264345768467, 0.016310791447116262, 0.6646797712622167, 0.003013264345768467], [0.7728998836620169, 0.17302470997613167, 0.0030503749628264664, 0.02152440523977804, 0.02645025119642038, 0.0030503749628264664], [0.04891141699400452, 0.13775396700546638, 0.003004400896217087, 0.01039154647990759, 0.7969342677281873, 0.003004400896217087], [0.816554660235258, 0.1468644689282156, 0.0030010163154228363, 0.009472914941230063, 0.021105923264450457, 0.0030010163154228363], [0.05017929901342178, 0.13026221243733319, 0.003001959272963312, 0.009673122545519485, 0.8038814474577989, 0.003001959272963312], [0.7511122208091708, 0.20424795038387483, 0.0030353757004007308, 0.011239049161095192, 0.02733002824505784, 0.0030353757004007308], [0.052276371204425645, 0.14286376890061053, 0.003006311357635932, 0.010725515665320606, 0.7881217215143713, 0.003006311357635932], [0.8335650867156851, 0.07261987145269057, 0.060767381976807956, 0.009190602206362034, 0.020850383717315138, 0.0030066739311392404], [0.8305484903730883, 0.04950252474752453, 0.02552715292433513, 0.027989101374523876, 0.04753694197705774, 0.018895788603470274], [0.859358023926467, 0.06488658179396235, 0.04743277995969185, 0.007513679165940261, 0.017806557403557875, 0.003002377750380677], [0.8247843212599141, 0.13324690546125567, 0.0030046217069306836, 0.01043984970097933, 0.025519680163989516, 0.0030046217069306836], [0.7705626269525342, 0.17743564390774655, 0.0030178402769994316, 0.013065194683043641, 0.032900853902676754, 0.0030178402769994316], [0.09830573631604723, 0.24433261252604285, 0.003001037171739871, 0.019117870397722534, 0.6322417064167077, 0.003001037171739871], [0.6820716082334494, 0.23487615442381005, 0.003003504932334842, 0.020808189590589995, 0.056237037887481, 0.003003504932334842], [0.6680022397568306, 0.22723691287134112, 0.003000983902412336, 0.021616805620353195, 0.07714207394665046, 0.003000983902412336], [0.6899065337902565, 0.22730367900128184, 0.003002104941177321, 0.020401574797177274, 0.05638400252892981, 0.003002104941177321], [0.6894260535916039, 0.22608329909548006, 0.0030026292780410265, 0.020908345022370173, 0.05757704373446382, 0.0030026292780410265], [0.6811277699778395, 0.22870303935075942, 0.0030068702350917217, 0.01983519329754579, 0.06432025690367166, 0.0030068702350917217], [0.12072262546215372, 0.2571507816098526, 0.003003345975417406, 0.02374802960811848, 0.5923718713690402, 0.003003345975417406], [0.6881990895043133, 0.22899888646007613, 0.0030023252499251805, 0.020577775903425237, 0.05621959763233496, 0.0030023252499251805], [0.6983711331785151, 0.22168510405845518, 0.003000739005938364, 0.020369328583047804, 0.05357295616810524, 0.003000739005938364], [0.7689236758516523, 0.16609941120612196, 0.003050759262150138, 0.016858522641176037, 0.04201687177674935, 0.003050759262150138], [0.6972448326857397, 0.22643498717432323, 0.0030003868445618908, 0.019722032136552377, 0.05059737431426095, 0.0030003868445618908], [0.6665141020229006, 0.25994742573330987, 0.003001692772480209, 0.019558375840712995, 0.047976710858116244, 0.003001692772480209], [0.6409743003729281, 0.11310107944184455, 0.18384243906237993, 0.016168165611245715, 0.04291051843031161, 0.0030034970812901126], [0.7834826137480185, 0.058748438319420566, 0.054181762301220585, 0.03284959336893871, 0.05160198090391138, 0.019135611358490342], [0.7809697815311729, 0.05824561968223443, 0.05336537766471178, 0.034461094879616225, 0.052214135984553274, 0.020743990257711443], [0.7987003352037908, 0.05030404923371152, 0.04581792255578185, 0.03142464571627857, 0.05236212855073445, 0.021390918739702683], [0.8247341000956065, 0.042524138325865324, 0.03865688943833928, 0.027458150042171135, 0.046587780283305846, 0.020038941814711726], [0.83606721183977, 0.06669263376654862, 0.05540584036724631, 0.0105039208357583, 0.028321421740930112, 0.0030089714497468154], [0.07447145405713389, 0.13775582884808998, 0.0030139455397444385, 0.012305531041693603, 0.7694392949735936, 0.0030139455397444385], [0.7054181878825974, 0.23050220962245552, 0.003005346859965103, 0.016308714774445017, 0.041760194000571814, 0.003005346859965103], [0.6658371819781073, 0.2649823408824808, 0.0030131029543294533, 0.01819730704573836, 0.04495696418501467, 0.0030131029543294533], [0.10108736473713818, 0.29427420600182436, 0.0030278299989268476, 0.02133111133869854, 0.5772516579244853, 0.0030278299989268476], [0.635902133334504, 0.29036394886887273, 0.0030329782382324307, 0.02030116456783145, 0.047366796752326926, 0.0030329782382324307], [0.6658694798351051, 0.2658831629036513, 0.0030136724503379004, 0.017994572755412323, 0.044225439605155514, 0.0030136724503379004], [0.6865374206983755, 0.12823766499551995, 0.12597178029184364, 0.01663333658083089, 0.0396186642343621, 0.0030011331990679297], [0.8506787199816557, 0.03546477102414702, 0.026759004937952493, 0.017618063629375496, 0.05823066635142621, 0.011248774075443271]], [[0.8383867699720756, 0.0427170414967919, 0.03332892258139417, 0.022454592746253516, 0.05033250774831261, 0.012780165455172045], [0.6577288629215414, 0.12405912071631837, 0.1626964292823309, 0.0175118392214201, 0.03499776229010585, 0.0030059855682834377], [0.6453532384148617, 0.29190347230304653, 0.003034381295472231, 0.018171522520702213, 0.038503004170445214, 0.003034381295472231], [0.07740008133075396, 0.24439818654503112, 0.0030115183719840984, 0.01781094864618626, 0.6543677467340605, 0.0030115183719840984], [0.06673457032369962, 0.1665806301808752, 0.00303094258136388, 0.014150345585466665, 0.7464725687472309, 0.00303094258136388], [0.06460011045726463, 0.13551926424443264, 0.0030058373115241202, 0.011687618865304181, 0.7821813318099503, 0.0030058373115241202], [0.7591541942025283, 0.18382256978988235, 0.003016223261261718, 0.01402680380754715, 0.036963985677518754, 0.003016223261261718], [0.7532876346667795, 0.18747738298818156, 0.0030127727278982533, 0.014099415750322163, 0.03911002113892009, 0.0030127727278982533], [0.07474125327914939, 0.2074673996284961, 0.0030219233707920305, 0.014231535749082057, 0.6975159646016884, 0.0030219233707920305], [0.7853171862957391, 0.1679862269884468, 0.0030058962858731776, 0.011295742572908649, 0.02938905157115908, 0.0030058962858731776], [0.8381802591408964, 0.07097751297937073, 0.054505624501393755, 0.009822948986227846, 0.023507538594238635, 0.0030061157978726483], [0.8245201324453169, 0.05054907006158321, 0.025184440685454165, 0.030502014112744287, 0.04859640774688323, 0.020647934948018417], [0.795461809180555, 0.08859588918159393, 0.07578946351569367, 0.011091470772855527, 0.026046439596888783, 0.0030149277524131623], [0.08648247969952966, 0.21931712896626437, 0.0030045123029046454, 0.01686801989964648, 0.6713233468287503, 0.0030045123029046454], [0.6696044120021394, 0.2540655422504316, 0.0030011400535554134, 0.0188878817996395, 0.05143988384067863, 0.0030011400535554134], [0.6784589006055721, 0.2432323651363829, 0.0030007556861882906, 0.019675911067704655, 0.05263131181796378, 0.0030007556861882906], [0.11265877022940805, 0.23773252891468158, 0.00300104816356033, 0.02047603552813023, 0.6231305690006596, 0.00300104816356033], [0.1176236386128287, 0.21188353911119695, 0.003002710765259463, 0.018826781755731995, 0.6456606189897235, 0.003002710765259463], [0.6995183175298556, 0.2144764641413449, 0.0030029976589524823, 0.02056030237552633, 0.059438920635368195, 0.0030029976589524823], [0.11635574297589818, 0.21510012974800138, 0.0030020457500201003, 0.021291284242730933, 0.6412487515333294, 0.0030020457500201003], [0.6878006358190971, 0.22403797371802933, 0.0030078208829763635, 0.020924075448633426, 0.06122167324828754, 0.0030078208829763635], [0.10629823821305728, 0.21591359552031447, 0.0030132702470778605, 0.019291818691091853, 0.6524698070813807, 0.0030132702470778605], [0.7959523276792253, 0.14333165864569614, 0.003022770937463346, 0.01557786130397447, 0.03909261049617739, 0.003022770937463346], [0.788291499867308, 0.15083452150280027, 0.0030289280249184442, 0.015819471411979712, 0.03899665116807499, 0.0030289280249184442], [0.6936429245007588, 0.23145230696329536, 0.003002648970198746, 0.01909990234351552, 0.049799568252032765, 0.003002648970198746], [0.09920892028574499, 0.2390704999493324, 0.003001817216332889, 0.018336527121466294, 0.6373804182107906, 0.003001817216332889], [0.6802258305510552, 0.24629091330879851, 0.0030077049353360646, 0.019253654729975197, 0.04821419153949887, 0.0030077049353360646], [0.08406323495528153, 0.1199727959859043, 0.13349853679401438, 0.017803640562093857, 0.6414198692966829, 0.003241922406023049], [0.0661601902996417, 0.10217941010128943, 0.08451493479030969, 0.012659621822733814, 0.7312194980568161, 0.0032663449292093], [0.7874668637170323, 0.07673579988314906, 0.07488259582857588, 0.011961128732238827, 0.045933680750106225, 0.003019931088897802], [0.7616873443197465, 0.0924137031450732, 0.08591556602715938, 0.015117893462468533, 0.0418475271941887, 0.0030179658513636563], [0.08020376149409618, 0.133087272742409, 0.003018000695657841, 0.012740701616156478, 0.7679322627560228, 0.003018000695657841], [0.09270633745880648, 0.17673511070231465, 0.0030267877598138555, 0.014748383515074041, 0.7097565928041771, 0.0030267877598138555], [0.697657356287411, 0.23203403350569735, 0.003002975079368943, 0.01743647554852229, 0.046866184499631564, 0.003002975079368943], [0.6676399952725273, 0.26336439156136, 0.0030008910848152563, 0.01798142228302863, 0.04501240871345354, 0.0030008910848152563], [0.3641401598931062, 0.41381883165082306, 0.0030011246692360338, 0.03166474930061006, 0.18437400981698857, 0.0030011246692360338], [0.6431234719617488, 0.2673163232235372, 0.0030171617638949048, 0.01979468130813083, 0.0637311999787934, 0.0030171617638949048], [0.6691260932833635, 0.26340109512489096, 0.0030011177711032995, 0.017162866588714725, 0.04430770946082416, 0.0030011177711032995], [0.7152368382370864, 0.10689668112235795, 0.12163919904430638, 0.015695288270190545, 0.03753197626659147, 0.003000017059467302], [0.8630565186939516, 0.032903462901175864, 0.02528725143102656, 0.017649797210872727, 0.04973811469252429, 0.011364855070448848]], [[0.8420839057113192, 0.04714010738278782, 0.03165360761028796, 0.020976114069770905, 0.047804690271424206, 0.010341574954409922], [0.10295254947957735, 0.13753555084892904, 0.1993476219438125, 0.022828518667212413, 0.533958901213225, 0.003376857847243704], [0.11178458014602168, 0.31882329494764133, 0.003057757780108894, 0.024101489559459816, 0.5391751197866592, 0.003057757780108894], [0.6355714771367155, 0.28886961010601464, 0.003032315541676318, 0.021483583545323596, 0.048010698128593716, 0.003032315541676318], [0.6837511316437481, 0.22836945886476243, 0.003005538308934718, 0.01960468233577723, 0.06226365053784275, 0.003005538308934718], [0.11052473434648961, 0.20107067621050972, 0.0030052450875182337, 0.019064274743730732, 0.6633298245242335, 0.0030052450875182337], [0.7370297332635596, 0.18892798086487003, 0.003006746658769139, 0.017995126150926424, 0.05003366640310585, 0.003006746658769139], [0.7263709488690457, 0.19241961553855028, 0.00301631605775987, 0.016876017498265724, 0.0583007859786185, 0.00301631605775987], [0.09760802443908234, 0.22195212186823574, 0.0030131815710314415, 0.01710238284785575, 0.6573111077027632, 0.0030131815710314415], [0.7390555228297796, 0.19861032070410975, 0.00300633695978079, 0.015080880275300869, 0.04124060227124818, 0.00300633695978079], [0.7915801223305929, 0.15804470547992414, 0.0030042890467225137, 0.01208963644211583, 0.03227695765392203, 0.0030042890467225137], [0.8086935038591481, 0.0694061132147398, 0.08256659256479115, 0.010212339316687252, 0.026113815520239336, 0.0030076355243944656], [0.8059958288331885, 0.058902548366463914, 0.027700061604446102, 0.03410959769266578, 0.05189992166310686, 0.021392041840128884], [0.7004995900345776, 0.10198803411673187, 0.1385040655105133, 0.01717333539128922, 0.03882941027310435, 0.0030055646737836414], [0.12937187698319239, 0.2796298775424706, 0.0030160921297602283, 0.0216649139090007, 0.5633011473058158, 0.0030160921297602283], [0.6824880756077116, 0.23935066249695208, 0.0030030670615789393, 0.020071589286843043, 0.05208353848533534, 0.0030030670615789393], [0.6985077640168821, 0.22550831209929464, 0.003000280543899866, 0.018798018891935005, 0.05118534390408856, 0.003000280543899866], [0.459508115340029, 0.2986533867693155, 0.0030415126876706536, 0.025967051565113423, 0.20978842095020084, 0.0030415126876706536], [0.13715779284980992, 0.20877059605106635, 0.0030030633044969834, 0.020187662553910423, 0.6278778219362192, 0.0030030633044969834], [0.12141914057657481, 0.22200161163834992, 0.0030102303276067603, 0.02159489181871968, 0.628963895311142, 0.0030102303276067603], [0.6998079744621118, 0.20768278209429156, 0.0030132307205451123, 0.030072264911041112, 0.05641051709146525, 0.0030132307205451123], [0.12105265940360731, 0.21749749054281975, 0.003012200743550255, 0.019611263378033695, 0.6358141851884387, 0.003012200743550255], [0.10959774279837561, 0.19620941342199907, 0.003026671929437987, 0.018562251350763236, 0.6695772485699861, 0.003026671929437987], [0.7388314212050956, 0.18448064798601002, 0.0030086448493638553, 0.019450934477352865, 0.05121970663281385, 0.0030086448493638553], [0.6973136536539729, 0.22028319645941088, 0.0030070034600690704, 0.02034562163011784, 0.056043521336360244, 0.0030070034600690704], [0.6713312869669932, 0.24561206477793407, 0.0030070450265317302, 0.019210455451522907, 0.057832102750486496, 0.0030070450265317302], [0.6821988978752146, 0.24448268254355635, 0.0030056475095055785, 0.01927462911399548, 0.04803249544822249, 0.0030056475095055785], [0.1109509116284541, 0.23282376144916128, 0.0030108009215034396, 0.01839919992067562, 0.631804525158702, 0.0030108009215034396], [0.7850077031837639, 0.15458047036891323, 0.0030320732201162604, 0.015081278432556935, 0.03926640157453359, 0.0030320732201162604], [0.10505003547379428, 0.20683637106068048, 0.0030199183503502596, 0.01765775422724144, 0.6644160025375833, 0.0030199183503502596], [0.7382336662715604, 0.18870481877423756, 0.0030070469360529133, 0.01715490229484392, 0.0498925187872523, 0.0030070469360529133], [0.7297271860931265, 0.1957664413120898, 0.0030201275986931537, 0.01815501038194486, 0.050311107015452515, 0.0030201275986931537], [0.7811434973081559, 0.16111775341717943, 0.0030112173154810823, 0.013932740253663208, 0.037783574390039334, 0.0030112173154810823], [0.7231800805328004, 0.20735760427697866, 0.003013694752343589, 0.017430145830620847, 0.046004779854912865, 0.003013694752343589], [0.7028096923735134, 0.2243192945765036, 0.0030000538648250683, 0.019034185667319157, 0.04783671965301369, 0.0030000538648250683], [0.6659046342847504, 0.25642271493043695, 0.0030004038121128405, 0.01948632162338008, 0.052185521537206944, 0.0030004038121128405], [0.6748216116075408, 0.24492004610261872, 0.0030054034940877163, 0.02091188396322378, 0.053335651338441245, 0.0030054034940877163], [0.08976505151821466, 0.22358644285991647, 0.0030047996001635936, 0.01753963359636295, 0.6630992728251787, 0.0030047996001635936], [0.053514463772156795, 0.07433518835237773, 0.07529572543283695, 0.009930169767784464, 0.7839026681912236, 0.003021784483620502], [0.8560834242092863, 0.0335388967146371, 0.027890814808526378, 0.016366898246306386, 0.055949302982087966, 0.01017066303915596]], [[0.84453725132251, 0.04219962427258258, 0.036905970257093336, 0.021075011201295277, 0.04414531504415091, 0.01113682790236798], [0.5983949938258302, 0.14135234529333396, 0.18885887589728326, 0.021094432047375683, 0.04721811222726987, 0.0030812407089069933], [0.3269701161588218, 0.48535736683295344, 0.0030240178107695864, 0.035085595555248136, 0.14653888583143745, 0.0030240178107695864], [0.631065149510308, 0.2815118114349765, 0.003031301784147711, 0.022465888661065747, 0.058894546825354506, 0.003031301784147711], [0.6573553889290672, 0.2446770505730986, 0.003010851280236798, 0.02354976559631614, 0.06839609234104445, 0.003010851280236798], [0.7147846709721961, 0.19422730199047114, 0.0030092929027017517, 0.020867205962793137, 0.06410223526913607, 0.0030092929027017517], [0.7175951552444498, 0.19406038925110117, 0.003023545177834606, 0.019306871638625305, 0.06299049351015441, 0.003023545177834606], [0.44067752897917223, 0.31578281842454936, 0.0030272380429560357, 0.02900062166553581, 0.2084845548448305, 0.0030272380429560357], [0.7224275722933965, 0.2016835526860772, 0.003002339919201298, 0.018530985977875475, 0.0513532092042481, 0.003002339919201298], [0.703728110772017, 0.21848868436702745, 0.0030071018863395207, 0.01911877529040566, 0.052650225797870806, 0.0030071018863395207], [0.09272457311236577, 0.19450841883376813, 0.0030143539280442274, 0.015518331120031582, 0.6912199690777461, 0.0030143539280442274], [0.7315603687945007, 0.20231282485250277, 0.0030037206791810973, 0.015545607138564866, 0.04457375785606942, 0.0030037206791810973], [0.7258478776129321, 0.09873040460664523, 0.113632511186798, 0.016642110240716348, 0.04214518493395325, 0.003001911418955116], [0.7939088011784783, 0.07188491372988912, 0.02330512578543485, 0.03349129168066075, 0.0591647823180732, 0.018245085307463726], [0.43538500370190153, 0.12520455881295223, 0.22591054545361383, 0.02674492571679052, 0.18292409086150815, 0.0038308754532336985], [0.6650892666648972, 0.11998556740780351, 0.13949173158021502, 0.02023502782530943, 0.052105120116528396, 0.0030932864052465032], [0.6934282188193, 0.2244979673975889, 0.0030017166565968097, 0.01945652544894362, 0.05661385502097405, 0.0030017166565968097], [0.7177092066317837, 0.2063708642838891, 0.003001386590861757, 0.018141305944480383, 0.05177584995812329, 0.003001386590861757], [0.11325422805682014, 0.20917388188066632, 0.0030027086550907674, 0.01972578787808476, 0.6518406848742472, 0.0030027086550907674], [0.7136365012689746, 0.20426111901570482, 0.003002909785162871, 0.01916089403985375, 0.05693566610514122, 0.003002909785162871], [0.4235886216710758, 0.33593059989248597, 0.0030149418038571503, 0.031447124350376436, 0.20300377047834742, 0.0030149418038571503], [0.13335509459647685, 0.1981349478299404, 0.0030120349015339744, 0.020424387189247415, 0.6420615005812674, 0.0030120349015339744], [0.723351065425132, 0.1928361788922476, 0.0030224262982629833, 0.0202257195571414, 0.057542183528953086, 0.0030224262982629833], [0.7128178275129303, 0.20020828517222994, 0.0030181704970967315, 0.02188325751292745, 0.059054288807718854, 0.0030181704970967315], [0.718564421740569, 0.19792079112645952, 0.003004810806849492, 0.019512188600244902, 0.057992976919027626, 0.003004810806849492], [0.41641839165005184, 0.35518592139093674, 0.0030330001220122667, 0.02882502007908784, 0.19350466663589908, 0.0030330001220122667], [0.7241391155593706, 0.19908681447508886, 0.0030019730407481937, 0.01770511818239134, 0.053065005701652804, 0.0030019730407481937], [0.6883004431024786, 0.2314402561467