{"prediction": [[[0.8385762175599987, 0.04226909837000673, 0.02656431731066288, 0.011425308053800272, 0.07724915721739564, 0.00391590148813584], [0.7316128457995391, 0.08571025553010381, 0.056550676229808056, 0.02200307543398836, 0.09831497390731767, 0.005808173099243038], [0.7291813153542641, 0.08241762560638764, 0.04982042974145461, 0.017526450420789756, 0.11600451013832366, 0.005049668738780299], [0.8124916932138, 0.058768740489053506, 0.03537779422708276, 0.013385252307188778, 0.0758564091048835, 0.004120110657991607], [0.755858851588325, 0.06876110089329622, 0.028952862316372584, 0.013175048842658906, 0.12833546153089237, 0.004916674828454955], [0.8197394684098404, 0.06313198310268485, 0.02884185913370063, 0.014013686680951367, 0.07021654751191554, 0.0040564551609072], [0.8578204086053121, 0.052512124770068926, 0.032153216156776285, 0.011913976758985598, 0.041932210467583955, 0.0036680632412731473], [0.813944369003561, 0.05808751888646758, 0.03643562410251157, 0.01348050965310761, 0.07395379693594875, 0.004098181418403482], [0.7895006301304803, 0.061053279828371554, 0.049692297681012874, 0.014894776951400582, 0.08053459790207645, 0.004324417506658216], [0.7932680885107839, 0.05901558404412533, 0.04166145381855458, 0.021334267367779478, 0.07762684995765534, 0.007093756301101398], [0.7562551683644064, 0.0645378681464354, 0.04127829092521986, 0.026547804127229728, 0.10055498335000862, 0.010825885086699816], [0.7608899834533702, 0.06290531856750892, 0.04615221306120865, 0.028350756354451685, 0.08975812606154493, 0.01194360250191542], [0.7536396289915985, 0.06879631689580681, 0.055045298824884036, 0.027229517225729038, 0.08507148134248751, 0.010217756719494044], [0.7385050074724018, 0.06942508924658798, 0.06030938101646978, 0.030107581803980446, 0.091322739570235, 0.010330200890325087], [0.764927825355703, 0.06600755759196594, 0.04986394552746903, 0.026492434379419363, 0.08304409111603983, 0.009664146029402841], [0.7913967392253906, 0.06531833331040776, 0.046701250325384934, 0.024896043683806143, 0.06468652064310992, 0.007001112811900605], [0.73988922494905, 0.06878066975651934, 0.053056190756300636, 0.020555353145844453, 0.11282523568056717, 0.0048933257117184685], [0.7462268130344137, 0.06464933886893728, 0.03959324127198752, 0.021926405019187738, 0.12219295298485382, 0.005411248820620022], [0.8002042326846015, 0.051599944245590404, 0.03575183831208229, 0.01609073185628625, 0.09208167492818681, 0.004271577973252781], [0.8115284421206156, 0.04687753316505731, 0.03398791688775835, 0.013962673757215462, 0.08947064387365852, 0.004172790195694669], [0.8112831713052124, 0.056621493107923776, 0.02715963095832438, 0.020167592279455047, 0.08022440296498684, 0.004543709384097541], [0.7783846900332568, 0.05812030695071263, 0.03878385270486081, 0.018767925122734893, 0.10144627196690469, 0.004496953221529949], [0.8012977339592753, 0.06009029801599608, 0.0396388524028126, 0.016877980855513876, 0.07789078331090304, 0.0042043514554991855], [0.7847776982689086, 0.05983185733696631, 0.04186317457657976, 0.015235650561410252, 0.09387238425206053, 0.004419235004074491], [0.776659746113244, 0.05909036490282809, 0.036367404421690536, 0.0146047861961141, 0.10870176324439101, 0.0045759351217325335], [0.7343853332712673, 0.06297104463780712, 0.05146771291851921, 0.015252634799817389, 0.1308552654802802, 0.005068008892308814], [0.799936798584593, 0.05441458322153486, 0.038465671364926096, 0.017093358161105365, 0.08523352557836036, 0.00485606308948038], [0.781325902612032, 0.061058105250789724, 0.0425603229257309, 0.02121230823254527, 0.08838365675242896, 0.005459704226473148], [0.7604800729525254, 0.06593827622350025, 0.051592104609449976, 0.02679992915636828, 0.08631970796222346, 0.008869909095932684], [0.7192808263347481, 0.08474867770936848, 0.059629992259088604, 0.029017380631915193, 0.09923955247120966, 0.008083570593670049], [0.7264333217739162, 0.07964194369777576, 0.05624730717023994, 0.030732576242874204, 0.0978365046936544, 0.00910834642153955], [0.7349149476523225, 0.08233010993631601, 0.048158983738666165, 0.027325999719866295, 0.09988125768447242, 0.007388701268356768], [0.7480742599300005, 0.07926626034936615, 0.0584017754588023, 0.025873783749694092, 0.08231550443918605, 0.006068416072950856], [0.7495058172166779, 0.07862612072705383, 0.05576026281226502, 0.021730336207037963, 0.08965885599119144, 0.004718607045774019], [0.7740367007183159, 0.06258449525518957, 0.05142023697218204, 0.01849369928070687, 0.0889872869512438, 0.004477580822361965], [0.78638295577217, 0.06017576293173861, 0.042358043516754755, 0.016274839783710235, 0.09042394416963431, 0.004384453825992097], [0.7016526982685537, 0.07203658473240747, 0.04336328300921627, 0.017975743746776345, 0.1594091538871846, 0.005562536355861718], [0.7400449587134017, 0.0679406217322095, 0.04707585045360589, 0.01562685260454511, 0.12432899580048631, 0.004982720695751567], [0.7407434136816229, 0.07443295530996509, 0.05556189659088183, 0.013332123516570489, 0.11100687210570037, 0.004922738795259241], [0.8854615643345518, 0.025282443487532013, 0.016718263858047873, 0.004861537790099896, 0.06411131666516835, 0.003564873864600001]], [[0.7387309590971984, 0.07895910096127348, 0.05256068268786026, 0.019102151202380596, 0.10556836721855088, 0.005078738832736394], [0.8489554257552286, 0.08652032798493917, 0.05074853577465308, 0.003951925500328121, 0.006780483860606194, 0.003043301124244867], [0.8131209707109949, 0.09816842518606356, 0.0721664706339526, 0.004871113810715129, 0.00865684233099051, 0.003016177327283419], [0.8894690771221305, 0.0670016001132103, 0.032778222841262, 0.0035329626943771475, 0.004207376668142678, 0.003010760560877331], [0.8988199794821213, 0.06445060009210603, 0.02593831037876879, 0.003530164323810095, 0.004252384322765889, 0.003008561400427797], [0.9077336399398444, 0.05783865885569688, 0.02370338762447382, 0.0035231671457589594, 0.004195711228602823, 0.0030054352056232683], [0.011517013964411965, 0.053381601055472315, 0.026526749966351217, 0.0038539049660098372, 0.9017148170385286, 0.003005913009226095], [0.8761860186026529, 0.06931877125902769, 0.04283604397585523, 0.003542516038529099, 0.0050995086634042595, 0.0030171414605308284], [0.022644113806421926, 0.08597717003629217, 0.051710055387118335, 0.0049163473506558765, 0.8317157561656666, 0.003036557253845133], [0.5948104135497727, 0.12229918657481692, 0.09864436160780389, 0.0313080967853923, 0.14617454378300784, 0.006763397699206413], [0.7590863468721986, 0.11807817726165291, 0.0867496699614139, 0.008560010756072678, 0.024512496612137908, 0.0030132985365240042], [0.6422261649570592, 0.15178578571240092, 0.1588003432536534, 0.011080358968753421, 0.033102283235623434, 0.003005063872509491], [0.6130749945107753, 0.11646895279755937, 0.10993866379714727, 0.03674711910727821, 0.11444468231674693, 0.009325587470492898], [0.5931974571082005, 0.1289799739052543, 0.10335404298769357, 0.03658273707390822, 0.12734884120932324, 0.010536947715620155], [0.5831725613906734, 0.13487599124049784, 0.1147002256394357, 0.03986998967910521, 0.1182284282839751, 0.009152803766312943], [0.043041859438651804, 0.16170501927591444, 0.13865559392806553, 0.009406982146146737, 0.644104237828661, 0.0030863073825605166], [0.028911148404750387, 0.11154190561185942, 0.10774139773005328, 0.006003312202795886, 0.742783636938428, 0.003018599112112982], [0.800689775655949, 0.10370449433724051, 0.06894055576036352, 0.00627167017370085, 0.017359105357778622, 0.003034398714967359], [0.8164072127237687, 0.10066587161864962, 0.060713918020879325, 0.006143516651437082, 0.013054457556889415, 0.003015023428375915], [0.027297529782923914, 0.09687495038652923, 0.06359003808026911, 0.005442811513517685, 0.8037726879390099, 0.003021982297750153], [0.8060046575372177, 0.10808055346493645, 0.06186657672567834, 0.006371987568793363, 0.014664102731833713, 0.003012121971540445], [0.027454800472269163, 0.0964977610951134, 0.06324312271225727, 0.005203250429176179, 0.8045788062555868, 0.0030222590355972715], [0.02365722105335265, 0.07048768111484147, 0.03666200256095007, 0.0038895086655275565, 0.8622724467561179, 0.003031139849210321], [0.6914456696892147, 0.09638242089276955, 0.06455843558128829, 0.01769623084804334, 0.12444408344572622, 0.005473159542957985], [0.884248848035806, 0.07409652963519672, 0.029498675362508955, 0.003540449839070639, 0.005599995190281875, 0.0030155019371358545], [0.021507035924655703, 0.08663804664329056, 0.059365576776930405, 0.004908734626514271, 0.8245485408358297, 0.003032065192779312], [0.02586790494303533, 0.10135513717431267, 0.06878040195710824, 0.0053973648177343255, 0.7955775659709038, 0.0030216251369054297], [0.7457533001135987, 0.11735449883943859, 0.1035073053826421, 0.008513410589075362, 0.02185342850998044, 0.0030180565652648205], [0.04751721620038715, 0.17302443335426135, 0.15376245282183162, 0.010823967034555609, 0.6118237911853582, 0.003048139403605959], [0.0648199398999474, 0.18374838075105301, 0.1830781929662636, 0.014831531974116468, 0.5505059504949209, 0.0030160039136985536], [0.5510814332162954, 0.20620094493806124, 0.18518336431808824, 0.014653601936741277, 0.03985564845689464, 0.0030250071339191953], [0.5256618575943899, 0.19347175581139117, 0.22479555351186542, 0.015937861780623255, 0.03709703540016072, 0.003035935901569575], [0.04852368148475213, 0.20063376255051096, 0.15643688435096867, 0.0130598566518323, 0.5783031972177688, 0.003042617744167248], [0.04072053982462658, 0.14668648785517413, 0.11550770007919772, 0.009253164925401403, 0.6847907552071602, 0.0030413521084401663], [0.022782452115518336, 0.11982814130670337, 0.07071955313928083, 0.005893529258887345, 0.7777450627661299, 0.003031261413480244], [0.7908528794803794, 0.11144836409636127, 0.07656868931474416, 0.006292779759478314, 0.011822169690582817, 0.0030151176584541353], [0.8586889348570811, 0.0817098874016099, 0.04535426437683225, 0.0042419947176210405, 0.006976920857307686, 0.003027997789548058], [0.8665836718876153, 0.07885909758471706, 0.04312543960050441, 0.0035922882953612688, 0.004815370806793956, 0.0030241318250078483], [0.8829578036243378, 0.0704905152060135, 0.035703896277422605, 0.0035761808599174, 0.004258844323875357, 0.0030127597084332394], [0.8194478593498314, 0.05999428429444559, 0.03569991328444252, 0.0070572605950223605, 0.07370816008979701, 0.004092522386460895]], [[0.6905043574727103, 0.09079708693761794, 0.053001446255914325, 0.019674881156709102, 0.1404732222376791, 0.005549005939369222], [0.7917303275260543, 0.11126001682962938, 0.0781025543651, 0.005256444689617094, 0.010633291963670742, 0.003017364625928593], [0.8226664738622471, 0.15631870354756358, 0.0030266833906674815, 0.00551794522842877, 0.009443510580425614, 0.0030266833906674815], [0.02085337518405197, 0.14353767667313752, 0.003060501549194808, 0.005564552914187917, 0.823923392130233, 0.003060501549194808], [0.9024752026832509, 0.06051084480413051, 0.026145473123272582, 0.003527010226807518, 0.004335375788513105, 0.0030060933740254704], [0.010678617733307284, 0.057485881884041946, 0.023212680051934356, 0.0038588345202262967, 0.9017541452879853, 0.0030098405225048824], [0.8884395492730994, 0.06481903076762176, 0.03428306661819986, 0.003533074361763386, 0.005916689959062353, 0.003008589020253065], [0.686937897965711, 0.11024116003788184, 0.06681837588070687, 0.018774540433085837, 0.11172786191710919, 0.0055001637655053585], [0.6068816950315015, 0.11832637313947551, 0.08121407816757674, 0.022210078996476767, 0.16482464880985648, 0.006543125855113118], [0.8049262293474646, 0.10729581623453249, 0.05895822834849233, 0.00673925290208452, 0.019066461201694238, 0.003014011965731914], [0.5751207369300326, 0.1306052155083249, 0.08801462237099947, 0.04182787558897771, 0.1526970426818727, 0.011734506919792555], [0.6757079799282557, 0.15251793672042746, 0.12341410857130045, 0.010888407787699199, 0.03445548670606935, 0.003016080286247929], [0.5497662745288994, 0.13819940950995688, 0.11394523256264313, 0.0364575423468812, 0.15310927800919, 0.00852226304242955], [0.3020753249785233, 0.1891434155160408, 0.30946310572497016, 0.01840107598489969, 0.17788737229711044, 0.003029705498455697], [0.5774145115169882, 0.1839286688437547, 0.1831512940620341, 0.010942274139329399, 0.041535006302168546, 0.0030282451357251466], [0.6497371289536801, 0.3025728147238732, 0.003022018970056251, 0.009373845002200044, 0.03227217338013422, 0.003022018970056251], [0.7076812988458585, 0.2542581146294958, 0.003037263047249303, 0.008248255979403062, 0.02373780445074418, 0.003037263047249303], [0.04189441842388977, 0.17475820526625602, 0.003023506425307758, 0.006974634873469359, 0.7703257285857694, 0.003023506425307758], [0.04380213614882381, 0.1589039039130878, 0.0030235135169262117, 0.006817324217951098, 0.7844296086862849, 0.0030235135169262117], [0.8006679861706155, 0.1606126382594413, 0.0030076184386481296, 0.0073999006466350225, 0.02530423804601191, 0.0030076184386481296], [0.801027687537934, 0.1534093556006853, 0.003005777052461019, 0.006995836120417826, 0.03255556663604097, 0.003005777052461019], [0.8200639258943909, 0.15271410618223674, 0.0030281245874341817, 0.00552079991626526, 0.015644918832238782, 0.0030281245874341817], [0.022014370615579128, 0.12659402456585386, 0.0030675702564209656, 0.005582647082770968, 0.8396738172229542, 0.0030675702564209656], [0.8790555801936786, 0.07097238887599372, 0.03621357175193032, 0.0035388128835225525, 0.007205728770363307, 0.0030139175245116685], [0.6185455889969482, 0.11392854469155211, 0.06814788533219164, 0.023341465889467027, 0.16959583259034178, 0.006440682499499146], [0.696970328533865, 0.10165631387009506, 0.07266410841684343, 0.01719299495513299, 0.10615054865874596, 0.005365705565317587], [0.624085135461918, 0.12053528395025409, 0.06823406927047977, 0.02595450907396929, 0.1548827853761015, 0.006308216867277282], [0.6831509862188822, 0.160237641141893, 0.1163228181092607, 0.010342472243085826, 0.026920993876877967, 0.0030250884100003505], [0.06051081039968642, 0.27524480629557607, 0.0030678103732121155, 0.011072761266243266, 0.6470360012920701, 0.0030678103732121155], [0.6275904457238363, 0.31351748940583246, 0.003013364004987837, 0.01158150217900526, 0.04128383468135042, 0.003013364004987837], [0.34477221498813265, 0.47295671919422, 0.003016732912153499, 0.020740032564271735, 0.15549756742906862, 0.003016732912153499], [0.5982062179508161, 0.3378439434490414, 0.0030158498209816196, 0.012481523474872679, 0.045436615483306846, 0.0030158498209816196], [0.06789177296935905, 0.32377602430961006, 0.0030447832029838265, 0.011833844332511695, 0.5904087919825516, 0.0030447832029838265], [0.6589746463834597, 0.30175028522234176, 0.003031353009934503, 0.008939246441036969, 0.02427311593329267, 0.003031353009934503], [0.739517564280403, 0.22159730910352587, 0.0030250221951884752, 0.009015678087227395, 0.023819404138466668, 0.0030250221951884752], [0.8018962880799767, 0.1718798610058841, 0.003020563004898493, 0.006371903241573475, 0.013810821662768789, 0.003020563004898493], [0.8269104330585899, 0.1515641031999704, 0.0030291981748779167, 0.005589172656409974, 0.009877894735273946, 0.0030291981748779167], [0.8862888556535268, 0.09885650530972952, 0.003013969965811058, 0.003673317412039326, 0.005153381693082334, 0.003013969965811058], [0.8783203905806123, 0.07150681093701432, 0.03931812667863141, 0.003578226711737878, 0.004261280711953709, 0.0030151643800503504], [0.7994879901434582, 0.05878482165356851, 0.03826185006204001, 0.008517581533719098, 0.09063074985322833, 0.004317006753986005]], [[0.7256672869313275, 0.08426731992689351, 0.046743740983132276, 0.024464722368885982, 0.11229041173660574, 0.00656651805315501], [0.7886611450075914, 0.10663121603543504, 0.08559416123667149, 0.005625542842807174, 0.01047304251162961, 0.0030148923658652837], [0.7935512136419084, 0.18312139261137775, 0.003025085583197509, 0.005515720047833269, 0.011761502532485688, 0.003025085583197509], [0.819440642106286, 0.0974246980253377, 0.06473634781136901, 0.004871544498174633, 0.010510514007260913, 0.003016253551571808], [0.6532978762203189, 0.11790285455159537, 0.05889323041384378, 0.018913423066190673, 0.1449854777268863, 0.006007138021164965], [0.5968943541906041, 0.11159679984155382, 0.06485737923594351, 0.018504715019659192, 0.2012584530992571, 0.006888298612982337], [0.6130261121895572, 0.1265769671424998, 0.06822041385321587, 0.022882140993149728, 0.16279769990361617, 0.0064966659179613116], [0.7216655650445672, 0.1039324633628674, 0.06670906293037622, 0.01702042712598172, 0.08559792796057104, 0.0050745535756365045], [0.638438204451726, 0.11566553855576041, 0.06502829193275016, 0.019974052948975175, 0.15470864480592453, 0.006185267304863675], [0.5342321332865992, 0.12162354240321471, 0.08052808537370813, 0.02277774013823626, 0.23311725673369468, 0.007721242064546997], [0.5758705976374462, 0.12233049585107171, 0.07441510656956286, 0.03178379537575053, 0.18864321070808462, 0.006956793858084219], [0.5927589821707874, 0.13335677419263478, 0.09043705693452425, 0.03259066412545711, 0.14427324139552142, 0.006583281181075203], [0.5858750479553683, 0.13315738838510668, 0.10176098090612176, 0.04331640545626537, 0.12658639916341669, 0.009303778133721258], [0.587008022776079, 0.185275248546437, 0.17659056756966293, 0.009742278560944104, 0.038363361827250544, 0.003020520719626395], [0.632800185667251, 0.3163752680343379, 0.003040079542855931, 0.01064747356735789, 0.03409691364534143, 0.003040079542855931], [0.05358963103099704, 0.2986080537715335, 0.003099719418597867, 0.009246794372035863, 0.6323560819882379, 0.003099719418597867], [0.7001011545389068, 0.24917499481200875, 0.003020418518380848, 0.00880292728859267, 0.03588008632373022, 0.003020418518380848], [0.7744612522375066, 0.18282401492946937, 0.0030065135955643003, 0.007299957362132219, 0.029401748279763378, 0.0030065135955643003], [0.7797022809327762, 0.17525957050260046, 0.0030060081304440077, 0.008483087869608604, 0.030543044434126716, 0.0030060081304440077], [0.06414752526007227, 0.17754533765849267, 0.003010701148873643, 0.008451616562847715, 0.7438341182208401, 0.003010701148873643], [0.7348651064883333, 0.2182062346434713, 0.0030439498633267463, 0.008398501076560434, 0.03244225806498151, 0.0030439498633267463], [0.7898928567015914, 0.175248838582944, 0.0030114551703321565, 0.006831351851636587, 0.02200404252316376, 0.0030114551703321565], [0.026477434337164107, 0.14416461730704672, 0.003051101048670843, 0.005548752545904192, 0.8177069937125434, 0.003051101048670843], [0.8260549287708865, 0.14603935617977104, 0.0030307309699020906, 0.00552734472850807, 0.016316908381030257, 0.0030307309699020906], [0.8558143951187185, 0.08281300458543832, 0.04124851539499774, 0.004671572472763603, 0.012420715428315444, 0.0030317969997664977], [0.6185662437981926, 0.11380623495424329, 0.06370545807873122, 0.027139418598344314, 0.17035336855377062, 0.006429276016718096], [0.6065868525825366, 0.125618834115641, 0.06640936549765979, 0.03253086504453657, 0.16234498185951718, 0.006509100900108833], [0.7138547511378458, 0.1396607452571326, 0.10170210798651602, 0.009726830753013789, 0.03201495613592946, 0.0030406087295623756], [0.67514551401437, 0.27673261508088676, 0.003024103137244444, 0.010133061035141161, 0.0319406035951134, 0.003024103137244444], [0.6217468016939195, 0.3149343578693905, 0.0030108031957589132, 0.01258999822904328, 0.04470723581612909, 0.0030108031957589132], [0.6160283643482074, 0.3096114594596584, 0.0030065367757090154, 0.013279470937154267, 0.055067631703561715, 0.0030065367757090154], [0.6103213356945014, 0.33082755710104433, 0.0030158097440302384, 0.013696015359842544, 0.039123472356551246, 0.0030158097440302384], [0.6537679183568141, 0.3022517009506808, 0.003025631650425094, 0.010105865842751796, 0.027823251548903086, 0.003025631650425094], [0.7113710637275551, 0.2503144985495806, 0.0030472668432100837, 0.00899903718542995, 0.02322086685101418, 0.0030472668432100837], [0.7767320524440855, 0.1913273039161202, 0.0030170596980576623, 0.007637356829498098, 0.018269167414180977, 0.0030170596980576623], [0.8086692115521832, 0.165046598809351, 0.003020604216802603, 0.005651279078564219, 0.014591702126296461, 0.003020604216802603], [0.8698277197275347, 0.11196173748847495, 0.00302561512925866, 0.0037133538638855585, 0.008445958661587394, 0.00302561512925866], [0.010383157970403017, 0.09177479171345901, 0.0030076345993935256, 0.0037674681169920397, 0.8880593130003589, 0.0030076345993935256], [0.009135100967293556, 0.053223042757869474, 0.028299447205658617, 0.003898231057652815, 0.9024377460991996, 0.003006431912325953], [0.8047067043099765, 0.060314122104193076, 0.03827792121254788, 0.009029959352854095, 0.08343142401853185, 0.004239869001896606]], [[0.7725395808533949, 0.07378735135051684, 0.047672691461371305, 0.021145375372790882, 0.07916987735487452, 0.0056851236070514745], [0.024015722757755816, 0.11886010627627829, 0.09047008101693867, 0.005847779891095465, 0.7577801722858503, 0.0030261377720814807], [0.7093140379435172, 0.26200953347863615, 0.00304910348428596, 0.006572859725539462, 0.016005361883735265, 0.00304910348428596], [0.7429789614964365, 0.11931787224274008, 0.10669320244108783, 0.00728978244542883, 0.02069837534112069, 0.0030218060331859177], [0.5107793426979448, 0.14827825416398768, 0.09348528154372442, 0.026878144928479456, 0.21272194135897338, 0.007857035306890395], [0.5548897868112825, 0.12878961052921817, 0.06286950324081811, 0.017002990391315073, 0.22888951697586396, 0.0075585920515023304], [0.6555499277949721, 0.10292479850999806, 0.07863339513459898, 0.021168496698377972, 0.13584663583138032, 0.005876746030672598], [0.6349003903806474, 0.11025211521076497, 0.07487888457859047, 0.02014364868355749, 0.15363111079269942, 0.006193850353740283], [0.8782977939296986, 0.06863007564778821, 0.03979785805651305, 0.003538911184039816, 0.006721495577933963, 0.0030138656040263716], [0.8127653800203021, 0.09203855137384713, 0.07182906398791153, 0.005187363733720594, 0.01517126726991448, 0.0030083736143041422], [0.8144276822929715, 0.09359826081761788, 0.06484978663304475, 0.005706802448648526, 0.018408923117290907, 0.00300854469042648], [0.7250364772822429, 0.12649823206549796, 0.10639733428484971, 0.008575080135275704, 0.03046369921426319, 0.003029177017870464], [0.04469273778416343, 0.15089331440984644, 0.10747498557034549, 0.009115981706599654, 0.6847323247821238, 0.0030906557469213575], [0.6604184086107138, 0.28538058542265626, 0.003016491810430612, 0.00898804856241133, 0.039179973783357434, 0.003016491810430612], [0.6448017381330623, 0.2932093972818792, 0.003010954478275463, 0.009225736827847037, 0.04674121880066056, 0.003010954478275463], [0.6705170621851149, 0.2783342360709722, 0.0030259384346548387, 0.008479828939885454, 0.03661699593471786, 0.0030259384346548387], [0.7210456129351418, 0.23009829336456916, 0.0030355253236783006, 0.00789950433959693, 0.0348855387133356, 0.0030355253236783006], [0.06076582678983218, 0.16572758543079708, 0.003016614759334066, 0.008404886910442475, 0.7590684713502602, 0.003016614759334066], [0.7655880638737373, 0.18468006715436944, 0.003003953815252292, 0.008466650584710985, 0.035257310756677596, 0.003003953815252292], [0.7112879226007441, 0.23079995498371952, 0.0030457518996323007, 0.00950807294608052, 0.04231254567019123, 0.0030457518996323007], [0.6821493263337359, 0.2642867450543105, 0.0030288495312723535, 0.010000759929116755, 0.03750546962029205, 0.0030288495312723535], [0.7014441878486791, 0.2556441549962947, 0.0030309711763589556, 0.007985599706174233, 0.028864115096134003, 0.0030309711763589556], [0.7722012779691942, 0.19286576167697395, 0.0030103904150955456, 0.0067025151562521475, 0.022209664367388523, 0.0030103904150955456], [0.8191085367385643, 0.14943810114453482, 0.003014594765553389, 0.005828877959426759, 0.019595294626367294, 0.003014594765553389], [0.8344896782063244, 0.13182340624070524, 0.003017079386103158, 0.006470915229597698, 0.02118184155116636, 0.003017079386103158], [0.8671373657094809, 0.07478916072133086, 0.039517754514415485, 0.00436465527583817, 0.011170637018887798, 0.003020426760046802], [0.7876015478484504, 0.11162257131992703, 0.06571779437369724, 0.008291554590386607, 0.023755229508249456, 0.003011302359289096], [0.7189256233297892, 0.12430185470590158, 0.011759678991754006, 0.030911832555727197, 0.10875521580134125, 0.005345794615486823], [0.7081776180063418, 0.15520368102230261, 0.08365484318441548, 0.011543654035248565, 0.03836763123619947, 0.0030525725154919507], [0.6241983044477215, 0.18958444224145232, 0.13006304393420268, 0.012584544830006478, 0.040550381298871854, 0.003019283247744936], [0.65087306740538, 0.2904205456784465, 0.00301329954563266, 0.010940285402221585, 0.04173950242268654, 0.00301329954563266], [0.07892595825711375, 0.28018441391675514, 0.00304306187228334, 0.011313402085880508, 0.6234901019956841, 0.00304306187228334], [0.7198659400295532, 0.23663360363129932, 0.0030339958175143508, 0.008347090676184015, 0.029085374027934745, 0.0030339958175143508], [0.04231109690793533, 0.18472957682549895, 0.0030249613346231856, 0.007545711782691121, 0.7593636918146283, 0.0030249613346231856], [0.7865878264255932, 0.18330064568684584, 0.0030172477957766974, 0.006652944755658432, 0.017424087540349104, 0.0030172477957766974], [0.8788457664427559, 0.10424587988121699, 0.003017935023455363, 0.0036790752065080363, 0.007193408422608356, 0.003017935023455363], [0.8955333154144478, 0.09010046379512761, 0.003008317892703856, 0.0036654309724271435, 0.004684154032589816, 0.003008317892703856], [0.9044927957108603, 0.08123984299081771, 0.0030041850070101125, 0.0036627003143181263, 0.00459629096998365, 0.0030041850070101125], [0.8988111944244424, 0.06148163443405003, 0.02888947581800243, 0.0035656201441095015, 0.004246267654423698, 0.0030058075249719354], [0.84495595551546, 0.052691037549643376, 0.027568526979042003, 0.0074088841587143725, 0.06353150020048787, 0.0038440955966525074]], [[0.7633135433372279, 0.07165137147479896, 0.05461818806026372, 0.026042263872810497, 0.07724371335051632, 0.007130919904382627], [0.03773349022374141, 0.17334812125819074, 0.14190491676464168, 0.008720017947753744, 0.6352308199253918, 0.0030626338802806803], [0.6430005909879202, 0.16870885028858945, 0.15401942462930715, 0.01011699518419972, 0.021137711017062986, 0.0030164278929205313], [0.5900754012092787, 0.14913386724397604, 0.09868295514905806, 0.04188779580023803, 0.11220303148208882, 0.008016949115360415], [0.05875892611837023, 0.14587483844466495, 0.07429487901634066, 0.008157887100913927, 0.7098746334250604, 0.003038835894649848], [0.5278166905873308, 0.13657717360788307, 0.09550624409682594, 0.024905164955435995, 0.20756590183142132, 0.007628824921102786], [0.8236465570568481, 0.09842996361876633, 0.05553837530483025, 0.005550235922093099, 0.013817515980384183, 0.0030173521170780634], [0.8704988333196295, 0.06819333076320429, 0.04569278536925644, 0.003544779315184005, 0.009052116777697315, 0.003018154455028276], [0.8591405599468648, 0.11681590894499452, 0.003035592747861315, 0.005538443427720905, 0.012433902184696975, 0.003035592747861315], [0.8523215518203872, 0.1223994678661567, 0.003030730521479875, 0.005525815104951761, 0.013691704165544652, 0.003030730521479875], [0.8151197690882043, 0.1521204916916746, 0.0030129174590140346, 0.006166031724121898, 0.020567872577971262, 0.0030129174590140346], [0.7707176519096628, 0.18892792286741514, 0.003074768980990137, 0.00697865547564732, 0.027226231785294267, 0.003074768980990137], [0.7153552610146868, 0.2244580872049727, 0.003030107946732002, 0.007892442990988662, 0.04623399289588779, 0.003030107946732002], [0.6818629852380999, 0.254582090658832, 0.0030216772993845865, 0.008916071119361275, 0.048595498384937756, 0.0030216772993845865], [0.4339866986242656, 0.35097467629641155, 0.00311136659639414, 0.017081009996587515, 0.19173488188994692, 0.00311136659639414], [0.6895498053901371, 0.23750389174102352, 0.0030167291180095515, 0.010366478180817994, 0.05654636645200233, 0.0030167291180095515], [0.7359922135735201, 0.2114468178256653, 0.003066638994687741, 0.00885302383859919, 0.037574666772840014, 0.003066638994687741], [0.08321407304470037, 0.1965824932778097, 0.0031220143372201834, 0.00902871680832534, 0.7049306881947243, 0.0031220143372201834], [0.7024985937419185, 0.22983745771759853, 0.00302170278756749, 0.010191454375293691, 0.05142908859005429, 0.00302170278756749], [0.6985772357657438, 0.24651375900425807, 0.0030229828211008093, 0.008441767610825511, 0.040421271976971124, 0.0030229828211008093], [0.09728561181708054, 0.27229316743053683, 0.003038127990500864, 0.010343811864274416, 0.6140011529071067, 0.003038127990500864], [0.06924707220597834, 0.2628757476658963, 0.0030762670235359502, 0.008136921836716514, 0.653587724244337, 0.0030762670235359502], [0.7086163156532002, 0.24634583960778608, 0.0030317598436907767, 0.00834284492950097, 0.030631480122131214, 0.0030317598436907767], [0.7824804529739245, 0.17735511354845962, 0.00300838440518206, 0.007275152527604747, 0.026872512139646764, 0.00300838440518206], [0.03570471500675949, 0.1337820240993153, 0.0030430507063451536, 0.005648932634173884, 0.818778226847061, 0.0030430507063451536], [0.03322045272742937, 0.12156422091645334, 0.0030538035105606588, 0.005553661330718819, 0.8335540580042772, 0.0030538035105606588], [0.8697832035375631, 0.10487701280691476, 0.003025639181492439, 0.005271341170940828, 0.014017164121596513, 0.003025639181492439], [0.0388699488029531, 0.09617140090608617, 0.05885319057899088, 0.006582717806161575, 0.7965080670415631, 0.0030146748642452567], [0.7422870794200824, 0.09298883956017799, 0.0355499123272153, 0.026653535309496757, 0.09766095042942484, 0.004859682953602838], [0.6982724561785486, 0.11043947917560804, 0.02473935039492161, 0.03028216075789324, 0.13075603953743897, 0.0055105139555894946], [0.07552593985477511, 0.16874039639999408, 0.0872770622207789, 0.012834141092067961, 0.6525389489067583, 0.0030835115256254786], [0.7332243355353727, 0.21079073058925468, 0.0030155615198635844, 0.010083739174005348, 0.03987007166163998, 0.0030155615198635844], [0.7841255744165073, 0.17468536205664778, 0.003007533489345954, 0.007736727538404639, 0.02743726900974852, 0.003007533489345954], [0.7988201295041072, 0.1631490232389973, 0.0030089908981109957, 0.007728488577933465, 0.02428437688274004, 0.0030089908981109957], [0.8561780398566162, 0.1182635932393984, 0.0030369474286245264, 0.005371999687533156, 0.014112472359203342, 0.0030369474286245264], [0.8838377652400593, 0.09851068432114767, 0.003013182210042813, 0.0037028657872470233, 0.007922320231460575, 0.003013182210042813], [0.8928420602050197, 0.09063178014985843, 0.003007819754893598, 0.003668283029825987, 0.006842237105508819, 0.003007819754893598], [0.011141929493192192, 0.07984037156274965, 0.0030031913564289225, 0.0037620833637154135, 0.8992492328674849, 0.0030031913564289225], [0.8909878847347451, 0.0664477779254721, 0.03173488997241772, 0.003569594352385183, 0.004251000506317877, 0.003008852508662078], [0.8605689950272803, 0.052974080669734386, 0.034234116395343635, 0.007492494511112234, 0.04106122929388458, 0.00366908410264477]], [[0.742883811599446, 0.08660964181642834, 0.04311995523516189, 0.02695248724929669, 0.092589233362262, 0.007844870737405174], [0.5858102411398453, 0.18525330586176178, 0.18489053544222234, 0.014527494020901624, 0.026499637934372045, 0.003018785600896961], [0.54083489155482, 0.20953053447376932, 0.16703313163747008, 0.01498874751170697, 0.06458411730404436, 0.003028577518189337], [0.6237322551775832, 0.15865752672118785, 0.050355319208855526, 0.041792368977569, 0.11844275915920907, 0.007019770755595319], [0.5185679932993568, 0.16698408861923186, 0.11291032650129446, 0.040441305826371274, 0.15306035964847717, 0.008035926105268622], [0.6119257329837531, 0.12646195594634607, 0.06108055189907696, 0.02353598839696044, 0.1704404980434597, 0.006555272730403577], [0.8069701977593152, 0.09971080874234682, 0.07033455662487925, 0.00595081237113996, 0.014023224653560935, 0.0030103998487576483], [0.021050449978577454, 0.10951297153937227, 0.0030820955248942886, 0.005601563303874533, 0.8576708241283871, 0.0030820955248942886], [0.8973234511242237, 0.08336549482536144, 0.003005764196286917, 0.00362224957898124, 0.009677276078859761, 0.003005764196286917], [0.027686216402908526, 0.11519425016043752, 0.003066427662222962, 0.0055768476599199895, 0.845409830452288, 0.003066427662222962], [0.8315838169873538, 0.13450154273171808, 0.003016157280869694, 0.006016390980584086, 0.02186593473860481, 0.003016157280869694], [0.8053970023004424, 0.1549692424912164, 0.003016271790036803, 0.0060557558790399575, 0.027545455749227458, 0.003016271790036803], [0.05884008535451032, 0.19047135321349823, 0.003127972599853837, 0.007847855960474319, 0.7365847602718095, 0.003127972599853837], [0.09615976094771425, 0.22608036728653438, 0.0030607781597349346, 0.010173985222825277, 0.6614643302234562, 0.0030607781597349346], [0.69332221976646, 0.22559483428264876, 0.0030322483363957333, 0.010462685298011662, 0.06455576398008818, 0.0030322483363957333], [0.10528308203465789, 0.197585807233651, 0.00309413071815728, 0.009942034643435998, 0.6810008146519406, 0.00309413071815728], [0.7414899152901625, 0.189434805774754, 0.003048165713599433, 0.00948969322544556, 0.05348925428243913, 0.003048165713599433], [0.06787062989502363, 0.17392426744512895, 0.00313440001572698, 0.007650278006831644, 0.7442860246215618, 0.00313440001572698], [0.6981608628772583, 0.23638006171744383, 0.0030194896249010274, 0.010359715126929948, 0.04906038102856588, 0.0030194896249010274], [0.6647134011010987, 0.267181128189531, 0.003010592251132967, 0.00944381097049023, 0.05264047523661424, 0.003010592251132967], [0.3527894515167566, 0.44876197258763845, 0.0030373902379359696, 0.019314753316797162, 0.17305904210293607, 0.0030373902379359696], [0.6602630694992904, 0.26847140457613855, 0.0030254633663226475, 0.008488325963897505, 0.056726273228028395, 0.0030254633663226475], [0.6870293487232784, 0.25323687540889034, 0.003030006436412842, 0.009754310817217006, 0.04391945217778872, 0.003030006436412842], [0.08180582959337461, 0.2115493463907734, 0.0031056492384971043, 0.00930463970604479, 0.6911288858328131, 0.0031056492384971043], [0.7984470382228454, 0.15231200526233965, 0.003005005728272175, 0.007456648005254776, 0.03577429705301572, 0.003005005728272175], [0.8199101726970924, 0.14429792184114842, 0.003023485142100152, 0.006714926905933858, 0.02303000827162496, 0.003023485142100152], [0.04446817058705014, 0.13846463108123458, 0.003030909980977375, 0.0057349028744560875, 0.8052704754953045, 0.003030909980977375], [0.8173881361135578, 0.1466690118584651, 0.0030109544832886683, 0.006882360634888452, 0.023038582426511345, 0.0030109544832886683], [0.7988902337585424, 0.10999157149454966, 0.055233701497664676, 0.007628446790123707, 0.025240066136591344, 0.0030159803225281966], [0.7230774391219917, 0.09135595898134022, 0.032155314244923676, 0.03207624114983089, 0.11571566319494138, 0.005619383306972186], [0.7529027996498279, 0.13413909487763734, 0.06351080475625447, 0.011144233038739522, 0.03527348571847893, 0.0030295819590619283], [0.7978406364339609, 0.10783938678305208, 0.058816650309778395, 0.008033169491769784, 0.024457437149827118, 0.003012719831611533], [0.8209770661720469, 0.1425625249816151, 0.0030139083493621746, 0.00714056122579105, 0.02329203092182268, 0.0030139083493621746], [0.8851423344533444, 0.09297822493115959, 0.0030110291254065685, 0.004042061421846993, 0.011815320942835857, 0.0030110291254065685], [0.021279748081869953, 0.10419443684376985, 0.003013828837512093, 0.00436359742747977, 0.8641345599718563, 0.003013828837512093], [0.8883802088735516, 0.09494970777858298, 0.0030105679505249084, 0.0036693043892206665, 0.0069796430575949355, 0.0030105679505249084], [0.8965963200164145, 0.08851318015729731, 0.0030071274513471533, 0.0036653132056837087, 0.005210931717910156, 0.0030071274513471533], [0.9086946935331082, 0.07749961163197484, 0.0030033044191561417, 0.003658548682886771, 0.004140537313717974, 0.0030033044191561417], [0.9003381927847985, 0.06476115170195887, 0.02407793871533931, 0.0035666968448835666, 0.004247549888505184, 0.0030084700645146034], [0.8772166373861954, 0.04653316772577385, 0.027521763265542634, 0.0047110781405568375, 0.040468137587995646, 0.003549215893935751]], [[0.7390833734306659, 0.08637009030118019, 0.04770581530074109, 0.02942663719234151, 0.08940146043537332, 0.008012623339698006], [0.521323146372985, 0.2150148540752312, 0.1888918219828561, 0.016858578574110335, 0.05486319948257829, 0.003048399512238918], [0.284630080630532, 0.21000636472909545, 0.3217717819515301, 0.021528335567805895, 0.15904611509137243, 0.003017322029664152], [0.6084552744944721, 0.15670358350244334, 0.06694220115357576, 0.04595453019368873, 0.1119809806170246, 0.009963430038795405], [0.6547385929935119, 0.19401211105384783, 0.10362407431874823, 0.010512419917860264, 0.034074481571500066, 0.003038320144531706], [0.5294659655723766, 0.14879065718060175, 0.07114950012591482, 0.027609711100892873, 0.21528565124450702, 0.007698514775707098], [0.8080272627985644, 0.1036034225116742, 0.06013381057765946, 0.006599339871115163, 0.01862387696857682, 0.0030122872724100175], [0.024165180777627027, 0.10615675646847168, 0.0030796840076362415, 0.005598136653391892, 0.8579205580852369, 0.0030796840076362415], [0.866586148807101, 0.10697470908251251, 0.003038831776563423, 0.005539787534469635, 0.014821691022790098, 0.003038831776563423], [0.8920895939166379, 0.08788079878473277, 0.0030085356279787694, 0.0037337817357460273, 0.010278754306925831, 0.0030085356279787694], [0.03893628300564455, 0.1252042628105358, 0.0030438733445611577, 0.0057933738239509276, 0.8239783336707465, 0.0030438733445611577], [0.8342199741462182, 0.13097181178469713, 0.0030171103408869536, 0.005501564682620385, 0.02327242870469043, 0.0030171103408869536], [0.7872243188973256, 0.16501347777165934, 0.0030053214097643757, 0.007095817150640947, 0.034655743360845474, 0.0030053214097643757], [0.7417880310932996, 0.2030865444507777, 0.003038853059221238, 0.008297626103823065, 0.04075009223365714, 0.003038853059221238], [0.2739138000404239, 0.2272729648359889, 0.013579615823421197, 0.03357754094043147, 0.3488132679118935, 0.10284281044784085], [0.2475220597788546, 0.2279409589080675, 0.013490249124656222, 0.047527529371720834, 0.36126755627060797, 0.10225164654609287], [0.3043844365814026, 0.21417076594356638, 0.013480344141503803, 0.04352545012019624, 0.3222785277025084, 0.10216047551082272], [0.05675111301278073, 0.14306068747317216, 0.003017897526375434, 0.006624764530317274, 0.7875276399309791, 0.003017897526375434], [0.734359452520778, 0.2194816664142018, 0.0030439423946226115, 0.008479760619781758, 0.03159123565599335, 0.0030439423946226115], [0.6857309373664389, 0.26274462152250777, 0.003032618908300727, 0.007908307958487399, 0.037550895335964424, 0.003032618908300727], [0.6635340290052228, 0.2709173565356925, 0.00301092493222175, 0.009280185523135842, 0.0502465790715053, 0.00301092493222175], [0.6618002720746796, 0.27470823477979495, 0.0030185881787329694, 0.009364277942862858, 0.04809003884519666, 0.0030185881787329694], [0.6705371602546061, 0.25249188439097786, 0.0030228762928524483, 0.010749382999478673, 0.06017581976923236, 0.0030228762928524483], [0.6892691252819751, 0.2254346680736667, 0.0030297437501305676, 0.012045317667813383, 0.06719140147628364, 0.0030297437501305676], [0.7759081831083314, 0.17329193999126735, 0.0030052248118948733, 0.008712405629491856, 0.0360770216471196, 0.0030052248118948733], [0.8089915107254539, 0.154992359571007, 0.003018079935567275, 0.006642312789918533, 0.023337657042486068, 0.003018079935567275], [0.8180417420415569, 0.1482322764421975, 0.003023038068394611, 0.00686410818457323, 0.020815797194883186, 0.003023038068394611], [0.8079647876058567, 0.14876614578309572, 0.0030068968157764774, 0.0069563025682467606, 0.030298970411248, 0.0030068968157764774]