{"prediction": [[[0.896221685950312, 0.013940902178356954, 0.013347548760724687, 0.010658559028152659, 0.05517274505430094, 0.010658559028152659], [0.8902227619832709, 0.018115779927926533, 0.012637218404719883, 0.01074003747688541, 0.057544164730311875, 0.01074003747688541], [0.8811662461411623, 0.017886747377733724, 0.012279349032094959, 0.011002190673460074, 0.06666327610208882, 0.011002190673460074], [0.8831874418345643, 0.01792821614016845, 0.012093231718354573, 0.010948091822678299, 0.06489492666155605, 0.010948091822678299], [0.8787432119555438, 0.01796593535900511, 0.011103196427285562, 0.011103196427285562, 0.06998126340359427, 0.011103196427285562], [0.8681485653559569, 0.019382051423428134, 0.01139037631473229, 0.01139037631473229, 0.07829825427641825, 0.01139037631473229], [0.8763267628149652, 0.016724546166177353, 0.011633778275457408, 0.011194654403099276, 0.07292560393720134, 0.011194654403099276], [0.8837076586806398, 0.016972323326024382, 0.010985137011856888, 0.010985137011856888, 0.06636460695776514, 0.010985137011856888], [0.8865840562320666, 0.018172046086091048, 0.010902300036759065, 0.010878850539420497, 0.06258389656624232, 0.010878850539420497], [0.8869546579263083, 0.01784453597162614, 0.010873325398480913, 0.010873325398480913, 0.06258082990662273, 0.010873325398480913], [0.8866600686533819, 0.01729744480436917, 0.010892492067725001, 0.010892492067725001, 0.06336501033907398, 0.010892492067725001], [0.89492145766023, 0.015501642562274837, 0.010715336119636413, 0.010715336119636413, 0.05743089141858605, 0.010715336119636413], [0.8927895575115251, 0.015075926466785116, 0.010778491022696316, 0.010778491022696316, 0.05979904295360068, 0.010778491022696316], [0.9017315204578642, 0.014029936915252887, 0.009999344394886384, 0.009999344394886384, 0.05424050944222363, 0.009999344394886384], [0.8996992918456302, 0.012905759226181607, 0.009999425579139572, 0.009999425579139572, 0.05739667219076942, 0.009999425579139572], [0.8904428020731608, 0.01691963143339866, 0.01079990804670796, 0.01079990804670796, 0.06023784235331667, 0.01079990804670796], [0.8853989014225342, 0.01654721232970882, 0.010943966139112603, 0.010943966139112603, 0.06522198783041912, 0.010943966139112603], [0.8553547797033064, 0.018472106905608528, 0.011842309393762376, 0.011842309393762376, 0.09064618520979797, 0.011842309393762376], [0.8720119264036734, 0.017882619425706934, 0.011306389701344753, 0.011306389701344753, 0.07618628506658541, 0.011306389701344753], [0.8587646761467813, 0.01739265933252472, 0.011755546852424184, 0.011755546852424184, 0.08857602396342132, 0.011755546852424184], [0.8666049643438736, 0.017951291856402173, 0.011476994330734534, 0.011476994330734534, 0.08101276080752058, 0.011476994330734534], [0.8649136917915436, 0.01857179419964178, 0.011515097609041987, 0.011515097609041987, 0.08196922118168862, 0.011515097609041987], [0.893971328905884, 0.0176223342901335, 0.010696204729879585, 0.010696204729879585, 0.05631772261434383, 0.010696204729879585], [0.8958650097963876, 0.016475957680109315, 0.01067215400617008, 0.01067215400617008, 0.05564257050499286, 0.01067215400617008], [0.9063904303216378, 0.015514768444748741, 0.010450637780768973, 0.010450637780768973, 0.04674288789130665, 0.010450637780768973], [0.90796837493724, 0.014209933650558544, 0.009999183170244005, 0.009999183170244005, 0.04782414190146934, 0.009999183170244005], [0.9153091115309201, 0.013299047616814604, 0.009999035527264723, 0.009999035527264723, 0.04139473427047108, 0.009999035527264723], [0.9173104335548751, 0.013084540730952707, 0.009998998294363126, 0.009998998294363126, 0.03960803083108284, 0.009998998294363126], [0.9106060467404044, 0.014093716793300784, 0.01038845869719984, 0.01038845869719984, 0.04413486037469533, 0.01038845869719984], [0.8906318166212192, 0.014428175108928519, 0.010849683337014849, 0.010849683337014849, 0.06239095825880782, 0.010849683337014849], [0.8907795593199926, 0.017156840583308856, 0.01078599306071742, 0.01078599306071742, 0.059705620914546384, 0.01078599306071742], [0.8921882882701855, 0.018162945506652484, 0.010730387443551662, 0.010730387443551662, 0.05745760389250695, 0.010730387443551662], [0.8871130382409639, 0.01724632890581988, 0.010881553797287353, 0.010881553797287353, 0.06299597146135412, 0.010881553797287353], [0.8942682907733424, 0.017251286851504816, 0.010696129788473297, 0.010696129788473297, 0.05639203300973293, 0.010696129788473297], [0.8884847073148794, 0.01532391679895855, 0.010887335704417788, 0.010887335704417788, 0.06352936877290867, 0.010887335704417788], [0.8941043256031589, 0.01482034416598407, 0.010750223507843775, 0.010750223507843775, 0.05882465970732567, 0.010750223507843775], [0.9031229092442232, 0.01436052627111554, 0.01054292600359121, 0.01054292600359121, 0.0508877864738877, 0.01054292600359121], [0.8966028613350085, 0.01388292543455514, 0.010707628355041516, 0.010707628355041516, 0.05739132816531194, 0.010707628355041516], [0.8956714167930959, 0.016132926973980163, 0.01068419321091712, 0.01068419321091712, 0.05614307660017267, 0.01068419321091712], [0.9159478679484195, 0.011268304795727185, 0.011113025351438264, 0.010323427906485692, 0.04102394609144374, 0.010323427906485692]], [[0.8928345537546635, 0.019195826993059807, 0.012856089889077929, 0.010649638352794928, 0.05381425265760884, 0.010649638352794928], [0.8900354215895528, 0.04057782136996909, 0.025490882454291465, 0.011557583593242654, 0.02201159430472812, 0.010326696688215791], [0.0703880576190446, 0.03384471242252695, 0.0350219918181546, 0.01482756948623044, 0.8348992945401347, 0.011018374113908672], [0.8624998177016049, 0.04465745822109385, 0.032904143851197144, 0.014209463068259435, 0.035002972290648804, 0.010726144867196051], [0.8497953654886592, 0.055848217155907015, 0.03322957787370286, 0.014349999002002988, 0.035950989384469195, 0.010825851095258781], [0.8575654004537546, 0.04842866841511424, 0.03374528460816572, 0.01418889795432721, 0.03537897367811732, 0.010692774890520715], [0.8488544116682258, 0.04655917384050082, 0.032751167067789654, 0.01414340093444553, 0.047008115024319334, 0.010683731464718875], [0.8649699378793243, 0.04644623155629706, 0.03292948162841584, 0.014220405039922607, 0.03070300801288347, 0.01073093588315676], [0.09468207753942921, 0.045108632101212735, 0.03452187825394047, 0.014615831996743985, 0.8002279938474933, 0.01084358626118023], [0.8807487017144513, 0.041831644791774446, 0.025425537963317875, 0.011527956356204495, 0.030157156152030986, 0.010309003022220816], [0.8907214420126572, 0.038590875841854014, 0.025446310449949775, 0.011537374615894727, 0.023369764755547452, 0.010334232324096963], [0.8888381237112987, 0.0402325872775453, 0.025446180006232003, 0.011537315472623592, 0.023620855700536333, 0.010324937831764192], [0.032606894563140455, 0.02184172713488679, 0.015538275631017258, 0.010108637872087656, 0.9097958269267802, 0.010108637872087656], [0.9033347155993943, 0.03486292521293964, 0.02126990250915804, 0.009999682763992141, 0.02053309115052388, 0.009999682763992141], [0.9077306632339833, 0.030282880054642965, 0.02126752341555504, 0.009999687257449466, 0.020719558780919824, 0.009999687257449466], [0.8814376237700671, 0.041384441532942094, 0.0254256753184992, 0.011528018633137944, 0.029912898686845907, 0.01031134205850795], [0.8534063058030871, 0.05323321255463186, 0.03274313123854243, 0.014139930708341861, 0.03580836904900264, 0.010669050646394127], [0.08882054662619089, 0.04531959710399891, 0.03517574145611279, 0.01489266382615676, 0.8047270562617261, 0.011064394725814558], [0.8449601933685926, 0.05753180920339881, 0.03371809128114654, 0.01410054643877603, 0.039063821923348736, 0.010625537784737326], [0.8767742266815323, 0.04800675696861913, 0.025378342718468658, 0.011506557999810724, 0.028052789642905914, 0.010281325988663404], [0.877993895064164, 0.047445040597356596, 0.025370835107247913, 0.011503154043732521, 0.02740265046355042, 0.010284424723948417], [0.8874259442743755, 0.04331275703304138, 0.025418147107435896, 0.01152460533707697, 0.02200544120243372, 0.010313105045636506], [0.9142861675312601, 0.033394998842619136, 0.015195539550872276, 0.010044232037689615, 0.017034829999869255, 0.010044232037689615], [0.9241357683385067, 0.02793981921524877, 0.01516426569582543, 0.010042127300017913, 0.012675892150383188, 0.010042127300017913], [0.919691293369351, 0.029656637471447554, 0.015186565823255728, 0.010045166854267184, 0.015375169627411533, 0.010045166854267184], [0.9293350720065406, 0.02388848732641519, 0.012701988629066354, 0.009999418533932186, 0.014075614970113434, 0.009999418533932186], [0.9287528726618959, 0.023184275219662803, 0.012715199034336598, 0.009999421878917862, 0.015348809326269069, 0.009999421878917862], [0.9001541736985957, 0.030217640952225847, 0.02128253253991559, 0.009999688059943893, 0.02834627668937527, 0.009999688059943893], [0.8634716601598085, 0.018286415420978013, 0.01157026613634247, 0.01157026613634247, 0.08353112601018615, 0.01157026613634247], [0.852763868264468, 0.020869032733861495, 0.01186429757204509, 0.01186429757204509, 0.09077420628553518, 0.01186429757204509], [0.8557526627501227, 0.04604339031882902, 0.032810325139532255, 0.014168948003514325, 0.04052439478046996, 0.010700279007531628], [0.8659259539952402, 0.04499790633979634, 0.03290490914871233, 0.014209793557538456, 0.031222782719411018, 0.010738654239301643], [0.8601818051879577, 0.04867022443235772, 0.03285733817736949, 0.014189250310357358, 0.0333956384325079, 0.010705743459449878], [0.888648557828101, 0.04038623659615527, 0.025462006217488828, 0.01154449108766528, 0.02363466326455172, 0.010324045006037794], [0.8892466308273795, 0.040483398042252365, 0.025451133626566414, 0.011539561447481727, 0.022954211303349716, 0.010325064752970362], [0.08091004029317687, 0.02993877830864908, 0.025573589415627773, 0.011408173139316904, 0.8417890746097434, 0.010380344233485987], [0.8994058575360258, 0.03319189451103964, 0.025536505010339976, 0.011578268891455204, 0.01991333942481432, 0.01037413462632513], [0.9302572057583759, 0.0227763660385652, 0.015188095209116344, 0.010058441035932465, 0.011661450922077475, 0.010058441035932465], [0.8513165977999146, 0.02377533599328701, 0.011836541491402213, 0.011836541491402213, 0.08939844173259176, 0.011836541491402213], [0.8930426590896009, 0.017144785056398118, 0.010810280030762702, 0.010730481711028588, 0.057541312401181044, 0.010730481711028588]], [[0.8764432312930776, 0.017124670744662573, 0.01119044196165907, 0.01119044196165907, 0.0728607720772826, 0.01119044196165907], [0.8532747359560419, 0.04973493294463609, 0.032803532241506395, 0.014166014530026562, 0.039341259723811146, 0.010679524603978011], [0.859850669171126, 0.06962362805206014, 0.010703910495433901, 0.01511747592465744, 0.03400040586128869, 0.010703910495433901], [0.829137655449812, 0.08015616520871087, 0.010732515848506922, 0.015158736451274924, 0.05408241119318851, 0.010732515848506922], [0.8655707948639958, 0.0680887609221811, 0.010938956197750663, 0.015446858364449902, 0.02901567345387196, 0.010938956197750663], [0.15638001810409663, 0.07969640887504251, 0.010743929930193291, 0.015391986327128127, 0.7270437268333462, 0.010743929930193291], [0.6166362989601796, 0.11824893301183606, 0.011388105703137126, 0.019065250851442807, 0.22327330577026744, 0.011388105703137126], [0.8280400926448117, 0.08327855686046882, 0.010535085276135838, 0.014879962361699929, 0.05273121758074776, 0.010535085276135838], [0.8470533816525297, 0.08015161992016706, 0.010613912884256761, 0.014989213076597056, 0.03657795958219268, 0.010613912884256761], [0.8151004912014923, 0.1074775447977741, 0.01041530175372151, 0.014713596743547172, 0.041877763749743356, 0.01041530175372151], [0.8526399885359439, 0.08000477090575124, 0.010214099031042433, 0.012882746040499883, 0.03404429645572012, 0.010214099031042433], [0.8603831244998218, 0.07693216114635955, 0.010240461646939232, 0.012917319588638294, 0.02928647147130183, 0.010240461646939232], [0.09450510584052248, 0.06650276632464432, 0.010289025821211037, 0.013042878512498213, 0.8053711976799129, 0.010289025821211037], [0.8805402509267286, 0.06512043589869063, 0.009999476290370084, 0.010781158484553011, 0.02355920210928767, 0.009999476290370084], [0.10780076222607798, 0.06133481624606256, 0.009999498131877073, 0.010905358352033717, 0.7999600669120716, 0.009999498131877073], [0.8206370213344709, 0.10276267844248686, 0.01061627992116263, 0.01499153466231535, 0.04037620571840161, 0.01061627992116263], [0.8498259051184415, 0.07727420924341083, 0.01080386135209739, 0.015253534040693684, 0.03603862889325925, 0.01080386135209739], [0.8142780947625398, 0.09082240747410561, 0.010643172197181106, 0.015029680130554777, 0.05858347323843757, 0.010643172197181106], [0.07618884765348276, 0.07916236621372245, 0.011013578350321355, 0.01577169834118649, 0.8068499310909656, 0.011013578350321355], [0.8240607111654474, 0.10020613999139268, 0.010465962109361458, 0.014777489819409764, 0.040023734805027134, 0.010465962109361458], [0.08354939385799967, 0.06848102313928002, 0.010286496340696418, 0.013037693520486468, 0.8143588968008411, 0.010286496340696418], [0.07579982051546866, 0.07261826451577914, 0.010275878090891494, 0.013025073103332651, 0.8180050856836364, 0.010275878090891494], [0.8717487966392846, 0.0703392901004758, 0.010292431682383522, 0.01297817590640723, 0.024348873989065357, 0.010292431682383522], [0.9077384149414243, 0.04635923155455661, 0.010013613445048556, 0.010013613445048556, 0.01586151316887336, 0.010013613445048556], [0.9110296181348729, 0.04377917941882149, 0.010015069083252238, 0.010015069083252238, 0.015145995196548743, 0.010015069083252238], [0.9219859374524727, 0.035134782474396185, 0.009998668811715197, 0.009998668811715197, 0.012883273637985578, 0.009998668811715197], [0.8868435344216369, 0.05643889633807606, 0.009999492305807343, 0.010829779269965345, 0.025888805358707082, 0.009999492305807343], [0.8985896195850847, 0.03053264280363355, 0.02127282006786734, 0.009999687105337036, 0.02960554333274041, 0.009999687105337036], [0.8603427481597852, 0.016637195016134823, 0.011723071263048862, 0.011723071263048862, 0.08785084303493333, 0.011723071263048862], [0.8720783421777252, 0.02189381054358032, 0.011208111181902083, 0.011208111181902083, 0.07240351373298816, 0.011208111181902083], [0.11184523746886019, 0.04506921619796619, 0.0343703298418515, 0.014551669609223468, 0.7833518547361514, 0.01081169214594707], [0.8323038505119393, 0.08345760171061913, 0.010545965632746845, 0.014890642995702025, 0.048255973516245866, 0.010545965632746845], [0.8478101915605624, 0.08643822279214856, 0.010606299669962103, 0.014976661263073713, 0.029562325044291012, 0.010606299669962103], [0.10424218295407685, 0.10110227779927462, 0.01051707921127041, 0.01506904621559693, 0.7585523346085108, 0.01051707921127041], [0.8274485806732635, 0.1012221027839536, 0.010479100529063968, 0.01480013175028227, 0.035570983734372646, 0.010479100529063968], [0.8727053075143394, 0.06805094080466308, 0.010300578263099608, 0.012990229039474976, 0.025652366115323417, 0.010300578263099608], [0.8829959133032758, 0.05839050116325261, 0.010362179920786375, 0.013067607458213934, 0.024821618233684967, 0.010362179920786375], [0.06823749821069638, 0.04889152020844236, 0.010445815932320385, 0.013241279160743311, 0.8487380705554771, 0.010445815932320385], [0.9276006464424411, 0.024749843888707428, 0.015191940270090298, 0.010052043103722442, 0.012353483191316132, 0.010052043103722442], [0.8900217592348152, 0.014923146616262192, 0.010855201576719365, 0.010855201576719365, 0.06248948941876457, 0.010855201576719365]], [[0.8864431659785118, 0.015003504714971631, 0.010951447344706603, 0.010951447344706603, 0.0656989872723968, 0.010951447344706603], [0.8673416233095801, 0.040230763889629456, 0.03346803639823265, 0.014452975922204233, 0.03358507452840409, 0.01092152595194964], [0.16465435666828188, 0.07322565990752211, 0.010790282366707735, 0.015459364291020085, 0.7250800543997604, 0.010790282366707735], [0.6044655854661474, 0.11205538976162994, 0.011706029306010224, 0.01959969579689653, 0.24046727036330554, 0.011706029306010224], [0.8216219451437967, 0.08584227472807625, 0.010684836472249168, 0.015093462539120056, 0.056072644644508646, 0.010684836472249168], [0.8538555601423299, 0.07720713582037858, 0.010847513570741674, 0.015324072081838086, 0.03191820481397026, 0.010847513570741674], [0.8152834521854299, 0.09175002240010763, 0.01046979175957794, 0.014792404284619686, 0.05723453761068689, 0.01046979175957794], [0.8369321968186743, 0.08740226995048438, 0.0105501159748852, 0.014903336406335049, 0.03966196487473595, 0.0105501159748852], [0.8159154709458482, 0.10268474426012693, 0.010430096899808814, 0.014735101563019319, 0.045804489431387985, 0.010430096899808814], [0.11116994375018124, 0.07815119856131662, 0.010791209172571339, 0.015458110482663961, 0.7736383288606955, 0.010791209172571339], [0.11243008451475506, 0.09574392177057194, 0.010526159433017566, 0.015079720069246566, 0.7556939547793913, 0.010526159433017566], [0.8615695557133243, 0.07522411829801114, 0.010248020183379374, 0.012925484206236331, 0.029784801415669637, 0.010248020183379374], [0.8663584355442968, 0.07023548137788554, 0.010274827601433516, 0.012959818551968382, 0.029896609322982336, 0.010274827601433516], [0.8816465265492035, 0.06304498562270631, 0.009999479451599132, 0.010790780605751223, 0.024518748319140637, 0.009999479451599132], [0.09031605866181033, 0.0747033259979249, 0.00999958415811623, 0.012631509399885003, 0.8023499376241474, 0.00999958415811623], [0.83729813768093, 0.09120870249514981, 0.010724190154778799, 0.015143425544516753, 0.0349013539698459, 0.010724190154778799], [0.810065972498544, 0.09406170749795872, 0.010618221335022522, 0.014994728630155014, 0.05964114870329714, 0.010618221335022522], [0.5780751568901101, 0.14665717508336396, 0.011208385621555399, 0.018766432575351665, 0.2340844642080635, 0.011208385621555399], [0.7969223481188403, 0.09337883006619378, 0.010501674945738221, 0.014831930220493401, 0.07386354170299596, 0.010501674945738221], [0.843961853043022, 0.08874887108115186, 0.010581613921035295, 0.014942964528146734, 0.031183083505608902, 0.010581613921035295], [0.8168749033075097, 0.10850550482413601, 0.010420277047592274, 0.014716432845449554, 0.039062604927720214, 0.010420277047592274], [0.851223005292392, 0.08439936760071368, 0.01019883357956351, 0.012863448759164153, 0.031116511188603157, 0.01019883357956351], [0.8582147048224257, 0.07934086590078025, 0.010228682631795947, 0.012900076304555929, 0.029086987708646227, 0.010228682631795947], [0.09524470693556894, 0.07516883913643785, 0.010240872278527269, 0.01298192970115657, 0.7961227796697821, 0.010240872278527269], [0.9068063231749292, 0.04697948602567766, 0.010014089286829567, 0.010014089286829567, 0.016171922938904442, 0.010014089286829567], [0.8883471399635131, 0.05640851602466187, 0.009999493857874886, 0.01083412654000797, 0.024411229756067403, 0.009999493857874886], [0.8910634519878474, 0.05316306032610835, 0.009999500788091604, 0.010855609066851056, 0.02491887704300997, 0.009999500788091604], [0.8925520731932145, 0.03393852980875484, 0.021240828086560654, 0.00999968161253509, 0.032269205686400015, 0.00999968161253509], [0.8600260358727195, 0.01854015896133791, 0.01167885492062772, 0.01167885492062772, 0.08639724040405947, 0.01167885492062772], [0.8550480756976926, 0.04413749182233584, 0.03280866597626408, 0.014168231503510853, 0.04313074988383914, 0.010706785116357465], [0.17731966181839287, 0.08565535800994928, 0.0105346732919691, 0.01509615814546053, 0.7008594754422591, 0.0105346732919691], [0.6159220507268636, 0.1649419265509111, 0.01108467684844641, 0.01856416548628263, 0.17840250353905, 0.01108467684844641], [0.15923883827409496, 0.11120745750721854, 0.010369547683633604, 0.014863220547094415, 0.6939513883043249, 0.010369547683633604], [0.1059831513297597, 0.1052484722015145, 0.010484547328697542, 0.015021648575797814, 0.7527776332355329, 0.010484547328697542], [0.09803448394704627, 0.09438405666686117, 0.01058511074351321, 0.015165062897125487, 0.7712461750019405, 0.01058511074351321], [0.11532499574034535, 0.1108619882380921, 0.010422356688458765, 0.014932991549756858, 0.7380353110948882, 0.010422356688458765], [0.8793893865131924, 0.06424774120936774, 0.010334793912509811, 0.013033797033899772, 0.02265948741852048, 0.010334793912509811], [0.8895438800719075, 0.05401934716593843, 0.010400125032688674, 0.013115110492398215, 0.022521412204378265, 0.010400125032688674], [0.8965653360238495, 0.03435210784521515, 0.025529952611961886, 0.011575298029535181, 0.021615103159122538, 0.010362202330315836], [0.8923650578292232, 0.015059198838881536, 0.01086501126033893, 0.010791801292676487, 0.060127129486203405, 0.010791801292676487]], [[0.8890663168748695, 0.016348378531202797, 0.010848591222493901, 0.010848591222493901, 0.06203953092644607, 0.010848591222493901], [0.853918894240503, 0.04979673327271366, 0.03455866459446637, 0.014162361862962132, 0.03689110645447981, 0.010672239574875111], [0.12390726083867629, 0.07445256833286819, 0.010646922324086481, 0.015252464807090525, 0.765093861373192, 0.010646922324086481], [0.8251155492704922, 0.0902184429704314, 0.010499027793754506, 0.014829911520357904, 0.04883804065120939, 0.010499027793754506], [0.1360264928650553, 0.08820887813441745, 0.010524696763325195, 0.015078382342589946, 0.7396368531312868, 0.010524696763325195], [0.8154562097222521, 0.10858962129223473, 0.010414435058801626, 0.014713205891276913, 0.04041209297663314, 0.010414435058801626], [0.835465274872751, 0.0921779983706409, 0.01053264629976619, 0.014877599210611216, 0.0364138349464646, 0.01053264629976619], [0.1579374774202846, 0.10971572385630575, 0.010377468378295883, 0.014871505766105386, 0.6967203562007125, 0.010377468378295883], [0.1539616441762426, 0.09768284583897108, 0.010495439003670254, 0.01503806576452529, 0.7123265662129206, 0.010495439003670254], [0.7996740161308908, 0.10448121132542262, 0.010546956727906124, 0.014897129226466518, 0.059853729861407724, 0.010546956727906124], [0.8524074563061723, 0.08102871680823184, 0.010640143886014069, 0.01502506496517979, 0.03025847414838798, 0.010640143886014069], [0.8141589755293515, 0.10974993250782365, 0.010407122675044622, 0.01470255298410715, 0.04057429362862851, 0.010407122675044622], [0.8520591154712119, 0.08520567779271943, 0.01019914391789861, 0.012863503350231191, 0.029473415550040048, 0.01019914391789861], [0.8717119209028333, 0.07233837653492733, 0.009999460924574847, 0.010732637697917578, 0.025218143015172115, 0.009999460924574847], [0.8706929335105563, 0.07157718469375214, 0.00999946077076115, 0.010731296134022112, 0.02699966412014727, 0.00999946077076115], [0.8015132944066763, 0.11194083626224169, 0.01036170569679493, 0.014635976549025969, 0.051186481388466216, 0.01036170569679493], [0.14876618591004523, 0.09037250106057293, 0.0105579562707814, 0.015121270961350727, 0.7246241295264684, 0.0105579562707814], [0.8173705167350113, 0.09373020301202918, 0.01063633281686575, 0.015018223142604993, 0.0526083914766231, 0.01063633281686575], [0.8425052449807042, 0.08865400678432313, 0.010758009895005608, 0.015188593484932565, 0.03213613496002893, 0.010758009895005608], [0.16657448044959486, 0.09551228480806757, 0.010463594610473312, 0.01498699610286584, 0.701999049418525, 0.010463594610473312], [0.10495237710759373, 0.07628715077774567, 0.010237770761858219, 0.012976342507671733, 0.7853085880832724, 0.010237770761858219], [0.8587558145655599, 0.08025338501312308, 0.01022836142572377, 0.012898089606049972, 0.027635987963819466, 0.01022836142572377], [0.13189691232647277, 0.08454510312001944, 0.010251752519734923, 0.01299855216751136, 0.7500559273465266, 0.010251752519734923], [0.9065410526099171, 0.04830552096163247, 0.010007981432483814, 0.010007981432483814, 0.015129482130999013, 0.010007981432483814], [0.854987228666866, 0.08005506532805337, 0.01021868199735478, 0.012887653680054137, 0.03163268833031681, 0.01021868199735478], [0.876566246363568, 0.0638743011833594, 0.009999474227610846, 0.010774177762407397, 0.028786326235443655, 0.009999474227610846], [0.8903917024725672, 0.03964038418687113, 0.021172002864792906, 0.009999669221342197, 0.028796572033084403, 0.009999669221342197], [0.8919691683380155, 0.018849199829862526, 0.00999951122681231, 0.00999951122681231, 0.05918309815168503, 0.00999951122681231], [0.8721198693049991, 0.016856375336451252, 0.011329377588547875, 0.011329377588547875, 0.07703562259290604, 0.011329377588547875], [0.8523011656385969, 0.045475811446121735, 0.0327813333536702, 0.014156428069479475, 0.04459033505009041, 0.010694926442041258], [0.17242584436802666, 0.09096120212556359, 0.010496009276607352, 0.015036021635330517, 0.7005849133178645, 0.010496009276607352], [0.1859019533745263, 0.11699858326501607, 0.010370348307101852, 0.014860516303527176, 0.6614982504427267, 0.010370348307101852], [0.13320378740692088, 0.11159403416882066, 0.010382040506522304, 0.014875928419911996, 0.7195621689913019, 0.010382040506522304], [0.15282321973914037, 0.11051718329130888, 0.010372887480693775, 0.014861968174676238, 0.7010518538334869, 0.010372887480693775], [0.7873714803518139, 0.11377860233662465, 0.010414027209430448, 0.014708876762810082, 0.06331298612989031, 0.010414027209430448], [0.17373865526548066, 0.11486741856400046, 0.010361116675087385, 0.014848692285687233, 0.6758230005346568, 0.010361116675087385], [0.10233955933522827, 0.09579005267963099, 0.010559163368444775, 0.015127411983380966, 0.7656246492648703, 0.010559163368444775], [0.8753201253120588, 0.06612817003682062, 0.010314491323082708, 0.013007872939780809, 0.024914849065174344, 0.010314491323082708], [0.8912387460838959, 0.036906187073208044, 0.025478039446382498, 0.011551760564645554, 0.024484131007041176, 0.010341135824826906], [0.8943840246646574, 0.01488818225458306, 0.010741725665207697, 0.010741725665207697, 0.058502616085136384, 0.010741725665207697]], [[0.8908770549060953, 0.017319616063793678, 0.010780702971318815, 0.010780702971318815, 0.05946122011615465, 0.010780702971318815], [0.0659451982818862, 0.030980245338254657, 0.025548370536941215, 0.011396923199789062, 0.85576680252494, 0.010362460118188945], [0.8366107780079303, 0.09180747648826339, 0.0105387805409236, 0.01488507466658067, 0.03561910975537853, 0.0105387805409236], [0.0867715491993789, 0.07667527966780557, 0.010764564423140983, 0.015420111217820456, 0.7996039310687132, 0.010764564423140983], [0.8182513883355138, 0.11109644792108579, 0.010422815929560545, 0.014723038219349349, 0.03508349366492981, 0.010422815929560545], [0.11396659671391013, 0.09826184362675632, 0.010152551577610228, 0.01287441663172318, 0.75459203987239, 0.010152551577610228], [0.8086471043308019, 0.11033103545039236, 0.010386244814097997, 0.014673795068774639, 0.04557557552183514, 0.010386244814097997], [0.8388762560540043, 0.08968148384232792, 0.010553750040315491, 0.014905023866597334, 0.035429736156439386, 0.010553750040315491], [0.7997047283410932, 0.09412875351149659, 0.010508428365036297, 0.014841438481778208, 0.07030822293555944, 0.010508428365036297], [0.5884742802970043, 0.14886725152214358, 0.011386852278852588, 0.01907339203173995, 0.22081137159140704, 0.011386852278852588], [0.811992966781913, 0.09008075491268719, 0.010643178838543802, 0.01503055203029853, 0.06160936859801365, 0.010643178838543802], [0.8359096448125554, 0.08997181055017779, 0.01053932340461923, 0.014883119503975474, 0.03815677832405288, 0.01053932340461923], [0.8231418845460059, 0.09732675042592981, 0.010469599482536361, 0.014785525335775481, 0.043806640727216045, 0.010469599482536361], [0.10272976188568236, 0.07622834371395847, 0.009999466272938802, 0.010804816786516937, 0.7902381450679646, 0.009999466272938802], [0.09918869168351738, 0.07131820618311777, 0.009999470738772515, 0.010818178640358245, 0.7986759820154616, 0.009999470738772515], [0.8058524695784238, 0.1093339717280117, 0.010380781503868427, 0.01466012411968425, 0.04939187156614345, 0.010380781503868427], [0.8080574012142548, 0.11031062591455419, 0.010384368505507363, 0.014665415674059261, 0.046197820186117004, 0.010384368505507363], [0.8427869104285667, 0.08680641999105565, 0.010578544501133904, 0.01493726962779672, 0.03431231095031301, 0.010578544501133904], [0.8086691184390712, 0.11019502412834972, 0.010547936069763385, 0.014895777929572824, 0.045144207363479405, 0.010547936069763385], [0.845533650803143, 0.08517000754433729, 0.01018623451791734, 0.012847182531041968, 0.036076690085642814, 0.01018623451791734], [0.8508288476127214, 0.08528482018246653, 0.010195792373774713, 0.012857501888970545, 0.030637245568292306, 0.010195792373774713], [0.8532796991211766, 0.08227408147403974, 0.010208894348176662, 0.012875327016210384, 0.03115310369222006, 0.010208894348176662], [0.055726355974483714, 0.05176411657161483, 0.010288844241243026, 0.010288844241243026, 0.8616429947301724, 0.010288844241243026], [0.06748431907830627, 0.04017013289438995, 0.02540168303384458, 0.011331487081084588, 0.8453009068598777, 0.010311471052496975], [0.8785666817606235, 0.044396300415361654, 0.025335296610590044, 0.011487040864966025, 0.02991779360147928, 0.010296886746979572], [0.08735247208764081, 0.03227389411309124, 0.021448273410063567, 0.009999684374620345, 0.8389259916399636, 0.009999684374620345], [0.12144714951614949, 0.04227100326128478, 0.02861707383606012, 0.012115863606259878, 0.7855489967502254, 0.009999913030020367], [0.8629857816106158, 0.03605939225891006, 0.027369257837981855, 0.011819253339410037, 0.05176640839430238, 0.009999906558779853], [0.8731322686819607, 0.015793829603521926, 0.011325998313292314, 0.011325998313292314, 0.07709590677464034, 0.011325998313292314], [0.8272405208713031, 0.045111116173077094, 0.03621744095465061, 0.014344051704099352, 0.06623539022193208, 0.01085148007493791], [0.8378330482456737, 0.0891829527177199, 0.010731678043816794, 0.015153150512088615, 0.03636749243688411, 0.010731678043816794], [0.8195011362714952, 0.10434801583513938, 0.010438840534292608, 0.014741739436064799, 0.04053142738871536, 0.010438840534292608], [0.8257492996991267, 0.09959065756421845, 0.010474338288036433, 0.014792550228286048, 0.03891881593229581, 0.010474338288036433], [0.7969886001592605, 0.10767025607210359, 0.01052685517612469, 0.01486816080505593, 0.05941927261133056, 0.01052685517612469], [0.6098756827575523, 0.1469627741726111, 0.011171394566361577, 0.018709188954727275, 0.20210956498238608, 0.011171394566361577], [0.7975824232711378, 0.10077590788830987, 0.010481950778759996, 0.014804270798390693, 0.06587349648464175, 0.010481950778759996], [0.12063799244151867, 0.08540602574190481, 0.01057484469859396, 0.015149318108153344, 0.7576569743112352, 0.01057484469859396], [0.8345022311907228, 0.09303303382381103, 0.010526454567601859, 0.01486791780236062, 0.03654390804790195, 0.010526454567601859], [0.8879368644816746, 0.0389693857794314, 0.02544596187938165, 0.011537216573759994, 0.025782824826768854, 0.010327746458983524], [0.8911010790024663, 0.016268944847675583, 0.010796879211817507, 0.010796879211817507, 0.06023933851440567, 0.010796879211817507]], [[0.9022011025062951, 0.01571280379006498, 0.010538438188583922, 0.010538438188583922, 0.05047077913788812, 0.010538438188583922], [0.8927580497134339, 0.03917869207340045, 0.025469070992456426, 0.011547694261482512, 0.020708731183705552, 0.01033776177552128], [0.8751964531139976, 0.06948535547331461, 0.010308369429621485, 0.013001281881103525, 0.02170017067234147, 0.010308369429621485], [0.09669737343820783, 0.09835167496025875, 0.010563433858768461, 0.015132601469174967, 0.7686914824148215, 0.010563433858768461], [0.8594954255103185, 0.08083201626405499, 0.010229835438002361, 0.01290470439793933, 0.026308182951682378, 0.010229835438002361], [0.8519442161915676, 0.08305427919620702, 0.010203894140742237, 0.012873033519175296, 0.03172068281156574, 0.010203894140742237], [0.8356448248140484, 0.09380998609680424, 0.010147071562179165, 0.01280338921471071, 0.037447656750078315, 0.010147071562179165], [0.8271422616159224, 0.09861800760331699, 0.01048228628996631, 0.0148040827241289, 0.038471075476699146, 0.01048228628996631], [0.8339020247244113, 0.09316582733557509, 0.010523370156717293, 0.014860315611098952, 0.03702509201548007, 0.010523370156717293], [0.822319086722288, 0.08751684232055325, 0.010502957432049263, 0.01483402983699862, 0.05432412625606165, 0.010502957432049263], [0.8409567880025643, 0.08875563241836992, 0.010565746610667363, 0.014920391772867246, 0.034235694584863884, 0.010565746610667363], [0.8150929076541917, 0.10407215275436796, 0.01059009589864223, 0.0149564173818499, 0.044698330412305996, 0.01059009589864223], [0.8371945347862002, 0.09130343741204351, 0.010156685495963469, 0.012813323278601702, 0.03837533353122757, 0.010156685495963469], [0.10404423250348431, 0.0719567877871898, 0.00999947457237003, 0.010833066970271591, 0.7931669635943143, 0.00999947457237003], [0.8480345653455968, 0.0894370842796135, 0.009999539746063161, 0.012296453957983774, 0.030232816924679554, 0.009999539746063161], [0.8342752709622431, 0.09360959125467445, 0.010703107109838154, 0.015112686661503364, 0.03559623690190283, 0.010703107109838154], [0.8167103387156662, 0.10427791250015983, 0.010428474599025973, 0.01472578502017577, 0.043429014565946306, 0.010428474599025973], [0.15247222070850996, 0.09574856561191224, 0.010460505926340596, 0.0149823746921364, 0.7158758271347603, 0.010460505926340596], [0.8485148708323536, 0.08112382422163883, 0.010204202229665768, 0.012870057000905148, 0.03708284348577098, 0.010204202229665768], [0.8672397134882169, 0.06960300699578428, 0.010279029753347164, 0.01296115115616334, 0.02963806885314115, 0.010279029753347164], [0.8605710028854332, 0.07538581447924741, 0.010244940798166796, 0.012919477452405516, 0.030633823586580247, 0.010244940798166796], [0.03787781550162287, 0.0418137174977315, 0.010108450823668721, 0.010108450823668721, 0.8899831145296395, 0.010108450823668721], [0.881241104862603, 0.04394281721481445, 0.025361441746959357, 0.011498895087733212, 0.02765530153579248, 0.010300439552097728], [0.8695070068931429, 0.022183617073840176, 0.011279754637851733, 0.011279754637851733, 0.07447011211946168, 0.011279754637851733], [0.8737681264527779, 0.020457499529137897, 0.011506613890910206, 0.011184594217460308, 0.07189857169225344, 0.011184594217460308], [0.8964199617191336, 0.01761871752353433, 0.00999941240928744, 0.00999941240928744, 0.055963083529469604, 0.00999941240928744], [0.9097395335021232, 0.013621100495737474, 0.009999152749559263, 0.009999152749559263, 0.046641907753461664, 0.009999152749559263], [0.8954210269057347, 0.013547532904853773, 0.009999532168402778, 0.009999532168402778, 0.061032843684203135, 0.009999532168402778], [0.876816684749185, 0.014534573028516896, 0.011245491654467676, 0.011245491654467676, 0.0749122672588952, 0.011245491654467676], [0.6441735923368501, 0.05609757005323449, 0.05127626175299486, 0.01728066302894045, 0.21930210766782604, 0.01186980516015373], [0.8152968495709844, 0.09454585124410711, 0.010627198919917367, 0.015006985001545495, 0.05389591634352838, 0.010627198919917367], [0.1560435371439528, 0.09182317176593358, 0.010530068568516446, 0.01508371160156749, 0.7159894423515132, 0.010530068568516446], [0.8000642827285852, 0.12214967107109147, 0.010332413554795233, 0.014595237185583584, 0.04252598190514925, 0.010332413554795233], [0.8388133767318309, 0.09200425545858755, 0.010549407174706545, 0.01489749233105488, 0.0331860611291136, 0.010549407174706545], [0.8146534554003504, 0.09495366190589412, 0.010454209515711852, 0.014765547032814031, 0.05471891662951782, 0.010454209515711852], [0.8651197861112995, 0.07140559938477319, 0.010730700457429779, 0.01515206298785281, 0.026861150601215127, 0.010730700457429779], [0.82492817626268, 0.10051241691914196, 0.010469037112035335, 0.014788553907979753, 0.03883277868612781, 0.010469037112035335], [0.8555298710611171, 0.07765091528894712, 0.010227035066800809, 0.012901899089241909, 0.03346324442709216, 0.010227035066800809], [0.8870420964271537, 0.04123661999539415, 0.025446476162474214, 0.011537449750066988, 0.024419210848374815, 0.010318146816536162], [0.9019723756497895, 0.016162591613941974, 0.010535431850659659, 0.010535431850659659, 0.050258737184289595, 0.010535431850659659]], [[0.8825312626673388, 0.015754882325440304, 0.01104388275077423, 0.01104388275077423, 0.06858220675489812, 0.01104388275077423], [0.8982796030881711, 0.0351290135304028, 0.025508360910980393, 0.01156550833749681, 0.019152259134916146, 0.010365254998032732], [0.8761977626460498, 0.06673181877866262, 0.010316841551709019, 0.01301116924911723, 0.023425566222752436, 0.010316841551709019], [0.8653179542551245, 0.07441974110319527, 0.010261260683830757, 0.012942179795122282, 0.02679760347889664, 0.010261260683830757], [0.08750469161727843, 0.0736064788767075, 0.010253390610582641, 0.012999623180548274, 0.8053824251043006, 0.010253390610582641], [0.8578534628289682, 0.07692628100417667, 0.010234071334601734, 0.012908115065999787, 0.03184399843165183, 0.010234071334601734], [0.13354537086113258, 0.08030096226703798, 0.010275891346362118, 0.013030353173371924, 0.7525715310057334, 0.010275891346362118], [0.8463592169014691, 0.0831672613648181, 0.010194251143585834, 0.012858728035275458, 0.0372262914112657, 0.010194251143585834], [0.8327424123417515, 0.0928060828225598, 0.010518959184282412, 0.014855020115148464, 0.038558566351975514, 0.010518959184282412], [0.8394652087131763, 0.0759855434105273, 0.010738561400503641, 0.015163156370137909, 0.047908968705151156, 0.010738561400503641], [0.824296986398738, 0.08499084233505323, 0.010637807023366558, 0.015021923723224124, 0.05441463349625137, 0.010637807023366558], [0.843298006762387, 0.08055146770448812, 0.010203695621947891, 0.012869697594408702, 0.04287343669482049, 0.010203695621947891], [0.8586368100290691, 0.0764454036239598, 0.01023724826059481, 0.012910517778617075, 0.031532772047164426, 0.01023724826059481], [0.08997955533460657, 0.074830351786068, 0.009999584222188353, 0.01263048813775478, 0.8025604362971939, 0.009999584222188353], [0.08721317448998038, 0.14254103819066577, 0.009999671712857712, 0.012944804966182786, 0.7373016389274556, 0.009999671712857712], [0.8108462160399316, 0.0979458210914357, 0.010600658109932291, 0.01496751859811145, 0.05503912805065684, 0.010600658109932291], [0.8470766921880714, 0.08121288975639278, 0.010611465011988524, 0.014981831613004168, 0.035505656418554715, 0.010611465011988524], [0.11620914097802285, 0.08870425209008352, 0.01056335804759184, 0.015128859331117192, 0.7588310315055926, 0.01056335804759184], [0.8467719486528741, 0.0814910225043397, 0.010201029722856596, 0.012865253177693286, 0.03846971621937963, 0.010201029722856596], [0.8483989981311476, 0.0799211565529561, 0.010208741273115142, 0.012874000701938929, 0.038388362067727014, 0.010208741273115142], [0.8573851320334136, 0.07716282566017785, 0.010232291456685324, 0.012903432433139066, 0.0320840269598988, 0.010232291456685324], [0.8476771558842472, 0.08349747106476606, 0.010194727619015149, 0.012857062041989562, 0.03557885577096694, 0.010194727619015149], [0.8478492795426419, 0.08386585842553762, 0.010193784392899514, 0.012856242481911041, 0.03504105076411036, 0.010193784392899514], [0.8743211145049565, 0.04787382107166182, 0.025302485973799055, 0.011472164499734682, 0.030749464245589556, 0.010280949704258406], [0.13388174971123407, 0.06307450411762737, 0.03401961498917541, 0.01440318436958007, 0.7439282880355221, 0.010692658776861076], [0.8790726842767134, 0.03902851764276979, 0.02735077005555316, 0.011811269499091741, 0.03273685240191473, 0.009999906123957302], [0.8678034211644693, 0.03222897311960994, 0.02740177393342602, 0.011833295224357674, 0.050732627527318185, 0.009999909030818908], [0.8933564842213347, 0.015203225878416054, 0.009999552383717076, 0.009999552383717076, 0.061441632749098106, 0.009999552383717076], [0.870702354001022, 0.018025636407166, 0.011343449399660083, 0.0