{"prediction": [[[0.9369894443930109, 0.013227162879888957, 0.010249196987687002, 0.010186228439273064, 0.022173474190554255, 0.007174493109585742], [0.9201884883923579, 0.01766637657680924, 0.01414724500404862, 0.013632423680234753, 0.024709870663804003, 0.009655595682745358], [0.9237040339972765, 0.017168081928597992, 0.011821427723421799, 0.013028999924278617, 0.025058909075473774, 0.009218547350951196], [0.9241228099190487, 0.01577148140445901, 0.01338507346259344, 0.012612369001292966, 0.024641108042824586, 0.0094671581697813], [0.9269415455578975, 0.015214820889823386, 0.010759505691615268, 0.012019105141965067, 0.025897516421053295, 0.009167506297645355], [0.928205119642628, 0.01384632501344444, 0.011356563977151044, 0.01154228692912126, 0.02620188829871382, 0.00884781613894128], [0.9317059647261526, 0.01239468902315658, 0.010582617896896535, 0.0101422431365902, 0.02742057847074236, 0.0077539067464616595], [0.9318682447526466, 0.011812293282585736, 0.012380030619453787, 0.009933278347407395, 0.025876443500246656, 0.008129709497659673], [0.9351529372986606, 0.011796140917927706, 0.010465944270250115, 0.00937902876063324, 0.026014949512868327, 0.0071909992396600895], [0.9300830334789216, 0.013694617620693083, 0.011048832730272084, 0.011064713194473712, 0.025527866397285617, 0.008580936578354015], [0.9308049253349697, 0.013290517180720812, 0.010878270317814633, 0.01097916849328658, 0.025809673158778235, 0.00823744551442983], [0.927617887870318, 0.014365145005905803, 0.011681882689007274, 0.011680096555831803, 0.02558928863108849, 0.009065699247848651], [0.9284575343763373, 0.014317298002058018, 0.011706472402647423, 0.01219629067223263, 0.023927092271786517, 0.009395312274938138], [0.9267223682392233, 0.016268303430542613, 0.011118358478540032, 0.012758525166902197, 0.023928544918679955, 0.009203899766111877], [0.9251064386365605, 0.016559250456816013, 0.011687560027995486, 0.01363503482444655, 0.023020009105072434, 0.009991706949108994], [0.9207221451888304, 0.01705546979268211, 0.012808400319845556, 0.014172673831612302, 0.024778006867771325, 0.010463303999258168], [0.9215435116600117, 0.016736321198731245, 0.012454326931526203, 0.013928353925160326, 0.025241169088535166, 0.01009631719603537], [0.920881276929267, 0.016773875371095204, 0.012734593386366124, 0.014072848014611655, 0.02495076314594281, 0.010586643152717136], [0.9289941144154663, 0.014744879413111336, 0.012120494103504815, 0.012592285112681548, 0.02220831023646224, 0.009339916718773735], [0.9327616378299073, 0.013257994828843994, 0.012019927750226833, 0.010835085994183253, 0.022785950510330895, 0.008339403086507727], [0.9366895009535864, 0.011641838579887265, 0.011195491875442125, 0.009441234898122996, 0.023939022044252634, 0.0070929116487087095], [0.9456071911222003, 0.011157177403924022, 0.009954691320315255, 0.008041606930471148, 0.019533147761065482, 0.005706185462023835], [0.9393912761337924, 0.012331974978000343, 0.010798812910929297, 0.009179927428436789, 0.02231546282836981, 0.005982545720471522], [0.9471808904160421, 0.011852074279172032, 0.009167016630987382, 0.007936124749206668, 0.018606213604234825, 0.005257680320356745], [0.9451484479098209, 0.010537529586576335, 0.011542918575759424, 0.008107193977139061, 0.019325197300580042, 0.005338712650124177], [0.9411412457635097, 0.01046610660964576, 0.010885802842679917, 0.008340360301322687, 0.023241661443858145, 0.0059248230389839784], [0.931445167023633, 0.012741364836033796, 0.012808010578455717, 0.011210526379115161, 0.02325480330134487, 0.008540127881417451], [0.9311245610504697, 0.012207110854172094, 0.01249971360655699, 0.010867601383353482, 0.02461929829992947, 0.008681714805518149], [0.9252220652874322, 0.014496384853607653, 0.012768704380111358, 0.012492694526417296, 0.02510328867300904, 0.009916862279422341], [0.9255028740196136, 0.014781811029306919, 0.012733553010857483, 0.012750430977432173, 0.024694176472531963, 0.009537154490257837], [0.9204981642945873, 0.01666498431686982, 0.013406019465479247, 0.014387141513199317, 0.024493767444328157, 0.010549922965536267], [0.919789993959887, 0.016290663552028493, 0.014302010787736108, 0.01437960241445619, 0.024586493633749467, 0.010651235652142706], [0.9213589705091814, 0.01793409478673491, 0.012985060389119694, 0.013777099001362947, 0.024716904029617678, 0.00922787128398356], [0.923281910946564, 0.014570633271337645, 0.01325138666164216, 0.012910573521782136, 0.026134473361504675, 0.0098510222371694], [0.9276206631618482, 0.01452466142808823, 0.011340517849643872, 0.011548543286236683, 0.026078262467186267, 0.008887351806996662], [0.932749539179305, 0.014133392472332479, 0.011149105652600138, 0.010810206464267632, 0.023227823245414666, 0.007929932986080055], [0.929707233512789, 0.014994255173232062, 0.01095888947736796, 0.01037263441986151, 0.026514955908718767, 0.00745203150803059], [0.936110522234515, 0.013889162005239328, 0.010386425921685163, 0.008710017980640717, 0.024714635823941337, 0.006189236033978498], [0.9305389522457385, 0.016392191400623278, 0.010612553437704795, 0.009521920324135208, 0.026763404987239486, 0.006170977604558767], [0.9420973362429461, 0.012272497544534317, 0.008072156729879033, 0.007380374261854438, 0.024695142926388435, 0.005482492294397676]], [[0.9198261256839951, 0.018881919559705244, 0.014521651072242653, 0.014297346634908736, 0.02252158640048737, 0.009951370648660777], [0.8817509196130421, 0.04199883301321034, 0.04439362149768795, 0.006515464081289939, 0.020335603162969798, 0.0050055586317997456], [0.8635153231534608, 0.04746256855195229, 0.05279478520518478, 0.007997191037884321, 0.023193873293562386, 0.005036258757955428], [0.7948252794360615, 0.07036905666836021, 0.08049256236704674, 0.012762102295452625, 0.03654976017664974, 0.0050012390564290925], [0.8638831481014134, 0.04705294628367491, 0.048618286823674806, 0.008616363257456855, 0.02678750174997212, 0.005041753783807777], [0.8859595436025965, 0.042617103971568926, 0.035044496409455554, 0.007329181307163397, 0.024034894513946227, 0.0050147801952695505], [0.05946923393750211, 0.04296818878185648, 0.04362725921579024, 0.007377381712193081, 0.8414982082179289, 0.005059728134729165], [0.8171617951132649, 0.07068675210307866, 0.06101995784879779, 0.010089131185838526, 0.03597547630537871, 0.00506688744364124], [0.863544127363171, 0.03997959305825251, 0.03845932485317795, 0.007041486686890374, 0.045974494693931646, 0.005000973344576483], [0.8658606393424317, 0.04174944338563548, 0.04017219116404988, 0.021195917919241435, 0.025975052972279544, 0.005046755216361918], [0.11640298656952723, 0.06319574042227584, 0.06671251696242828, 0.011043148366950384, 0.7376061813398234, 0.00503942633899499], [0.809801393632546, 0.060223349583095435, 0.077099852129879, 0.010853866913597878, 0.03701391117457743, 0.005007626566304233], [0.8119501757954714, 0.06389727506939542, 0.07136856353172835, 0.011237038237915933, 0.03653820732685454, 0.005008740038634312], [0.829327944456201, 0.0504750837349354, 0.07954925960167347, 0.008879321166799892, 0.02672452853617354, 0.005043862504216651], [0.7898297853699622, 0.07015761784106102, 0.08551954402230626, 0.012702513262225427, 0.03678868018662428, 0.0050018593178207445], [0.08889154923485212, 0.07106420033492551, 0.09533329747800252, 0.012220243277782256, 0.7274840741504585, 0.005006635523979214], [0.7946980124740199, 0.07168613430768245, 0.08311129704390993, 0.011838934158532547, 0.03366523249480087, 0.00500038952105417], [0.8584365145991129, 0.047656705214649736, 0.05574922525748767, 0.008216409741292103, 0.02489888806080589, 0.005042257126651787], [0.05423782692645735, 0.041059300755528015, 0.04392642495071876, 0.0065962581969224695, 0.8491522416855312, 0.005027947484842293], [0.9089980646835679, 0.03485595790814849, 0.029577847266039813, 0.005969590547820964, 0.015580818597845469, 0.005017720996577423], [0.9048410512211799, 0.019293648123720815, 0.019774459685450205, 0.013997029401931912, 0.032351389953463865, 0.009742421614253347], [0.9482463151449151, 0.020925757895492777, 0.014031059613622934, 0.005002663379994365, 0.006791540585980411, 0.005002663379994365], [0.9517695212810222, 0.02027309204913714, 0.012955099425628586, 0.005000762414737386, 0.005000762414737386, 0.005000762414737386], [0.9505491772411783, 0.021177079873439513, 0.012941431632565673, 0.005000445456263981, 0.005331420340288655, 0.005000445456263981], [0.9230884736095929, 0.016071343272592603, 0.016410735294893106, 0.010174312739783413, 0.028098273929966576, 0.006156861153171285], [0.9204645993504262, 0.015461067760966406, 0.014497742396706245, 0.01043430247398141, 0.03165975029600775, 0.007482537721912173], [0.9124646293509048, 0.015473003446655819, 0.016642372181493836, 0.01267456463466358, 0.032638903584898224, 0.01010652680138387], [0.907115313047313, 0.017345935065392084, 0.016713541443820087, 0.013231662047317893, 0.03473666311458695, 0.010856885281570085], [0.9122453112897323, 0.015911313790074592, 0.015781985530441568, 0.012831283248082177, 0.03247564547222084, 0.010754460669448554], [0.898825131865542, 0.020804200389754578, 0.02004991049258392, 0.016839249133099202, 0.03033801581644433, 0.013143492302576085], [0.8057829862639598, 0.05824218345732804, 0.08076921569774288, 0.010640583990731223, 0.039551200744673796, 0.0050138298455640225], [0.8141796367809737, 0.0616465300177775, 0.07910366773787313, 0.009758606034508848, 0.030298312460855056, 0.005013246968011748], [0.8699706229900978, 0.04451764717227365, 0.049857001239759224, 0.007429196899415604, 0.023208083277838736, 0.005017448420615154], [0.8877585577710592, 0.0397605511068947, 0.04121477153546006, 0.006305560820812323, 0.019958950394531008, 0.005001608371242843], [0.9002206614038128, 0.03669328764395026, 0.033602519289072985, 0.005962765661801856, 0.018513011308722686, 0.005007754692639317], [0.902963772341761, 0.036288631633025474, 0.029890383374560882, 0.005970717460491855, 0.019871258357071857, 0.00501523683308902], [0.04734607087623259, 0.035054566873029325, 0.0292828213151698, 0.006058117800167421, 0.8772292910365066, 0.005029132098894257], [0.9471685626403313, 0.022177690849982033, 0.013922216705567817, 0.005002165846181304, 0.006727198111756231, 0.005002165846181304], [0.9490939910016489, 0.022510811620524637, 0.013125136536683181, 0.005000047893358365, 0.005269965054426572, 0.005000047893358365], [0.939911533197349, 0.014762635360912758, 0.009778159418458386, 0.0071870413097467585, 0.022904379361001048, 0.005456251352532123]], [[0.9170634859720402, 0.02049495492787198, 0.013862123122279746, 0.015640804468529942, 0.022393448051589892, 0.01054518345768834], [0.055040249930473614, 0.048983299494596816, 0.07515892432406315, 0.00810260860504183, 0.8076687129443205, 0.005046204701504087], [0.7580310568299817, 0.1799949899392569, 0.005038403770360204, 0.01191200656316907, 0.03998513912687186, 0.005038403770360204], [0.7441354110682804, 0.18099839356681782, 0.00504596979466931, 0.014121161332174902, 0.050653094443388356, 0.00504596979466931], [0.7681075003516658, 0.16274663372887405, 0.005010582898731454, 0.01240723902313788, 0.04671746109885944, 0.005010582898731454], [0.8082250530660968, 0.13644531903554144, 0.005053061723435005, 0.00972487131656677, 0.035498633134925, 0.005053061723435005], [0.8018962093370849, 0.13250329924731488, 0.005006241744193929, 0.011641052206819909, 0.04394695572039232, 0.005006241744193929], [0.10486040045712657, 0.1376633364246081, 0.00500794343452391, 0.012262285625288163, 0.7351980906239294, 0.00500794343452391], [0.7841784816198105, 0.14652537693841716, 0.0050253252553580895, 0.011807349219849885, 0.047438141711206236, 0.0050253252553580895], [0.7903379337753577, 0.14123683322852748, 0.005002273630420043, 0.011538415504005538, 0.046882270231269244, 0.005002273630420043], [0.7775315696597993, 0.15263504960520685, 0.005002793293588058, 0.012582260917256708, 0.04724553323056098, 0.005002793293588058], [0.12175401167414128, 0.1644915241697755, 0.005035045756088595, 0.01441660551389378, 0.6892677671300123, 0.005035045756088595], [0.10476849858109645, 0.16803800429650287, 0.0050119405142761645, 0.013747726382034536, 0.7034218897118137, 0.0050119405142761645], [0.7586752578810971, 0.16826512357983195, 0.00501995245997236, 0.01348345868829775, 0.04953625493082861, 0.00501995245997236], [0.7445050695343148, 0.18172025467478314, 0.005046301104743643, 0.01391449592937551, 0.0497675776520392, 0.005046301104743643], [0.7454572114200348, 0.18546149530456724, 0.00503778934489097, 0.013708335061538969, 0.045297379524076954, 0.00503778934489097], [0.10408494211209156, 0.19860145200190346, 0.005055360715335746, 0.0144886354159086, 0.672714249039425, 0.005055360715335746], [0.09498372248952729, 0.1765803036899166, 0.005013253415267307, 0.012515097420469013, 0.7058943695695525, 0.005013253415267307], [0.8614829697358983, 0.05078451839786203, 0.04960061408199478, 0.008399182071888639, 0.02470112816024344, 0.0050315875521128], [0.8950981612913116, 0.02398700233476298, 0.019346910139665843, 0.01890418670046726, 0.028472099848221334, 0.014191639685570929], [0.04111665187473434, 0.032077415635984124, 0.027831310164793677, 0.006057236319479314, 0.8878865357585439, 0.005030850246464682], [0.9452099187386351, 0.03372919226589561, 0.005000208334913493, 0.005000208334913493, 0.006060263990728698, 0.005000208334913493], [0.016130445310838862, 0.03479687551415034, 0.005008596880079799, 0.005008596880079799, 0.9340468885347715, 0.005008596880079799], [0.909051083802563, 0.0596319151694702, 0.005044167903868419, 0.007196070778250399, 0.014032594441979447, 0.005044167903868419], [0.04299545900951326, 0.029232040379202046, 0.028173971279540678, 0.00606392175783716, 0.8884975722278691, 0.005037035346037764], [0.9007631174110603, 0.0215251384909126, 0.01777366506540337, 0.016719269704402157, 0.03020855528651656, 0.01301025404170499], [0.9026779518412806, 0.020348694192221895, 0.01817284705154166, 0.017629317131658113, 0.026973665203518297, 0.014197524579779328], [0.9044050539044904, 0.01896568293949102, 0.017710862495642944, 0.016416487209688326, 0.02912029309154244, 0.013381620359144792], [0.8990434964403494, 0.02070385957305565, 0.018689165865535092, 0.01706030786178427, 0.030793711843067794, 0.01370945841620787], [0.5209463934861739, 0.0662217339830919, 0.1415774791466777, 0.018641823454377725, 0.24758684314335339, 0.005025726786325241], [0.7787235547266605, 0.15258434215661842, 0.005002833269977266, 0.011146803832899147, 0.04753963274386742, 0.005002833269977266], [0.7810592507650006, 0.15531940356089605, 0.005004109499486879, 0.010952497281245725, 0.04266062939388374, 0.005004109499486879], [0.7997047267231533, 0.14221631605066762, 0.005012176495867461, 0.010371475538379504, 0.037683128696064626, 0.005012176495867461], [0.0648452865766487, 0.09487446159706052, 0.005016467749910019, 0.007858728401239138, 0.8223885879252316, 0.005016467749910019], [0.8631012087479879, 0.0906462503803256, 0.005005957399641694, 0.008139296938734766, 0.02810132913366836, 0.005005957399641694], [0.8621796732711424, 0.08952645054066455, 0.005009289712649177, 0.008082765034703484, 0.030192531728191273, 0.005009289712649177], [0.8778632382175368, 0.08226964623543073, 0.00500137947850731, 0.007140944725623162, 0.022723411864394808, 0.00500137947850731], [0.8858878392835334, 0.07712281580425091, 0.005005797792277206, 0.007144600201578133, 0.01983314912608312, 0.005005797792277206], [0.945311045447456, 0.023226875982959895, 0.015609212727846435, 0.005000889084663575, 0.005851087672410477, 0.005000889084663575], [0.9367717019369973, 0.014091023871701282, 0.010451778014094531, 0.007483123279158612, 0.025632211337498573, 0.005570161560549799]], [[0.9151696770929107, 0.019743877191646837, 0.01385907218202178, 0.015507212734741671, 0.024856351894471686, 0.010863808904207316], [0.78704239966591, 0.06790864187382431, 0.09468425258882847, 0.011997982980380132, 0.03335912687887285, 0.005007596012184136], [0.7431960113562484, 0.18416443624316986, 0.005050765998178918, 0.013997550672518995, 0.048540469731704956, 0.005050765998178918], [0.7150152343868175, 0.2077247799590106, 0.005035391898060457, 0.013560902362364633, 0.05362829949568635, 0.005035391898060457], [0.7444207010806123, 0.1739329351075779, 0.005044667349239399, 0.014481463866547478, 0.05707556524678353, 0.005044667349239399], [0.7670652875714019, 0.15386531518386434, 0.00501446395474336, 0.013681994718902407, 0.055358474616344695, 0.00501446395474336], [0.7829862230533742, 0.1405158399473889, 0.005008011711519404, 0.013040316669101628, 0.05344159690709654, 0.005008011711519404], [0.13683117091687536, 0.13625608300362801, 0.005007638776669496, 0.013103620950100708, 0.7037938475760569, 0.005007638776669496], [0.7925319613020276, 0.13337651574330514, 0.00500785117210719, 0.012927538053527346, 0.0511482825569255, 0.00500785117210719], [0.7853505483187655, 0.1409008781521935, 0.005004704537790981, 0.012662550539997082, 0.0510766139134619, 0.005004704537790981], [0.7535015360398156, 0.16832296485000617, 0.005010597319549364, 0.013695781324262923, 0.05445852314681652, 0.005010597319549364], [0.4928303005722447, 0.26496066174870553, 0.005000397361232676, 0.021997323248237163, 0.21021091970834718, 0.005000397361232676], [0.7615915275141647, 0.1621657877741846, 0.005016466072752232, 0.01357989730947922, 0.0526298552566669, 0.005016466072752232], [0.7502034945907544, 0.1728273166859712, 0.005032109222039131, 0.014494615774134825, 0.0524103545050614, 0.005032109222039131], [0.11283728724592137, 0.20248216339601802, 0.005023568237202709, 0.015095549294207694, 0.6595378635894475, 0.005023568237202709], [0.457076003081167, 0.3009857942766982, 0.005017992538427456, 0.02441259927899858, 0.2074896182862812, 0.005017992538427456], [0.11284340255140424, 0.1992750615845564, 0.005067645413000119, 0.015912972486129953, 0.6618332725519093, 0.005067645413000119], [0.7415060362227142, 0.18623136568175724, 0.005040989684619001, 0.014046226103965814, 0.04813439262232475, 0.005040989684619001], [0.7946792066065305, 0.06395982641594121, 0.08628543358194031, 0.011712264079739387, 0.03835892996825803, 0.005004339347590681], [0.8897754651867368, 0.025436998037190316, 0.019046722098505112, 0.020659810589397528, 0.029683134029001978, 0.01539787005916824], [0.9074421144049051, 0.031075404817451007, 0.03332993271554082, 0.005967521361302758, 0.017168865445898157, 0.0050161612549021566], [0.909571172690961, 0.0576204849975135, 0.005044706671095938, 0.0071964733257159985, 0.01552245564361761, 0.005044706671095938], [0.9463452947594183, 0.03238105925443771, 0.005000560157332146, 0.005000560157332146, 0.006271965514147518, 0.005000560157332146], [0.9428049350178483, 0.035875522287546764, 0.005001699017982883, 0.005001699017982883, 0.006314445640656212, 0.005001699017982883], [0.8996719387238403, 0.06531281146111681, 0.005023485172128113, 0.007169158051926717, 0.017799121418860052, 0.005023485172128113], [0.9040048499851895, 0.03426828156982988, 0.032901857947647044, 0.0059640445749513165, 0.01784951500088911, 0.005011450921493141], [0.05998707937339123, 0.03593967616609557, 0.03986768800452489, 0.006134581344021678, 0.8530156824206319, 0.005055292691334788], [0.8960014040872475, 0.022053067054140004, 0.018940969716242897, 0.01877513206178525, 0.029046923502266488, 0.015182503578317835], [0.8943665672166036, 0.0241053582118529, 0.01804039511113863, 0.018921575372953418, 0.03034029984050892, 0.014225804246942642], [0.7929304203187431, 0.06360370235181927, 0.08104013061607597, 0.01179155847365221, 0.04561758219686951, 0.005016606042840074], [0.7718171432686007, 0.1587504542733416, 0.005003872247135363, 0.011853414622132923, 0.04757124334165397, 0.005003872247135363], [0.787873527963943, 0.14756213086421377, 0.005003335206736315, 0.011052414365224805, 0.043505256393145744, 0.005003335206736315], [0.8566502518838006, 0.09482641896849589, 0.005012653322050169, 0.008812280855931042, 0.029685741647672088, 0.005012653322050169], [0.8583760242408301, 0.09398313959256419, 0.0050104991470704355, 0.008543481884751198, 0.02907635598771358, 0.0050104991470704355], [0.8472814652424892, 0.09918156539072233, 0.005032464497460621, 0.009306953112115294, 0.03416508725975197, 0.005032464497460621], [0.11020165537826351, 0.15228986346304393, 0.005004323661232936, 0.013284002163176203, 0.7142158316730505, 0.005004323661232936], [0.8432231964058221, 0.10833286955128121, 0.005038145462477856, 0.008685788546799269, 0.029681854571141714, 0.005038145462477856], [0.8716855456043335, 0.09032632634536672, 0.0050043686774977995, 0.007146296518062022, 0.020833094177241926, 0.0050043686774977995], [0.9040243080645359, 0.03677098412798936, 0.034155400116879876, 0.005960555416729219, 0.014079123288284113, 0.005009628985581533], [0.9332775732279025, 0.013458245766100762, 0.009839571357306022, 0.008371049978972398, 0.02930598873654856, 0.005747570933169798]], [[0.9197430420522865, 0.019945135190249912, 0.012442328381017881, 0.014940937467401655, 0.022599048843483346, 0.010329508065560671], [0.10108325048671722, 0.07116935561394216, 0.09700683250710289, 0.01331030417719284, 0.7123958561329581, 0.0050344010820867315], [0.7382620542673414, 0.18571368525614093, 0.005058964491248287, 0.014680968361461847, 0.05122536313255926, 0.005058964491248287], [0.45275847241391254, 0.3022561990585847, 0.005000909468509435, 0.023575484251087277, 0.2114080253393965, 0.005000909468509435], [0.7311006710877791, 0.17069464367460419, 0.0050608590625702025, 0.029042889754849855, 0.059040077357626335, 0.0050608590625702025], [0.7404629651356172, 0.17581766015869316, 0.005020810743525886, 0.014503001648758757, 0.05917475156987911, 0.005020810743525886], [0.15820761621332308, 0.14741661463556546, 0.005028257475902491, 0.013547147605595151, 0.6707721065937114, 0.005028257475902491], [0.4838411021000226, 0.2409098616006021, 0.005011930537093777, 0.02156884164937798, 0.24365633357580982, 0.005011930537093777], [0.7872978297276149, 0.13534425114655513, 0.005011288680832087, 0.013060528677104844, 0.054274813087061, 0.005011288680832087], [0.7824498641173504, 0.1422055186071035, 0.005006071170280316, 0.012966479547253962, 0.05236599538773158, 0.005006071170280316], [0.7745716126368374, 0.15085658791724854, 0.005006363522168483, 0.012893455721199619, 0.05166561668037745, 0.005006363522168483], [0.7491931687666638, 0.15558771399474278, 0.0050036046234895985, 0.013465707386617561, 0.07174620060499665, 0.0050036046234895985], [0.11726470374809655, 0.16983308813831852, 0.0050318590111503745, 0.014865475481718715, 0.6879730146095655, 0.0050318590111503745], [0.7412262408313678, 0.16282346588329252, 0.005009942355221263, 0.014634110361707477, 0.07129629821318965, 0.005009942355221263], [0.7439424977037689, 0.18153938081758206, 0.005046071133825961, 0.015094712520868104, 0.049331266690128994, 0.005046071133825961], [0.11509732935955892, 0.18847857138610216, 0.0050447442508130165, 0.01544966231793101, 0.6708849484347819, 0.0050447442508130165], [0.7319210811169403, 0.1930607049918234, 0.005059939950184823, 0.015235671793949985, 0.04966266219691666, 0.005059939950184823], [0.7509036248077977, 0.1790087136181304, 0.005025356810740423, 0.013729976999268834, 0.04630697095332222, 0.005025356810740423], [0.8541576040079288, 0.048211896681183676, 0.05818996813992472, 0.008603714880724403, 0.025780991803949715, 0.005055824486288641], [0.8975590084581894, 0.025455897196432105, 0.016714367511002793, 0.01875342496096156, 0.027853286517052645, 0.01366401535636145], [0.9151756255760154, 0.031570454212849736, 0.027799055171533193, 0.0059811151208472, 0.014445376158098478, 0.005028373760656005], [0.9462506681690293, 0.0319442717144532, 0.005002005326054119, 0.005002005326054119, 0.00679904413835522, 0.005002005326054119], [0.017396884113483283, 0.03411504096609873, 0.005014245414387538, 0.005014245414387538, 0.9334453386772554, 0.005014245414387538], [0.01753968139379538, 0.03699888727043573, 0.005014474859683841, 0.005014474859683841, 0.9304180067567174, 0.005014474859683841], [0.9404837028755287, 0.03674477995700836, 0.0050074868466464745, 0.0050074868466464745, 0.007749056627523444, 0.0050074868466464745], [0.05409149678716583, 0.06825260661204148, 0.005016772458613429, 0.007294527932792579, 0.8603278237507733, 0.005016772458613429], [0.0556357729594775, 0.03642817347504878, 0.03856747959409267, 0.006071392131821531, 0.8582604273967686, 0.005036754442790934], [0.8939385634267037, 0.02371831471075535, 0.01795354635822858, 0.018554903966158488, 0.031104829652438853, 0.014729841885715026], [0.8934875623871072, 0.023211778038985692, 0.018814439487985772, 0.01898718379259006, 0.030891301861908173, 0.01460773443142301], [0.10475534475313927, 0.07199294518980291, 0.08444063128089717, 0.013134092066168895, 0.7206402795884245, 0.005036707121567267], [0.7893604486947329, 0.14527425864640978, 0.005003328696302929, 0.011281697537228278, 0.044076937729023255, 0.005003328696302929], [0.7906277621136113, 0.138643939833695, 0.005005223258745366, 0.012269319321221942, 0.048448532213981134, 0.005005223258745366], [0.8576917710189478, 0.09217133010387694, 0.005013587611793312, 0.008899695332161554, 0.03121002832142704, 0.005013587611793312], [0.07718324182249134, 0.09728031101754626, 0.005056644042986694, 0.009737412110602936, 0.805685746963386, 0.005056644042986694], [0.10901051074646301, 0.14816520142336115, 0.005005102392737291, 0.01277311576738162, 0.7200409672773197, 0.005005102392737291], [0.11540650859383116, 0.17871180685339647, 0.005027447998941457, 0.014745394431933232, 0.6810813941229562, 0.005027447998941457], [0.7642588721953474, 0.17015255846130126, 0.005012461443393846, 0.012853972875524762, 0.04270967358103898, 0.005012461443393846], [0.8386214844315407, 0.11517809265111048, 0.005054262110715499, 0.008610273216986717, 0.027481625478931012, 0.005054262110715499], [0.888183885692073, 0.040803706462214435, 0.04052834921359894, 0.005956032129706872, 0.019526863168898036, 0.005001163333508694], [0.9327161766727237, 0.012233366759440074, 0.009991780771230368, 0.008771026828680147, 0.02980382383650395, 0.006483825131421698]], [[0.920328505394244, 0.019080286563687786, 0.011538188745201603, 0.014620826133596183, 0.02416180811773919, 0.01027038504553119], [0.7901792977201006, 0.07063987881880356, 0.07937345266695119, 0.01383978537455602, 0.04095988129390821, 0.0050077041256802865], [0.7181395909391104, 0.2009955671337754, 0.005031038354331547, 0.014719225759897243, 0.05608353945855383, 0.005031038354331547], [0.7208892153842604, 0.17215333139304118, 0.005026429695953586, 0.01475321509750179, 0.08215137873328947, 0.005026429695953586], [0.7577353544612305, 0.15883771989935855, 0.005028051110497536, 0.014379936477454256, 0.05899088694096154, 0.005028051110497536], [0.7776394947293519, 0.1431826471116519, 0.005012404967956488, 0.01325465908903093, 0.05589838913405231, 0.005012404967956488], [0.1309447471753058, 0.1605969869302153, 0.0050559399825181916, 0.013895171620568919, 0.6844512143088736, 0.0050559399825181916], [0.7865847471667728, 0.1356726452670801, 0.0050120088560459556, 0.012985322853092209, 0.05473326700096287, 0.0050120088560459556], [0.7952224821744689, 0.13335021420372803, 0.005006615395787273, 0.01216958825499053, 0.04924448457523797, 0.005006615395787273], [0.7918120413950396, 0.13673802055638867, 0.005004600294814589, 0.012212028731660387, 0.04922870872728218, 0.005004600294814589], [0.7681151317899448, 0.15778120634663015, 0.005013028199911857, 0.012825038481603343, 0.051252566981998024, 0.005013028199911857], [0.11032839207831305, 0.14677646507819841, 0.005007778424707818, 0.01274986541231489, 0.7201297205817581, 0.005007778424707818], [0.7820709929570966, 0.1488013334128215, 0.0050017017611642045, 0.012093432947805962, 0.04703083715994759, 0.0050017017611642045], [0.8248356176335377, 0.11922068091797293, 0.00511136567732391, 0.010356649480295578, 0.03536432061354592, 0.00511136567732391], [0.10335592087213806, 0.16001397071557186, 0.005004222982002331, 0.0135676287052144, 0.713054033743071, 0.005004222982002331], [0.11413853413842996, 0.18509450415370832, 0.005037170662482392, 0.016162592860169363, 0.6745300275227275, 0.005037170662482392], [0.11296141349342376, 0.183351692365569, 0.005031865239321319, 0.015602694108459826, 0.6780204695539047, 0.005031865239321319], [0.8241692849489879, 0.12082342906229104, 0.005096349161547669, 0.010123260722188304, 0.03469132694343742, 0.005096349161547669], [0.856476902978847, 0.09690153539426974, 0.005012576565166217, 0.00840620284881263, 0.028190205647738262, 0.005012576565166217], [0.04083934685410565, 0.03288093463559772, 0.03043776435201375, 0.006051213861475933, 0.8847676013856027, 0.0050231389112042205], [0.9435908259587845, 0.03469321459891186, 0.005002046282177915, 0.005002046282177915, 0.006709820595769867, 0.005002046282177915], [0.9445886448396554, 0.03329089139338901, 0.00500298750940104, 0.00500298750940104, 0.007111501238752452, 0.00500298750940104], [0.942926278616239, 0.03438338166848511, 0.005005584546414661, 0.005005584546414661, 0.007673586076031905, 0.005005584546414661], [0.940425881421402, 0.03688066969177174, 0.005007248778490856, 0.005007248778490856, 0.007671702551353661, 0.005007248778490856], [0.9395126182248028, 0.03752688349865198, 0.005009211297016434, 0.005009211297016434, 0.007932864385495937, 0.005009211297016434], [0.8812763969580264, 0.07792026243976125, 0.005002787875431837, 0.007145087969979003, 0.023652676881369628, 0.005002787875431837], [0.884666339926729, 0.04047099754620804, 0.039898383195005355, 0.0068040532054467525, 0.023152875715362335, 0.005007350411248389], [0.8981264435969575, 0.02125588915199607, 0.01735315207866304, 0.01626177634839822, 0.03410145613850766, 0.01290128268547748], [0.8949809574563747, 0.023938351433326965, 0.018030531975062287, 0.018694232963742303, 0.02979537526023494, 0.014560550911258711], [0.8061222745998857, 0.060354299791778684, 0.07860374677357877, 0.011176677407910634, 0.038731858300322726, 0.005011143126523396], [0.7825679137972272, 0.13948070209282107, 0.0050131784072532035, 0.011910845111847647, 0.056014182183597494, 0.0050131784072532035], [0.8032382871865705, 0.12638044078459557, 0.005017577576686499, 0.012218268713841548, 0.04812784816161935, 0.005017577576686499], [0.12217945552719418, 0.125826629490961, 0.0050402803364312755, 0.013110260995595978, 0.7288030933133862, 0.0050402803364312755], [0.12561284533894296, 0.13862323751885505, 0.005031594512594741, 0.013818941180985847, 0.7118817869360267, 0.005031594512594741], [0.7584438319950481, 0.16400737015367323, 0.005011468047755182, 0.014402402377893577, 0.053123459377874806, 0.005011468047755182], [0.7440783594600384, 0.18117207901273796, 0.005031949302879645, 0.015516153294969002, 0.049169509626495286, 0.005031949302879645], [0.11161702073958238, 0.20093211005481096, 0.005069909670433195, 0.015234348741352837, 0.6620767011233875, 0.005069909670433195], [0.7662713446996673, 0.1713677788448628, 0.005015956656311804, 0.011896754192934438, 0.04043220894991185, 0.005015956656311804], [0.868184813839846, 0.04517176366405209, 0.04886577799916996, 0.007456243640357092, 0.02529828965744021, 0.005023111199134523], [0.9333482156761358, 0.012655583507069029, 0.011027217823825392, 0.0101411721502641, 0.025214773652850967, 0.007613037189854681]], [[0.9213962414161316, 0.01734289284521567, 0.012588540819238209, 0.013905020985534098, 0.023949756179318576, 0.010817547754561781], [0.8390035157981902, 0.06616821413996203, 0.05268808609370775, 0.008810201358726311, 0.028274746266015508, 0.005055236343398147], [0.1251360733927435, 0.1644347690210678, 0.0050434255892567266, 0.01423777532862887, 0.6861045310790463, 0.0050434255892567266], [0.13301037654666653, 0.16411956035231606, 0.005067250715038567, 0.01475496853684648, 0.6779805931340939, 0.005067250715038567], [0.7593024900972445, 0.16429118278825494, 0.005010257447422923, 0.01330623390086274, 0.05307957831879202, 0.005010257447422923], [0.76594170626342, 0.15083304602700093, 0.005037334117377551, 0.013065197813430362, 0.06008538166139366, 0.005037334117377551], [0.7724786494133851, 0.1503290644874518, 0.0050236227609040335, 0.013651871026183322, 0.05349316955117179, 0.0050236227609040335], [0.7923384515748311, 0.131445065576718, 0.005011524255063177, 0.013200733659785455, 0.05299270067853905, 0.005011524255063177], [0.11120844528704021, 0.1550039142298179, 0.005025157992552615, 0.012715977172177621, 0.711021347325859, 0.005025157992552615], [0.07757316549107426, 0.10222818971200098, 0.005081076692557707, 0.009576228617438308, 0.8004602627943711, 0.005081076692557707], [0.8627853078043339, 0.087880107093199, 0.005014147377894871, 0.008358681749875602, 0.0309476085968018, 0.005014147377894871], [0.8048666206159386, 0.1285619729811377, 0.005009826334379603, 0.011518910200412489, 0.045032843533752046, 0.005009826334379603], [0.855560251565181, 0.09518236041964075, 0.00502025438958446, 0.009144879033636139, 0.030072000202373234, 0.00502025438958446], [0.8653414776208396, 0.0869081897940906, 0.005008694738057753, 0.008571520754420284, 0.029161422354534106, 0.005008694738057753], [0.07817334882022696, 0.11121496056803365, 0.005108608645679939, 0.010682127879751776, 0.7897123454406277, 0.005108608645679939], [0.7744133271064562, 0.15368817066373475, 0.0050015110537513655, 0.013003492138195167, 0.04889198798411113, 0.0050015110537513655], [0.8350370753772957, 0.10769471100250406, 0.005061625156073435, 0.01079488955406499, 0.036350073753988424, 0.005061625156073435], [0.8473904498499681, 0.10241242634696641, 0.0050272662626451164, 0.00941196858999767, 0.030730622687777525, 0.0050272662626451164], [0.8690110857518728, 0.0854807086539595, 0.005002974288455017, 0.007911615412046857, 0.027590641605210773, 0.005002974288455017], [0.894935069700641, 0.06748490752540226, 0.005015872328925447, 0.007159298435196509, 0.02038897968090945, 0.005015872328925447], [0.9400918827879015, 0.03708943420752935, 0.005008039577717336, 0.005008039577717336, 0.0077945642714171166, 0.005008039577717336], [0.018977370838535124, 0.03654765179389954, 0.00502240121343588, 0.00502240121343588, 0.9294077737272577, 0.00502240121343588], [0.0207773867465178, 0.040077946945369466, 0.005036493604017377, 0.005036493604017377, 0.9240351854960606, 0.005036493604017377], [0.9380789110485934, 0.038719341649205555, 0.00501203293061066, 0.00501203293061066, 0.008165648510369074, 0.00501203293061066], [0.8796303856102461, 0.07972778302259656, 0.005001930802716421, 0.007143705050323517, 0.023494264711400936, 0.005001930802716421], [0.056072084940152166, 0.08506716678165988, 0.005002258425359493, 0.007309878893269031, 0.8415463525341998, 0.005002258425359493], [0.8719035868321523, 0.04289808953727264, 0.04522447713415006, 0.0077684801649653655, 0.027179985737283155, 0.005025380594176473], [0.8889624421143377, 0.024029309917454524, 0.020731954333128442, 0.019635944219502564, 0.03121932360777778, 0.01542102580779904], [0.8972244912085233, 0.022213254784820908, 0.01815004698288788, 0.017806463788046747, 0.03089792010338376, 0.013707823132337382], [0.8011398944980757, 0.06112909441824493, 0.07342028614501019, 0.011740401184949617, 0.047540688533337545, 0.005029635220381995], [0.5038171234643629, 0.23422357953436887, 0.0050271680859911416, 0.021561004329862438, 0.23034395649942346, 0.0050271680859911416], [0.8035777499177751, 0.11667171711884389, 0.005042205425195799, 0.012154835191284819, 0.05751128692170461, 0.005042205425195799], [0.8071909630572051, 0.11448137986856945, 0.005042114488502272, 0.012795735413267064, 0.05544769268395378, 0.005042114488502272], [0.7767401750249152, 0.1355106421550316, 0.005028938718844344, 0.01543720370993697, 0.062254101672427495, 0.005028938718844344], [0.754002408372587, 0.16092814901049315, 0.00502156906228449, 0.01613548762452591, 0.05889081686782503, 0.00502156906228449], [0.45616389783623523, 0.3034324467875603, 0.0050207773637699305, 0.02356229067057336, 0.20679980997809114, 0.0050207773637699305], [0.740420348775235, 0.1876041284466109, 0.005043731479439367, 0.015357498226972747, 0.04653056159230259, 0.005043731479439367], [0.7491414249737425, 0.18226729060354394, 0.00503149143635981, 0.01290147032392767, 0.04562683122606634, 0.00503149143635981], [0.8108063912149063, 0.06045164080388642, 0.07582498810742837, 0.010559792643760694, 0.03734390558116738, 0.005013281648850843], [0.9319886261537081, 0.013618635100221866, 0.010648641770987868, 0.010468114863065247, 0.02515756548641833, 0.008118416625598542]], [[0.9219140048788688, 0.014660033995894474, 0.013264135024302584, 0.012535286177794234, 0.027532282893828936, 0.010094257029310957], [0.10334175292248977, 0.065409913850569, 0.07715764514425802, 0.012151263667329467, 0.736891400309916, 0.005048024105437771], [0.774544771265638, 0.14701287225575801, 0.005011469078963171, 0.013145894314395275, 0.05527352400628238, 0.005011469078963171], [0.7541565778414877, 0.16218430950596496, 0.005025841169039157, 0.013904477444537475, 0.05970295286993147, 0.005025841169039157], [0.7713228600714579, 0.1295529965677679, 0.005063676273208377, 0.026825529215347796, 0.06217126159900962, 0.005063676273208377], [0.5216643524150943, 0.21754620731626914, 0.005039960819300665, 0.020586876126869394, 0.23012264250316586, 0.005039960819300665], [0.7677766749026244, 0.12666458941910666, 0.005011332002706366, 0.013046780650390891, 0.08248929102246541, 0.005011332002706366], [0.12487078875285211, 0.13255826771867732, 0.005039195188104063, 0.013032806973725487, 0.719459746178537, 0.005039195188104063], [0.11435773705694308, 0.14092685232239943, 0.005014912617754746, 0.012389678790669892, 0.7222959065944782, 0.005014912617754746], [0.8025805050975587, 0.13153601712171653, 0.005008635209139846, 0.010584727310005043, 0.04528148005243995, 0.005008635209139846], [0.8667963728959652, 0.08653825368207156, 0.005007504193859025, 0.008011052570568966, 0.028639312463676105, 0.005007504193859025], [0.8695528448933189, 0.08311170665072685, 0.005006653103268611, 0.00830516196669308, 0.029016980282723846, 0.005006653103268611], [0.06203491486013564, 0.07640704819939637, 0.005012365296626712, 0.007631303556353825, 0.8439020027908608, 0.005012365296626712], [0.8798734399087409, 0.0756823066215181, 0.0050039152696773346, 0.007696354888060162, 0.026740068042326193, 0.0050039152696773346], [0.0648641861707446, 0.10248547469124561, 0.005020293324858725, 0.008638760030721018, 0.8139709924575713, 0.005020293324858725], [0.8536313591375493, 0.09150354547820011, 0.005024841872019682, 0.010290472323514524, 0.03452493931669677, 0.005024841872019682], [0.8600696423228262, 0.0896322473465361, 0.005011409133738888, 0.009134013168129049, 0.03114127889503077, 0.005011409133738888], [0.07171203716047361, 0.08337001142467332, 0.0050288314966944, 0.009022534001709425, 0.8258377544197548, 0.0050288314966944], [0.8651692626342431, 0.08507051993853929, 0.005009761272548985, 0.008511229545282245, 0.031229465336837417, 0.005009761272548985], [0.882134313766478, 0.07555638643335723, 0.0050046418196744834, 0.007148108714702526, 0.025151907446113144, 0.0050046418196744834], [0.04946816931791288, 0.06302577193292346, 0.00502807457430992, 0.007310076523163405, 0.8701398330773804, 0.00502807457430992], [0.9388948104155982, 0.03713173131735738, 0.0050149507963394725, 0.0050149507963394725, 0.008928605878025962, 0.0050149507963394725], [0.9398100165728119, 0.03664244479758156, 0.005011671556799393, 0.005011671556799393, 0.008512523959208203, 0.005011671556799393], [0.8836358384194153, 0.07639756555516884, 0.005003927777110979, 0.0071458561886380695, 0.022812884282555707, 0.005003927777110979], [0.05324796809000268, 0.08993032610764261, 0.005001901520707736, 0.007280764615957316, 0.8395371381449819, 0.005001901520707736], [0.06289632570025774, 0.09759533704054721, 0.005015416248832291, 0.008150006212462695, 0.8213274985490677, 0.005015416248832291], [0.09916343940662936, 0.14846398983373993, 0.005004231923960332, 0.011951037776710215, 0.7304130691349998, 0.005004231923960332], [0.8081465176741174, 0.060976229152290354, 0.06666267888576571, 0.0115