{"prediction": [[[0.9852216748768479, 0.0029556650246305434, 0.0029556650246305434, 0.0029556650246305434, 0.0029556650246305434, 0.0029556650246305434], [0.9852216748768479, 0.0029556650246305434, 0.0029556650246305434, 0.0029556650246305434, 0.0029556650246305434, 0.0029556650246305434], [0.9852216748768479, 0.0029556650246305434, 0.0029556650246305434, 0.0029556650246305434, 0.0029556650246305434, 0.0029556650246305434], [0.9852216748768479, 0.0029556650246305434, 0.0029556650246305434, 0.0029556650246305434, 0.0029556650246305434, 0.0029556650246305434], [0.9852216748768479, 0.0029556650246305434, 0.0029556650246305434, 0.0029556650246305434, 0.0029556650246305434, 0.0029556650246305434], [0.9852216748768479, 0.0029556650246305434, 0.0029556650246305434, 0.0029556650246305434, 0.0029556650246305434, 0.0029556650246305434], [0.9852216748768479, 0.0029556650246305434, 0.0029556650246305434, 0.0029556650246305434, 0.0029556650246305434, 0.0029556650246305434], [0.9852216748768479, 0.0029556650246305434, 0.0029556650246305434, 0.0029556650246305434, 0.0029556650246305434, 0.0029556650246305434], [0.9852216748768479, 0.0029556650246305434, 0.0029556650246305434, 0.0029556650246305434, 0.0029556650246305434, 0.0029556650246305434], [0.9852216748768479, 0.0029556650246305434, 0.0029556650246305434, 0.0029556650246305434, 0.0029556650246305434, 0.0029556650246305434], [0.9852216748768479, 0.0029556650246305434, 0.0029556650246305434, 0.0029556650246305434, 0.0029556650246305434, 0.0029556650246305434], [0.9852216748768479, 0.0029556650246305434, 0.0029556650246305434, 0.0029556650246305434, 0.0029556650246305434, 0.0029556650246305434], [0.9852216748768479, 0.0029556650246305434, 0.0029556650246305434, 0.0029556650246305434, 0.0029556650246305434, 0.0029556650246305434], [0.9852216748768479, 0.0029556650246305434, 0.0029556650246305434, 0.0029556650246305434, 0.0029556650246305434, 0.0029556650246305434], [0.9852216748768479, 0.0029556650246305434, 0.0029556650246305434, 0.0029556650246305434, 0.0029556650246305434, 0.0029556650246305434], [0.9852216748768479, 0.0029556650246305434, 0.0029556650246305434, 0.0029556650246305434, 0.0029556650246305434, 0.0029556650246305434], [0.9852216748768479, 0.0029556650246305434, 0.0029556650246305434, 0.0029556650246305434, 0.0029556650246305434, 0.0029556650246305434], [0.9852216748768479, 0.0029556650246305434, 0.0029556650246305434, 0.0029556650246305434, 0.0029556650246305434, 0.0029556650246305434], [0.9852216748768479, 0.0029556650246305434, 0.0029556650246305434, 0.0029556650246305434, 0.0029556650246305434, 0.0029556650246305434], [0.9852216748768479, 0.0029556650246305434, 0.0029556650246305434, 0.0029556650246305434, 0.0029556650246305434, 0.0029556650246305434], [0.9852216748768479, 0.0029556650246305434, 0.0029556650246305434, 0.0029556650246305434, 0.0029556650246305434, 0.0029556650246305434], [0.9852216748768479, 0.0029556650246305434, 0.0029556650246305434, 0.0029556650246305434, 0.0029556650246305434, 0.0029556650246305434], [0.9852216748768479, 0.0029556650246305434, 0.0029556650246305434, 0.0029556650246305434, 0.0029556650246305434, 0.0029556650246305434], [0.9852216748768479, 0.0029556650246305434, 0.0029556650246305434, 0.0029556650246305434, 0.0029556650246305434, 0.0029556650246305434], [0.9852216748768479, 0.0029556650246305434, 0.0029556650246305434, 0.0029556650246305434, 0.0029556650246305434, 0.0029556650246305434], [0.9852216748768479, 0.0029556650246305434, 0.0029556650246305434, 0.0029556650246305434, 0.0029556650246305434, 0.0029556650246305434], [0.9852216748768479, 0.0029556650246305434, 0.0029556650246305434, 0.0029556650246305434, 0.0029556650246305434, 0.0029556650246305434], [0.9852216748768479, 0.0029556650246305434, 0.0029556650246305434, 0.0029556650246305434, 0.0029556650246305434, 0.0029556650246305434], [0.9852216748768479, 0.0029556650246305434, 0.0029556650246305434, 0.0029556650246305434, 0.0029556650246305434, 0.0029556650246305434], [0.9852216748768479, 0.0029556650246305434, 0.0029556650246305434, 0.0029556650246305434, 0.0029556650246305434, 0.0029556650246305434], [0.9852216748768479, 0.0029556650246305434, 0.0029556650246305434, 0.0029556650246305434, 0.0029556650246305434, 0.0029556650246305434], [0.9852216748768479, 0.0029556650246305434, 0.0029556650246305434, 0.0029556650246305434, 0.0029556650246305434, 0.0029556650246305434], [0.9852216748768479, 0.0029556650246305434, 0.0029556650246305434, 0.0029556650246305434, 0.0029556650246305434, 0.0029556650246305434], [0.9852216748768479, 0.0029556650246305434, 0.0029556650246305434, 0.0029556650246305434, 0.0029556650246305434, 0.0029556650246305434], [0.9852216748768479, 0.0029556650246305434, 0.0029556650246305434, 0.0029556650246305434, 0.0029556650246305434, 0.0029556650246305434], [0.9852216748768479, 0.0029556650246305434, 0.0029556650246305434, 0.0029556650246305434, 0.0029556650246305434, 0.0029556650246305434], [0.9852216748768479, 0.0029556650246305434, 0.0029556650246305434, 0.0029556650246305434, 0.0029556650246305434, 0.0029556650246305434], [0.9852216748768479, 0.0029556650246305434, 0.0029556650246305434, 0.0029556650246305434, 0.0029556650246305434, 0.0029556650246305434], [0.9852216748768479, 0.0029556650246305434, 0.0029556650246305434, 0.0029556650246305434, 0.0029556650246305434, 0.0029556650246305434], [0.9852216748768479, 0.0029556650246305434, 0.0029556650246305434, 0.0029556650246305434, 0.0029556650246305434, 0.0029556650246305434]], [[0.9852216748768479, 0.0029556650246305434, 0.0029556650246305434, 0.0029556650246305434, 0.0029556650246305434, 0.0029556650246305434], [0.010755454659174187, 0.007332382722884762, 0.005174559682135973, 0.003016513613604251, 0.9707045757085966, 0.003016513613604251], [0.9509816126115237, 0.014197481245635505, 0.01344595770154597, 0.0037366924179412946, 0.01463265434090267, 0.003005601682450926], [0.03916337657055392, 0.014225882931836591, 0.013567554714118284, 0.00403500525772053, 0.9259811892990861, 0.003026991226684501], [0.9418372507038878, 0.01563024785409673, 0.016365666713113812, 0.00412477889100941, 0.019028783938040493, 0.003013271899851787], [0.8894999367572621, 0.022012990190751723, 0.04132621178347267, 0.006331117028415849, 0.0377976105260521, 0.003032133714045487], [0.09757125399923519, 0.025340784011127823, 0.03453251299238329, 0.00841615407799509, 0.831062341065185, 0.0030769538540736693], [0.8939803378952959, 0.024778221891694756, 0.031134531921165578, 0.007498305500729699, 0.03959483182705786, 0.003013770964056347], [0.10048482306396096, 0.025784784370499775, 0.03895928647180568, 0.009252336147189967, 0.82241788305139, 0.0031008868951536185], [0.9070891442202337, 0.02151740830544173, 0.025835797817669967, 0.006455861329714475, 0.03609409523075586, 0.0030076930961844494], [0.047294086842568854, 0.015703530475814076, 0.015550204889253917, 0.004618918672752355, 0.9137581242951094, 0.0030751348245013615], [0.946039304441438, 0.01457768841010063, 0.014044090703772284, 0.0038777056789901453, 0.01844764547735359, 0.0030135652883453226], [0.08634795244332691, 0.020184637775628258, 0.021889595062562807, 0.006329050875345901, 0.862205828058044, 0.0030429357850922305], [0.9434758558592968, 0.014803868431860712, 0.014936141248544562, 0.00410556287114762, 0.01965816879304563, 0.003020402796104652], [0.9119603458945477, 0.020417633561384915, 0.02227503919604497, 0.005955967780557617, 0.036376986136012486, 0.0030140274314521967], [0.8991749249776277, 0.02259552867375513, 0.029278011855391483, 0.006968723531774678, 0.03897138542448713, 0.003011425536963686], [0.10176442260765109, 0.025058604617119708, 0.03119275818134412, 0.008270947592251299, 0.830614538931638, 0.003098728069995853], [0.8960508923316423, 0.0229637409482423, 0.03243906651569813, 0.007134173165704245, 0.038401305584682834, 0.0030108214540302573], [0.09062052272317278, 0.023584230843984606, 0.026228171358352433, 0.00727213518744055, 0.8492479064143139, 0.0030470334727356802], [0.8793775744868666, 0.021407987519090007, 0.026089809441783903, 0.0064699846507122105, 0.06365130744128182, 0.003003336460265534], [0.9111378893122523, 0.020450362345561957, 0.022931532873751253, 0.005996055009903703, 0.03647092881147305, 0.0030132316470577974], [0.9425892327150484, 0.01520683982651562, 0.015063875409438253, 0.004196317509196841, 0.01992451872209764, 0.0030192158177033707], [0.9443246664947322, 0.01488452398051661, 0.014850056537433804, 0.004009249530226648, 0.01891711973717794, 0.0030143837199127607], [0.9130621929229371, 0.020109594769597297, 0.023402978255583424, 0.005699260939535047, 0.034715333232990926, 0.0030106398793561585], [0.08661127321766045, 0.021267162287013273, 0.024950102428609698, 0.006517912617992159, 0.8576162569809667, 0.0030372924677578663], [0.08471542886755966, 0.021517661458386666, 0.023929872152011106, 0.006322185122248149, 0.8604768225268586, 0.003038029872935799], [0.04167424933859945, 0.014150992748192887, 0.013792204993225848, 0.003966167500087592, 0.9233720946675714, 0.0030442907523228102], [0.952328706119824, 0.013520591782438925, 0.012412825445702914, 0.0036543700255804354, 0.015075733789005364, 0.0030077728374484007], [0.9522999884414767, 0.01352009070421518, 0.012259229198529306, 0.0037407368805139653, 0.015170923273641557, 0.003009031501623283], [0.03487115125890346, 0.013161126742589641, 0.012307575109836977, 0.004020374125958191, 0.9326233864713908, 0.0030163862913209823], [0.9498237114554108, 0.013855732259143107, 0.013051185442603343, 0.003741865360648272, 0.01651788519982054, 0.003009620282374073], [0.9470082346419131, 0.014474583492987402, 0.013945954732293937, 0.0038193917565270716, 0.017740718576261125, 0.0030111168000173487], [0.915314373748566, 0.01989055518093456, 0.021879447094520648, 0.005716700379821219, 0.034186095804925175, 0.0030128277912325526], [0.04394416114856302, 0.01500969509109168, 0.014481211350758048, 0.004284171203900314, 0.9192297561548376, 0.003051005050849353], [0.9485997292426428, 0.014123510379989724, 0.013522749990355, 0.0037423765782320156, 0.017001822960202886, 0.0030098108485775966], [0.9508347035016619, 0.014269017252828654, 0.013334665378217895, 0.0037370605815450356, 0.014818670992225736, 0.0030058822935207148], [0.03759180716279029, 0.013773274170059096, 0.013069945361210427, 0.004028262063970426, 0.928514537802256, 0.003022173439713746], [0.9504547762101998, 0.014171656745840288, 0.013395229779613953, 0.003737852953425707, 0.015234113100848764, 0.0030063712100715663], [0.9515196023158132, 0.014556598323383388, 0.012788352285192322, 0.003737178431428851, 0.014392110496677808, 0.0030061581475044163], [0.9852216748768479, 0.0029556650246305434, 0.0029556650246305434, 0.0029556650246305434, 0.0029556650246305434, 0.0029556650246305434]], [[0.9852216748768479, 0.0029556650246305434, 0.0029556650246305434, 0.0029556650246305434, 0.0029556650246305434, 0.0029556650246305434], [0.9525589326317361, 0.013733066566256969, 0.012945574777024498, 0.003737572864296875, 0.014018309353113049, 0.003006543807572478], [0.9210441668986504, 0.05149822883324943, 0.0030197397844436147, 0.004344062981651926, 0.017074061717561057, 0.0030197397844436147], [0.9294968933755953, 0.040697270335236437, 0.003004726844158958, 0.004322759988716342, 0.01947362261213408, 0.003004726844158958], [0.09683256868810158, 0.09116352838375845, 0.003022190701778677, 0.006485670866634807, 0.7994738506579476, 0.003022190701778677], [0.8647370298838977, 0.07659667800808381, 0.0030293728839274853, 0.00683120829274234, 0.04577633804742134, 0.0030293728839274853], [0.8358451482530913, 0.10344845909187571, 0.0030190465600980136, 0.007349760019417394, 0.0473185395154197, 0.0030190465600980136], [0.5831052890101691, 0.14252392078792914, 0.003042635953467556, 0.012157087512471134, 0.2561284307824954, 0.003042635953467556], [0.10368467579055565, 0.08093010969669964, 0.0030699025773270336, 0.007633872339022007, 0.8016115370190686, 0.0030699025773270336], [0.8673594326431574, 0.07487156483489044, 0.0030231841887221637, 0.006845855260256603, 0.04487677888425128, 0.0030231841887221637], [0.8779961957848277, 0.0659046688838309, 0.0030076688804201914, 0.006466791480070815, 0.043617006090430434, 0.0030076688804201914], [0.8855246785139236, 0.05935325793300681, 0.0030047737780077442, 0.006302231140857086, 0.042810284856196944, 0.0030047737780077442], [0.883494649990846, 0.06014481347545564, 0.00300643880935369, 0.006345328265392408, 0.044002330649598534, 0.00300643880935369], [0.09800411020378488, 0.06334712848234737, 0.0030333486770654974, 0.0066954978467267745, 0.8258865661130099, 0.0030333486770654974], [0.8751768796321637, 0.06747423217021647, 0.003015393804625123, 0.0067781223196063806, 0.044539978268762985, 0.003015393804625123], [0.8650510719996619, 0.07501530633493485, 0.0030273089906560197, 0.0072552542475750595, 0.04662374943651612, 0.0030273089906560197], [0.5638761082580162, 0.13499162383250538, 0.0030252794848450153, 0.012087866869442654, 0.28299384207034595, 0.0030252794848450153], [0.8581588242157335, 0.08021807738371284, 0.0030461861670674495, 0.0073692312860588706, 0.04816149478036002, 0.0030461861670674495], [0.8615141246664028, 0.0784890623380233, 0.0030361295667232346, 0.007426108184832303, 0.046498445677294976, 0.0030361295667232346], [0.8624041297151668, 0.07723357695750996, 0.003033878071776786, 0.007298096006702647, 0.04699644117706704, 0.003033878071776786], [0.8675225061350521, 0.07366486034068591, 0.0030223773219078816, 0.00700153707377918, 0.04576634180666708, 0.0030223773219078816], [0.876510654928735, 0.06780633446068525, 0.0030081285178789777, 0.0067200851860837, 0.042946668388738105, 0.0030081285178789777], [0.09874063327264644, 0.06446067790693243, 0.0030272101403914843, 0.006764492752803647, 0.8239797757868346, 0.0030272101403914843], [0.09618093640077717, 0.06785663420568239, 0.0030229077662180274, 0.0068540321132036916, 0.8230625817479007, 0.0030229077662180274], [0.8730191585508851, 0.07107184855411636, 0.0030135630182916056, 0.006428553438896364, 0.04345331341951887, 0.0030135630182916056], [0.09165338204066258, 0.06797922161759337, 0.0030211649141689174, 0.006538308791978888, 0.8277867577214274, 0.0030211649141689174], [0.8901015454015706, 0.059656485169846764, 0.003001925913737463, 0.005881032087349629, 0.03835708551375809, 0.003001925913737463], [0.9356197141617177, 0.0347849540310886, 0.003005911921634398, 0.004225792112703286, 0.019357715851221723, 0.003005911921634398], [0.9397218290026178, 0.03182232565222052, 0.003006150667662296, 0.004324193280572709, 0.01811935072926439, 0.003006150667662296], [0.046071497900803345, 0.03348237908735834, 0.0030221110239964247, 0.004535885379772733, 0.9098660155840728, 0.0030221110239964247], [0.9309821543550925, 0.03849322359516049, 0.003006014032000636, 0.004324422823635383, 0.020188171162110385, 0.003006014032000636], [0.8896953610211161, 0.059306442442012275, 0.003001882687258359, 0.006038003436223903, 0.038956427726131074, 0.003001882687258359], [0.09571718009785865, 0.07158273168279985, 0.003026200553082184, 0.006801769082529506, 0.8198459180306477, 0.003026200553082184], [0.8817884326164516, 0.06533289543772365, 0.003003558641283078, 0.006396050588744669, 0.04047550407451397, 0.003003558641283078], [0.9281323194725528, 0.04071228244818861, 0.003008429998937202, 0.0043283245224829126, 0.02081021355890123, 0.003008429998937202], [0.04724994420079261, 0.03610628808239492, 0.003024046856279043, 0.004538698900473808, 0.9060569751037806, 0.003024046856279043], [0.04534443571057699, 0.03554295220607951, 0.003017862259046341, 0.004529613029418066, 0.9085472745358327, 0.003017862259046341], [0.9338520970380926, 0.037028909378993086, 0.003003076574671225, 0.004320298805039493, 0.01879254162853244, 0.003003076574671225], [0.9490030116453005, 0.01431357995743738, 0.013588146137616408, 0.0037400179885057516, 0.01634735658762443, 0.003007887683515501], [0.9852216748768479, 0.0029556650246305434, 0.0029556650246305434, 0.0029556650246305434, 0.0029556650246305434, 0.0029556650246305434]], [[0.9852216748768479, 0.0029556650246305434, 0.0029556650246305434, 0.0029556650246305434, 0.0029556650246305434, 0.0029556650246305434], [0.9522778220983804, 0.013782336379576937, 0.013296101429358761, 0.0037367738429921822, 0.013901119443451153, 0.003005846806240586], [0.044282994081740704, 0.03515746441543626, 0.0030150597285144754, 0.004524986838732179, 0.9100044352070618, 0.0030150597285144754], [0.04876716652221043, 0.0447020472771138, 0.0030318343094309416, 0.004550984661615112, 0.8959161329201988, 0.0030318343094309416], [0.1014380205831175, 0.07302471438201293, 0.0030440312110662153, 0.0067169448681680365, 0.812732257744569, 0.0030440312110662153], [0.10475745984833114, 0.10265361613422928, 0.0030499410068951203, 0.00721685821341973, 0.7792721837902296, 0.0030499410068951203], [0.8333218609120584, 0.10639781171645699, 0.0030211117802848484, 0.007545296020070632, 0.046692807790844254, 0.0030211117802848484], [0.10891411661143466, 0.10818535001138249, 0.003073357653612377, 0.0077105749369982355, 0.7690432431329598, 0.003073357653612377], [0.10489624680710331, 0.08229776459891493, 0.0030785858064489515, 0.007474235337314939, 0.799174581643769, 0.0030785858064489515], [0.8739229377694142, 0.07007011360805362, 0.003011615109906398, 0.006652088443537623, 0.04333162995918181, 0.003011615109906398], [0.8816387643849617, 0.06294949122161837, 0.0030049699162558244, 0.006483061768499017, 0.04291874279240921, 0.0030049699162558244], [0.8842561627407557, 0.060449242984352745, 0.0030044646051644096, 0.0064710818347483035, 0.042814583229814455, 0.0030044646051644096], [0.8801394391297632, 0.06206476146575585, 0.0030084755426359328, 0.006608202854597205, 0.045170645464611865, 0.0030084755426359328], [0.12656066000481322, 0.06656808810362747, 0.003021241243931106, 0.006881029233242536, 0.7939477401704546, 0.003021241243931106], [0.8760358611031415, 0.06586808145928118, 0.003014520865105865, 0.007002372553941792, 0.04506464315342381, 0.003014520865105865], [0.10547323637977794, 0.0748497631410224, 0.0030609715624053215, 0.007817275791835573, 0.8057377815625534, 0.0030609715624053215], [0.8557024396029146, 0.08166103980510243, 0.0030528611690375748, 0.007823562450967396, 0.048707235802940514, 0.0030528611690375748], [0.8601156384864815, 0.07888656822137, 0.003039268258700236, 0.007679964122956963, 0.047239292651791075, 0.003039268258700236], [0.8593321073817063, 0.0791071248372073, 0.0030421616019330566, 0.007467735153695726, 0.04800870942352465, 0.0030421616019330566], [0.5666767625690271, 0.13566060229071303, 0.0030275668047711995, 0.012424694877171861, 0.27918280665354556, 0.0030275668047711995], [0.1082597827427894, 0.07768408369321311, 0.003078393659175042, 0.00747692338288817, 0.8004224228627592, 0.003078393659175042], [0.873948580532397, 0.06851564652087887, 0.0030119650894168226, 0.006768796329997865, 0.044743046437892724, 0.0030119650894168226], [0.8798783142716855, 0.06417205082265773, 0.003005944276718346, 0.006611579367910813, 0.04332616698430938, 0.003005944276718346], [0.8719657094725536, 0.0692977974984094, 0.0030154225234749477, 0.00679778253787803, 0.04590786544420919, 0.0030154225234749477], [0.5953838154268968, 0.12676640298366193, 0.003011040278327678, 0.011662299828832403, 0.26016540120395354, 0.003011040278327678], [0.8724523357600135, 0.07135412823601528, 0.0030197941332344444, 0.006688826910605526, 0.04346512082689681, 0.0030197941332344444], [0.0935630238801839, 0.06467868416352766, 0.0030223035164806925, 0.006520708394351156, 0.829192976528976, 0.0030223035164806925], [0.8973154883150983, 0.051284466590624425, 0.003006465375638812, 0.00588945137339719, 0.03949766296960231, 0.003006465375638812], [0.935995815223975, 0.03329176495440631, 0.0030091407730882887, 0.004328557740134181, 0.020365580535307737, 0.0030091407730882887], [0.9343533428311216, 0.03548551934671117, 0.003005971364259186, 0.00432417529426915, 0.019825019799379836, 0.003005971364259186], [0.8907170579784746, 0.05710826215402358, 0.0030032821098819073, 0.00602065199402616, 0.040147463653712044, 0.0030032821098819073], [0.8732121374786607, 0.07134451778763531, 0.003012502984301577, 0.006752250332740693, 0.04266608843236023, 0.003012502984301577], [0.8678275983784897, 0.07376461561738543, 0.0030222290095493314, 0.006810852436271274, 0.045552475548755106, 0.0030222290095493314], [0.8709373965379529, 0.07275033450056138, 0.0030162271111242207, 0.006790602147901672, 0.04348921259133562, 0.0030162271111242207], [0.8845803612333396, 0.06044452736217682, 0.003004534614446324, 0.0062770624996474145, 0.04268897967594353, 0.003004534614446324], [0.9288965069051416, 0.03894667152705133, 0.003011529742775027, 0.004332906863131667, 0.021800855219125333, 0.003011529742775027], [0.9328950070505669, 0.03601497699600894, 0.0030082888515838746, 0.004327756449418527, 0.020745681800837926, 0.0030082888515838746], [0.0925753112036635, 0.05258756666765853, 0.003018782442110882, 0.006119372805201435, 0.8426801844392547, 0.003018782442110882], [0.044144731715050664, 0.014646375378346763, 0.014513804871757156, 0.004166876316602087, 0.9194756290925046, 0.0030525826257387944], [0.9852216748768479, 0.0029556650246305434, 0.0029556650246305434, 0.0029556650246305434, 0.0029556650246305434, 0.0029556650246305434]], [[0.9852216748768479, 0.0029556650246305434, 0.0029556650246305434, 0.0029556650246305434, 0.0029556650246305434, 0.0029556650246305434], [0.03511729588682331, 0.01354596075952434, 0.013340865215409147, 0.004018006212796189, 0.9309632187614238, 0.003014653164023184], [0.07465073087636359, 0.036740256996328394, 0.0030054582714025444, 0.004511578861769888, 0.8780865167227331, 0.0030054582714025444], [0.8881017610788435, 0.060951513630435494, 0.0030014046616029678, 0.006197430200795708, 0.03874648576671943, 0.0030014046616029678], [0.8465471813692153, 0.0968049743517377, 0.003006350726566629, 0.006877718678048982, 0.04375742414786489, 0.003006350726566629], [0.8624777856425371, 0.07612516955748144, 0.003033881839209956, 0.007301670494298812, 0.04802761062726279, 0.003033881839209956], [0.8629542902192502, 0.07518940151408018, 0.003032193887642166, 0.007549908402017813, 0.04824201208936747, 0.003032193887642166], [0.8367845249516568, 0.07440665496461696, 0.0030168337187136416, 0.007515702558060525, 0.07525945008823841, 0.0030168337187136416], [0.8716092935170716, 0.0693591642415675, 0.0030152230250110323, 0.00712167669774811, 0.045879419493590735, 0.0030152230250110323], [0.8756564494964313, 0.06676693700749602, 0.003010238069504312, 0.006757152919389292, 0.04479898443767481, 0.003010238069504312], [0.8827986909759133, 0.0610142981546139, 0.003005861398371868, 0.0064483228814452, 0.0437269651912837, 0.003005861398371868], [0.8797130157095603, 0.0630196177327608, 0.003007455756623887, 0.006697605806296013, 0.0445548492381352, 0.003007455756623887], [0.5723032112216834, 0.12009188527272033, 0.003005033279597994, 0.01176331442931046, 0.2898315225170899, 0.003005033279597994], [0.876156370402272, 0.06483005654388034, 0.0030164858018030525, 0.006809976661369622, 0.046170624788872044, 0.0030164858018030525], [0.8534859542269867, 0.08748244888754522, 0.003013300764867929, 0.006924302728789597, 0.046080692626942685, 0.003013300764867929], [0.5734729787683251, 0.12352668296595044, 0.003008734810728253, 0.011896510574233512, 0.28508635807003446, 0.003008734810728253], [0.10379610834340282, 0.0746337568954443, 0.0030544520144485912, 0.007725465121601955, 0.8077357656106537, 0.0030544520144485912], [0.868028449298783, 0.07360733501093832, 0.0030206260896607023, 0.0072446088182209056, 0.04507835469273649, 0.0030206260896607023], [0.8335242897327395, 0.10707099829489569, 0.003020866151318783, 0.007198023119900971, 0.0461649565498264, 0.003020866151318783], [0.10389249520928344, 0.10821552419629031, 0.0030537178229228436, 0.007609216551484451, 0.7741753283970961, 0.0030537178229228436], [0.8410730996593225, 0.10166784861738398, 0.003010392897346566, 0.006969624429072617, 0.04426864149952782, 0.003010392897346566], [0.09645640666533108, 0.06402805582563292, 0.0030213184740801712, 0.006755410890849138, 0.8267174896700266, 0.0030213184740801712], [0.8831237506674992, 0.06135169446990986, 0.0030048547705226543, 0.006457711561616168, 0.043057133759929464, 0.0030048547705226543], [0.8771507545076318, 0.06715851750414246, 0.003007133653980475, 0.0068729534327809615, 0.0428035072474839, 0.003007133653980475], [0.8677528296687008, 0.07258936126868115, 0.0030219514032018275, 0.007111256636921012, 0.04650264961929315, 0.0030219514032018275], [0.8511622342698681, 0.06922722738291909, 0.0030081302901328387, 0.006978997043910263, 0.0666152807230369, 0.0030081302901328387], [0.8825793936825739, 0.06351848299546628, 0.0030059200430875305, 0.006380576143646263, 0.04150970709213858, 0.0030059200430875305], [0.9306995627113913, 0.03854703831571502, 0.003008963242476815, 0.0042306364950521185, 0.020504835992887993, 0.003008963242476815], [0.9369593470338424, 0.033246287683933604, 0.003006886962241435, 0.00432538747700559, 0.01945520388073561, 0.003006886962241435], [0.0877976403490529, 0.04908198317754246, 0.0030167883353791774, 0.006114119226757241, 0.850972680575889, 0.0030167883353791774], [0.8848820532813816, 0.061964192101957916, 0.0030030799549872313, 0.006087423447761148, 0.04106017125892487, 0.0030030799549872313], [0.8749987894244183, 0.06797749044585752, 0.0030107400747238955, 0.006637491879151074, 0.04436474810112532, 0.0030107400747238955], [0.5891960788876806, 0.13076271874857529, 0.0030166755442024152, 0.011880447342858293, 0.2621274039324812, 0.0030166755442024152], [0.10413963085047345, 0.07250030795119748, 0.003051899688857083, 0.00714069040631992, 0.8101155714142949, 0.003051899688857083], [0.10163635349958293, 0.06534358051274496, 0.0030361895411687694, 0.006577229423494767, 0.8203704574818399, 0.0030361895411687694], [0.8876041337479932, 0.054492741533523736, 0.0030108000469052853, 0.006607891804681369, 0.045273632819991305, 0.0030108000469052853], [0.002955665024630542, 0.002955665024630542, 0.002955665024630542, 0.002955665024630542, 0.002955665024630542, 0.9852216748768474], [0.002955665024630542, 0.002955665024630542, 0.002955665024630542, 0.002955665024630542, 0.002955665024630542, 0.9852216748768474], [0.9152082092527416, 0.019321840062498784, 0.021350163768311538, 0.005529341250170928, 0.035574094527412434, 0.003016351138864742], [0.9852216748768479, 0.0029556650246305434, 0.0029556650246305434, 0.0029556650246305434, 0.0029556650246305434, 0.0029556650246305434]], [[0.9852216748768479, 0.0029556650246305434, 0.0029556650246305434, 0.0029556650246305434, 0.0029556650246305434, 0.0029556650246305434], [0.9499728332395947, 0.014152364419394844, 0.01384382915184021, 0.0037370451664359584, 0.015288146683118753, 0.0030057813396155895], [0.08456507966291554, 0.06932806449438705, 0.003028503727357255, 0.006137566071127822, 0.8339122823168551, 0.003028503727357255], [0.8818627772186469, 0.06564712019506484, 0.0030037786087101035, 0.0062448340217376485, 0.04023771134713038, 0.0030037786087101035], [0.8685404432287938, 0.07259527203583598, 0.0030210143924439296, 0.006792032142451457, 0.04603022380803076, 0.0030210143924439296], [0.5916388884086007, 0.13108038727294163, 0.0030169647962795957, 0.0120750371935304, 0.2591717575323681, 0.0030169647962795957], [0.10955369316647699, 0.07382468993744523, 0.003075524976437858, 0.007610186390545831, 0.8028603805526563, 0.003075524976437858], [0.8672337279435316, 0.07237929771773456, 0.0030230249875458784, 0.0072500868292563305, 0.04709083753438584, 0.0030230249875458784], [0.10061794628972309, 0.06544826314355066, 0.0030328774453707995, 0.0069131905507271805, 0.8209548451252574, 0.0030328774453707995], [0.923018539443115, 0.04278009792460491, 0.00302186350989283, 0.004609471834427066, 0.023548163778067448, 0.00302186350989283], [0.8831056056171173, 0.06049110552087344, 0.0030061552717422263, 0.006465197922876749, 0.04392578039564821, 0.0030061552717422263], [0.1007141004210217, 0.06777047197798765, 0.0030347189617600805, 0.00715701810566396, 0.8182889715718065, 0.0030347189617600805], [0.8698581381401097, 0.07038123728462628, 0.003019003849969638, 0.006939669183508973, 0.04678294769181567, 0.003019003849969638], [0.8541129011574041, 0.06451640150116206, 0.0030024747740277605, 0.007029667624997317, 0.06833608016838107, 0.0030024747740277605], [0.8819861338244196, 0.06207126048851745, 0.003007585827578336, 0.0067028239393371715, 0.04322461009256923, 0.003007585827578336], [0.8795081765457187, 0.06271196827612895, 0.003007910070350332, 0.006849734438212755, 0.044914300599239086, 0.003007910070350332], [0.8812891951935246, 0.06464921280145595, 0.0030041041998585902, 0.006461415449056327, 0.04159196815624592, 0.0030041041998585902], [0.8757317261812524, 0.0691333075287924, 0.003009201902141662, 0.006596910490292817, 0.04251965199537891, 0.003009201902141662], [0.8779173342119501, 0.06789888507202047, 0.0030070541842814012, 0.0063871486215271054, 0.041782523725939553, 0.0030070541842814012], [0.12605581750594283, 0.07632458201702991, 0.0030267762317541112, 0.006881897876002576, 0.7846841501375165, 0.0030267762317541112], [0.8825185502774087, 0.06437325594777846, 0.0030034913470303073, 0.006249529386868195, 0.04085168169388426, 0.0030034913470303073], [0.9008916659217225, 0.06700910024320496, 0.0030113027909938702, 0.004464341905497223, 0.021612286347587596, 0.0030113027909938702], [0.9250273926799525, 0.04250543115526739, 0.003014118478133692, 0.004429659564570488, 0.02200927964394214, 0.003014118478133692], [0.8812422077079611, 0.06427510027896502, 0.0030042426826654076, 0.006519919510687887, 0.041954287137055256, 0.0030042426826654076], [0.09827620710574654, 0.07403180466300179, 0.0030364771402858143, 0.0069866946663207094, 0.8146323392843594, 0.0030364771402858143], [0.8734301630964041, 0.0697170314791621, 0.003018121711899218, 0.006667250060933619, 0.04414931193970185, 0.003018121711899218], [0.8831716700516363, 0.06369098521024891, 0.0030051235301347947, 0.006346218445207934, 0.040780879232637283, 0.0030051235301347947], [0.08692671740736573, 0.05162181425505635, 0.0030133134436734084, 0.005968243532422027, 0.849456597917809, 0.0030133134436734084], [0.9360422080112638, 0.03399369245523638, 0.003006580994859745, 0.004324958374481412, 0.019625979169298736, 0.003006580994859745], [0.9348750791600856, 0.03482238784145938, 0.0030067562354094946, 0.004325400031853486, 0.01996362049578264, 0.0030067562354094946], [0.8950130740072758, 0.05446497888577634, 0.0030043070531982014, 0.006022536683169114, 0.038490796317382434, 0.0030043070531982014], [0.09624866161008573, 0.06782765343610803, 0.0030231391730273297, 0.006733146775673947, 0.8231442598320776, 0.0030231391730273297], [0.8721560683687243, 0.06795689858575521, 0.0030168218916161575, 0.006742076098391029, 0.047111313163896995, 0.0030168218916161575], [0.8739950200040589, 0.06676510849321916, 0.0030138618847333613, 0.006770006228670431, 0.04644214150458469, 0.0030138618847333613], [0.1009115617662017, 0.061832728779473066, 0.0030328553014312997, 0.006594463239027646, 0.8245955356124348, 0.0030328553014312997], [0.002955665024630542, 0.002955665024630542, 0.002955665024630542, 0.002955665024630542, 0.002955665024630542, 0.9852216748768474], [0.002955665024630542, 0.002955665024630542, 0.002955665024630542, 0.002955665024630542, 0.002955665024630542, 0.9852216748768474], [0.1058224280916694, 0.06057653834318485, 0.0030489329836432127, 0.006998979125418839, 0.8205041884724406, 0.0030489329836432127], [0.9053978837948266, 0.020483083824209967, 0.026849192178917108, 0.006419266467185078, 0.037839398472182345, 0.003011175262679027], [0.9852216748768479, 0.0029556650246305434, 0.0029556650246305434, 0.0029556650246305434, 0.0029556650246305434, 0.0029556650246305434]], [[0.9852216748768479, 0.0029556650246305434, 0.0029556650246305434, 0.0029556650246305434, 0.0029556650246305434, 0.0029556650246305434], [0.9518413095561902, 0.01347033827159582, 0.012304479795414804, 0.003741411151259886, 0.015632789539981977, 0.003009671685557335], [0.9366010955941796, 0.0345635915305356, 0.0030039427767459617, 0.004321380795317451, 0.01850604652647545, 0.0030039427767459617], [0.8919106984284909, 0.057351363277565855, 0.003002502080877688, 0.006018746044016241, 0.038714188088171654, 0.003002502080877688], [0.845093779461392, 0.09945913008539407, 0.0030063177168918906, 0.006721694316724431, 0.042712760702705826, 0.0030063177168918906], [0.10627774136107673, 0.0743246886843968, 0.0030629775173053597, 0.007565871866738986, 0.8057057430531769, 0.0030629775173053597], [0.8622138793876168, 0.07729801713331796, 0.003033800448979676, 0.007503306091424425, 0.046917196489681415, 0.003033800448979676], [0.10716625298913492, 0.07107323138836882, 0.003061032462224887, 0.007371796996226502, 0.8082666537018199, 0.003061032462224887], [0.09966761270988685, 0.06446915422171745, 0.003029664636714938, 0.006886289589176561, 0.8229176142057892, 0.003029664636714938], [0.8890858231193235, 0.055991845559666874, 0.0030056737849995982, 0.006358138561325995, 0.04255284518968455, 0.0030056737849995982], [0.8852579935980703, 0.0584960532409296, 0.003006091539759434, 0.00649781723551268, 0.04373595284596869, 0.003006091539759434], [0.8744370542510137, 0.06794030401058865, 0.0030111078947367763, 0.006902999894330302, 0.044697426054593856, 0.0030111078947367763], [0.10572985007634718, 0.09876635488173294, 0.003050394875013468, 0.007671467928164918, 0.7817315373637278, 0.003050394875013468], [0.8730621324947567, 0.06943627340077443, 0.0030185523141935495, 0.006860279175814793, 0.044604210300267004, 0.0030185523141935495], [0.0962751806655221, 0.06470157913704871, 0.0030290990910147855, 0.006827473762190376, 0.8261375682532093, 0.0030290990910147855], [0.8860678622770549, 0.059996813604169745, 0.003003348478827181, 0.006269844765276768, 0.04165878239584416, 0.003003348478827181], [0.09242652809566214, 0.05928270244160268, 0.003013593610048839, 0.006289675274004608, 0.8359739069686327, 0.003013593610048839], [0.9275078275252235, 0.04164788825953952, 0.003008011026575948, 0.004327544643136403, 0.0205007175189484, 0.003008011026575948], [0.9232303595346574, 0.044926724643447984, 0.0030149791667181155, 0.004337746807725668, 0.021475210680732718, 0.0030149791667181155], [0.8886581882151857, 0.06004213358212696, 0.0030019235927466244, 0.006018015909396812, 0.039277815107797244, 0.0030019235927466244], [0.9268553606393775, 0.04145069688187419, 0.0030107020135383307, 0.004331661447379348, 0.021340877004292203, 0.0030107020135383307], [0.04846545607612448, 0.03866869189915982, 0.003027890381703469, 0.004545046974972113, 0.9022650242863367, 0.003027890381703469], [0.8955426340140185, 0.053326764731284095, 0.0030054773786380284, 0.006024712140776479, 0.03909493435664507, 0.0030054773786380284], [0.8858051234832753, 0.06139109212698161, 0.003002261661949587, 0.006293354580457472, 0.04050590648538639, 0.003002261661949587], [0.8719366958022182, 0.07004095737467285, 0.003014995278891204, 0.006758072868815113, 0.045234283396511504, 0.003014995278891204], [0.6044846098710361, 0.12107924573139138, 0.003008895807547523, 0.011209975460440745, 0.2572083773220368, 0.003008895807547523], [0.8846159876000708, 0.06116884150382142, 0.0030056947786225047, 0.006163124279922773, 0.042040657058939994, 0.0030056947786225047], [0.8989005907708912, 0.05184544090884987, 0.0030048926180380833, 0.00588643776772189, 0.03735774531646084, 0.0030048926180380833], [0.9035726179704456, 0.047656169591128617, 0.0030124413867661207, 0.006038084672777972, 0.03670824499211548, 0.0030124413867661207], [0.046973422525441816, 0.03492596534366909, 0.0030238926954858775, 0.004538532687505645, 0.9075142940524117, 0.0030238926954858775], [0.9331081786036366, 0.036791022166209296, 0.003005212403132432, 0.004323263621652161, 0.019767110802236993, 0.003005212403132432], [0.09463587617331705, 0.056948384862586264, 0.0030186057131633645, 0.006424035935373111, 0.8359544916023969, 0.0030186057131633645], [0.881093369603814, 0.061097394701818575, 0.0030085276296507217, 0.006552227061988416, 0.04523995337307742, 0.0030085276296507217], [0.10403405166537519, 0.06346332229864418, 0.0030429086439064585, 0.007024058725738501, 0.8193927500224293, 0.0030429086439064585], [0.10329802763436288, 0.0651707347404873, 0.003041312870389382, 0.006766485750150284, 0.8186821261342209, 0.003041312870389382], [0.87096518723059, 0.06665419856871825, 0.00302220283668949, 0.006951200643259044, 0.04938500788405365, 0.00302220283668949], [0.002955665024630542, 0.002955665024630542, 0.002955665024630542, 0.002955665024630542, 0.002955665024630542, 0.9852216748768474], [0.5730629959180435, 0.11804607453395538, 0.003003767567584377, 0.011713464355344861, 0.29116993005748737, 0.003003767567584377], [0.9054415447062637, 0.02094843594873559, 0.02524386296998545, 0.006295815684172498, 0.039055121249096623, 0.0030152194417461028], [0.9852216748768479, 0.0029556650246305434, 0.0029556650246305434, 0.0029556650246305434, 0.0029556650246305434, 0.0029556650246305434]], [[0.9852216748768479, 0.0029556650246305434, 0.0029556650246305434, 0.0029556650246305434, 0.0029556650246305434, 0.0029556650246305434], [0.9852216748768479, 0.0029556650246305434, 0.0029556650246305434, 0.0029556650246305434, 0.0029556650246305434, 0.0029556650246305434], [0.04098001743872476, 0.014318027090541882, 0.01128658235718126, 0.004051769963248437, 0.9263241847112086, 0.0030394184390950714], [0.9024963327752089, 0.06623683962580297, 0.0030092576275620457, 0.0043290643468041606, 0.02091924799705986, 0.0030092576275620457], [0.8829536504621486, 0.06353964812629984, 0.003003507384239516, 0.006237477945446734, 0.04126220869762591, 0.003003507384239516], [0.8432758340982933, 0.09916823546520943, 0.003009360485862139, 0.006833419641226093, 0.04470378982354702, 0.003009360485862139], [0.8449167239202554, 0.09442945180981535, 0.003013531174266521, 0.007169527144606665, 0.0474572347767897, 0.003013531174266521], [0.5944651390136683, 0.12329598847302865, 0.003007467895390209, 0.011455599826577387, 0.26476833689594537, 0.003007467895390209], [0.8782165090950652, 0.06356521815334436, 0.0030096256833338476, 0.006681700181628657, 0.04551732120329415, 0.0030096256833338476], [0.8849039520808651, 0.05896979349065929, 0.0030060152187522966, 0.00641479474103316, 0.04369942924993787, 0.0030060152187522966], [0.10135914730344864, 0.05998955698676732, 0.0030339947004270115, 0.006898497519768677, 0.8256848087891614, 0.0030339947004270115], [0.8715298602211151, 0.06760016031171838, 0.0030184387158708665, 0.0069463843578778705, 0.04788671767754706, 0.0030184387158708665], [0.5700353016198291, 0.12997727107912074, 0.00301731262353532, 0.011811075257292991, 0.28214172679668664, 0.00301731262353532], [0.8693605822364044, 0.0715249467008772, 0.003026767495170081, 0.006853137860658549, 0.046207798211719754, 0.003026767495170081], [0.8814285036538575, 0.0637274456669324, 0.003007614851412464, 0.006347900915343783, 0.04248092006104127, 0.003007614851412464], [0.8871334723264862, 0.05920732434697473, 0.0030031853815370418, 0.006271637545477588, 0.04138119501798756, 0.0030031853815370418], [0.928689780064101, 0.040451566412027906, 0.0030073856970728487, 0.004326624945328213, 0.020517257184397106, 0.0030073856970728487], [0.9308427941233519, 0.03819880189008019, 0.0030072842280719535, 0.00432615396771365, 0.020617681562710356, 0.0030072842280719535], [0.9346775426799726, 0.03571109813065842, 0.0030045932507040025, 0.00432205422744609, 0.019280118460514924, 0.0030045932507040025], [0.04747487352494527, 0.03677711901167703, 0.0030245180639856314, 0.0045397309559179096, 0.9051592403794884, 0.0030245180639856314], [0.9372064544927695, 0.03413546752928529, 0.003004022535992125, 0.004321243772329608, 0.01832878913363151, 0.003004022535992125], [0.9353916655010437, 0.03491970720334299, 0.0030052511388075787, 0.004322954547911422, 0.019355170470086724, 0.0030052511388075787], [0.9331219208867946, 0.