{"prediction": [[[0.972678351178292, 0.006763463837129156, 0.003027812406811853, 0.003027812406811853, 0.011474747764143409, 0.003027812406811853], [0.9378688709167468, 0.014920870864208456, 0.004589695180797588, 0.0033217216949346148, 0.035977119648378075, 0.0033217216949346148], [0.9497538551437447, 0.010964242912276545, 0.0032107450421507097, 0.0032107450421507097, 0.029649666817526652, 0.0032107450421507097], [0.961883959380913, 0.009193349468503524, 0.0030935889157414458, 0.0030935889157414458, 0.019641924403359285, 0.0030935889157414458], [0.9442937935920415, 0.011436263785261153, 0.0033176377849057277, 0.003277802483713302, 0.03439669987036499, 0.003277802483713302], [0.9371513775529235, 0.013026865963331665, 0.0033671501063113787, 0.0033671501063113787, 0.03972030616481063, 0.0033671501063113787], [0.9446234862332074, 0.011390820432995408, 0.003288539624411332, 0.0032740147164958718, 0.034149124276394105, 0.0032740147164958718], [0.9347110034558783, 0.012756576429560785, 0.004945069345718889, 0.0033849006391762485, 0.04081754949048948, 0.0033849006391762485], [0.9487827947940598, 0.009489285443973679, 0.003235772751787186, 0.003235772751787186, 0.03202060150660489, 0.003235772751787186], [0.9288967949861482, 0.013754874386858473, 0.003493051017169078, 0.003493051017169078, 0.046869177575486046, 0.003493051017169078], [0.9388517641237482, 0.01253374790932765, 0.0033462928839295253, 0.0033462928839295253, 0.03857560931513548, 0.0033462928839295253], [0.9399561705955832, 0.011336224032863312, 0.003341921399074049, 0.003341921399074049, 0.038681841174331384, 0.003341921399074049], [0.9220545084166625, 0.015812842047833377, 0.004750649030873719, 0.0035689349636942257, 0.05024413057724189, 0.0035689349636942257], [0.9249865701504513, 0.016134856610509892, 0.00407523949631601, 0.0035243950173848414, 0.047754543707953095, 0.0035243950173848414], [0.9369713332470422, 0.016905033461561008, 0.0033364505641924782, 0.0033364505641924782, 0.036114281598819395, 0.0033364505641924782], [0.9325909618340964, 0.02024979070114187, 0.0033769874945253353, 0.0033769874945253353, 0.03702828498118584, 0.0033769874945253353], [0.9325871979275182, 0.014773447629240202, 0.003654895085086038, 0.0034174672158584604, 0.04214952492643874, 0.0034174672158584604], [0.9467793097744274, 0.016033279829213272, 0.003214716160714806, 0.003214716160714806, 0.027543261914214953, 0.003214716160714806], [0.9459802460458694, 0.014666847204948557, 0.003231585581751986, 0.003231585581751986, 0.029658150003926118, 0.003231585581751986], [0.9409338527681599, 0.01780219079953216, 0.003277188641631808, 0.003277188641631808, 0.03143239050741255, 0.003277188641631808], [0.9401692182384886, 0.013014109174515828, 0.0033222663399126964, 0.0033222663399126964, 0.03684987356725745, 0.0033222663399126964], [0.9507226115380192, 0.010976862098652439, 0.0031988181991531774, 0.0031988181991531774, 0.028704071765868942, 0.0031988181991531774], [0.9376185631264315, 0.014633438378581963, 0.0033450985894470982, 0.0033450985894470982, 0.03771270272664522, 0.0033450985894470982], [0.9387268815018782, 0.012303998156447782, 0.0033504518691364, 0.0033504518691364, 0.03891776473426491, 0.0033504518691364], [0.9431515732242168, 0.014937102393070844, 0.003265767541393512, 0.003265767541393512, 0.03211402175853173, 0.003265767541393512], [0.9321528118627562, 0.01644060962772766, 0.0034123128374710073, 0.0034123128374710073, 0.04116963999710313, 0.0034123128374710073], [0.9199592421707095, 0.024144758577106802, 0.004455165782434315, 0.0035326116635755835, 0.04437561014259826, 0.0035326116635755835], [0.9226752680018814, 0.024617909996277876, 0.004725202025836403, 0.003482004137272217, 0.04101761170146003, 0.003482004137272217], [0.9321696645694106, 0.018664913123777264, 0.004277263146743649, 0.003381285968917719, 0.03812558722223304, 0.003381285968917719], [0.9224427974077767, 0.019525797129428965, 0.004845367039586428, 0.003521812569408243, 0.046142413284391594, 0.003521812569408243], [0.9240917148376026, 0.020776890711604164, 0.006214224019405902, 0.0034637584478801786, 0.04198965353562713, 0.0034637584478801786], [0.9417093871086863, 0.014901349372150225, 0.004416286071904991, 0.0032708174850085065, 0.03243134247724139, 0.0032708174850085065], [0.934441756305543, 0.012229968976915149, 0.005514144043927181, 0.003386761789028727, 0.04104060709555708, 0.003386761789028727], [0.9254982351375726, 0.01720274536890577, 0.004023694171066569, 0.0035052239322390768, 0.04626487745797706, 0.0035052239322390768], [0.9194681680744365, 0.01530568527172266, 0.005234067285932214, 0.0036145924078952573, 0.05276289455211786, 0.0036145924078952573], [0.9236799029788074, 0.015147581353667746, 0.004795743607116849, 0.0035469256755879027, 0.04928292070923208, 0.0035469256755879027], [0.9301491791409859, 0.01686008199397568, 0.003847477916860402, 0.003433896006271721, 0.04227546893563459, 0.003433896006271721], [0.9265669942578606, 0.016615586042306042, 0.004231140901432025, 0.003489598894676746, 0.04560708100904785, 0.003489598894676746], [0.8995801430746331, 0.020733459388184713, 0.011039911008922472, 0.0038370142522863577, 0.06097245802368717, 0.0038370142522863577], [0.9560402763791056, 0.006039129329865116, 0.003178011839487132, 0.003178011839487132, 0.02838655877256779, 0.003178011839487132]], [[0.9344604272874505, 0.022076919072044506, 0.005961900856689411, 0.003310408309397374, 0.03087993616502089, 0.003310408309397374], [0.005298486248195022, 0.022191182934851214, 0.010296403699220351, 0.003427107793324287, 0.9557744100705571, 0.003012409253852142], [0.9434610908054706, 0.030212576620954116, 0.01604222661493826, 0.0032605915128458875, 0.004020497292260874, 0.003003017153530359], [0.9381412362624545, 0.03424935847022847, 0.017320622072656482, 0.0032632145296407496, 0.004023731623172842, 0.0030018370418470586], [0.9163797449296733, 0.04415599915870699, 0.02772189557766192, 0.003270760154850559, 0.005465948055480716, 0.003005652123626528], [0.894936949846384, 0.05309742662448333, 0.03694223551443746, 0.004636543779715435, 0.007361703512900915, 0.0030251407220789795], [0.8234065887966745, 0.0786067873962156, 0.07393370327230923, 0.007780050935160936, 0.013265833159691173, 0.0030070364399484677], [0.8016562064650604, 0.08372203797285563, 0.08595410403236314, 0.009129738075761003, 0.016523451933514195, 0.0030144615204456917], [0.7820525615253285, 0.08650551917870997, 0.0958070012539497, 0.01109808824665622, 0.021510535601253853, 0.0030262941941017417], [0.7001398071224332, 0.12295699303018559, 0.13546917535221975, 0.013694491757955713, 0.024732034928472438, 0.0030074978087333546], [0.7792253725509799, 0.0907909213548508, 0.09354464379289469, 0.011573663499464343, 0.021837641700275155, 0.0030277571015352293], [0.7936188546302828, 0.09354716948550394, 0.07993593707473064, 0.010749303488466101, 0.019130754889342717, 0.003017980431673926], [0.772811686686287, 0.09191187227497583, 0.0990949580355678, 0.0116509893233558, 0.021495249096230906, 0.0030352445835827606], [0.8089439896626528, 0.08475139758697701, 0.07564323490456591, 0.009951839497810349, 0.017700953770456683, 0.0030085845775372337], [0.8143665815610992, 0.08860874405810323, 0.06638445919513376, 0.010310677178990726, 0.01732060793394831, 0.003008930072724799], [0.8298844128968987, 0.07744510843006358, 0.06497164411719458, 0.00891085785459151, 0.015784897399677932, 0.0030030793015736294], [0.045310266272951615, 0.07820809974336243, 0.07271415627813671, 0.01023438874339419, 0.7905295602265764, 0.0030035287355787235], [0.8370028092395176, 0.07382959906724722, 0.05895634107600938, 0.009061234509787675, 0.01814833562743662, 0.0030016804800012727], [0.8258192893535022, 0.07657826963290643, 0.06387384345372103, 0.010396278060215048, 0.020330508062420687, 0.003001811437234664], [0.8996992122970148, 0.05215398830214421, 0.031079002571097115, 0.00521870916812023, 0.008830800089778273, 0.003018287571845349], [0.8949520440714849, 0.053558127926607774, 0.03258679596821496, 0.005748236210552221, 0.010130915277648032, 0.003023880545492216], [0.8937439670925356, 0.05323248094708028, 0.033646465829918856, 0.005820593808063813, 0.010531072393532572, 0.0030254199288689966], [0.8315303230451586, 0.07744712148012711, 0.05785486269162483, 0.010004453805921316, 0.020160483235522313, 0.0030027557416456795], [0.8100532522739016, 0.08128633884684502, 0.07225831644116948, 0.01068278661331228, 0.022713555114354415, 0.0030057507104174265], [0.7672705006509252, 0.09078984838019592, 0.09560149198155914, 0.013627045398145176, 0.02967350222338443, 0.003037611365790254], [0.6619177261059289, 0.14332661390034745, 0.1461279883518764, 0.015814547506715224, 0.029808045403431054, 0.003005078731700957], [0.08015027630858346, 0.14738136258171708, 0.18382801611619548, 0.01952457250365403, 0.5661011368397368, 0.003014635650113148], [0.612399604112013, 0.12847774581863772, 0.19549875446468704, 0.01881137790999306, 0.04180833763771307, 0.003004180056956215], [0.6077657684326176, 0.14555197244435067, 0.19337643896829018, 0.017705619676584163, 0.03259312047618229, 0.003007080001975183], [0.07305087823082275, 0.14080578019818646, 0.19409932187293968, 0.01928715439383703, 0.5697523138202073, 0.003004551484006722], [0.6539567217254851, 0.12608267142005888, 0.16060497237489033, 0.01788611370386505, 0.038459295196312984, 0.0030102255793876685], [0.6665467285288614, 0.1262189929206438, 0.15608174009517034, 0.017169043822867946, 0.030976070977449813, 0.0030074236550065984], [0.7239001104352198, 0.11662249377542883, 0.1099064765689199, 0.015778929639716107, 0.03078506578612756, 0.003006923794587867], [0.06013111134926154, 0.08442405590047962, 0.08059334844258914, 0.012091500391160819, 0.7597292074967803, 0.003030776419728618], [0.05633115865747934, 0.08342747636610771, 0.0681701044431814, 0.011634635796675171, 0.7774187843773424, 0.003017840359214053], [0.7658740730154788, 0.09300275610855252, 0.09612245824412186, 0.014470591789537364, 0.02750324023873237, 0.003026880603577062], [0.7387035852579131, 0.10417444326621106, 0.10862717324747966, 0.016294586408036726, 0.02914805768604034, 0.0030521541343191527], [0.7160930198024416, 0.10465487717645758, 0.12788125720555252, 0.01620347995549278, 0.03209405322005433, 0.0030733126400013227], [0.7602335293591481, 0.1217622822821567, 0.07954200847954719, 0.012613850468923033, 0.022826551151753364, 0.003021778258471592], [0.9054330368958405, 0.01813475031624639, 0.013357602281093117, 0.003736536243447004, 0.05561933941100753, 0.0037187348523655068]], [[0.9431322256500171, 0.02401739968606286, 0.004971925924877362, 0.0032214843560880555, 0.02143548002686642, 0.0032214843560880555], [0.006328552860984729, 0.027525045556066385, 0.013592855933067194, 0.003420866510093711, 0.9461267728263212, 0.0030059063134668155], [0.940731220996164, 0.045863834914294944, 0.003001740402355453, 0.003396917519863819, 0.004004545764966342, 0.003001740402355453], [0.01189610894322826, 0.06834533870450374, 0.0030032163067329077, 0.003506029605013176, 0.910246090133789, 0.0030032163067329077], [0.015531704559369783, 0.08001308882671411, 0.003011820674327363, 0.00395110936294203, 0.8944804559023194, 0.003011820674327363], [0.8218811105021242, 0.1497294512815217, 0.0030127271779139325, 0.00857085792918503, 0.013793125931341294, 0.0030127271779139325], [0.8048681466625953, 0.16502311559195454, 0.0030176883594011166, 0.009201634942168165, 0.014871726084479613, 0.0030176883594011166], [0.05425663263983787, 0.2139651842273782, 0.0030494733610737187, 0.013920139261829577, 0.7117590971488069, 0.0030494733610737187], [0.680601848293264, 0.26995872206682775, 0.0030149447833617686, 0.015767375955204072, 0.027642164117980785, 0.0030149447833617686], [0.6681855257880143, 0.2811616581915273, 0.0030154254490595074, 0.01587248798470117, 0.028749477137638205, 0.0030154254490595074], [0.6872579115001625, 0.26553429627022873, 0.0030166446593887526, 0.014505108251299071, 0.02666939465953218, 0.0030166446593887526], [0.7311474317404146, 0.21933358804603698, 0.0030716716612281406, 0.01538607531885681, 0.027989561572235283, 0.0030716716612281406], [0.07330512914388324, 0.2602588252216027, 0.003023404540282161, 0.017324975202343086, 0.6430642613516067, 0.003023404540282161], [0.760122634216965, 0.19177338122501683, 0.0030344408300114196, 0.015607659735729834, 0.02642744316226558, 0.0030344408300114196], [0.7848758285132844, 0.1676713208695569, 0.0030123411425417752, 0.014425731163761496, 0.027002437168313666, 0.0030123411425417752], [0.7943525878901103, 0.16132373323972818, 0.0030086694824142906, 0.014084186531998142, 0.024222153373334825, 0.0030086694824142906], [0.8015975491029763, 0.15196840254290866, 0.003003935319647226, 0.014005133617188829, 0.026421044097631692, 0.003003935319647226], [0.763482537673124, 0.179684486546209, 0.0030255412455294506, 0.017302293804794245, 0.033479599484813945, 0.0030255412455294506], [0.8144599975342744, 0.14513726820243958, 0.003002782978510352, 0.011927537688680797, 0.02246963061758457, 0.003002782978510352], [0.8181376731729719, 0.13982137185361226, 0.003001364329657908, 0.012710618803360416, 0.023327607510739583, 0.003001364329657908], [0.8861323700446008, 0.0891815397850101, 0.0030371635952351774, 0.0070417761442042245, 0.011569986835714492, 0.0030371635952351774], [0.8230980572912853, 0.13508520304244698, 0.0030009375500097838, 0.012469601256412968, 0.02334526330983531, 0.0030009375500097838], [0.8031486743764374, 0.14839089282662601, 0.0030026982084512526, 0.014135810567437604, 0.02831922581259623, 0.0030026982084512526], [0.7566495594345981, 0.1871144603083406, 0.003032415473542833, 0.016979407238128314, 0.03319174207184734, 0.003032415473542833], [0.6584139574115179, 0.2693570969354767, 0.003001634392613489, 0.02053225693488959, 0.04569341993288898, 0.003001634392613489], [0.12260292419917235, 0.2825687459043215, 0.0030117661835938185, 0.022267751321818522, 0.5665370462075, 0.0030117661835938185], [0.11871387108725821, 0.3564974499399083, 0.0030177160172128745, 0.02590309240977683, 0.492850154528631, 0.0030177160172128745], [0.30829241783734507, 0.5131544890430265, 0.0030015727491792166, 0.03161824556003112, 0.140931702061239, 0.0030015727491792166], [0.10775032422474777, 0.3405807140803278, 0.00302441099521002, 0.03377354592254229, 0.5118465937819621, 0.00302441099521002], [0.5908606684739671, 0.3265697731792777, 0.003021896371732265, 0.023716381305640417, 0.05280938429765042, 0.003021896371732265], [0.3495269293733226, 0.46388406333697374, 0.003000029713718912, 0.02849293072540434, 0.1520960171368615, 0.003000029713718912], [0.6204769739101541, 0.2995603647793217, 0.0030065544861991537, 0.02214232303392555, 0.051807229304200494, 0.0030065544861991537], [0.6887589632757689, 0.23601231429913733, 0.0030002288156483797, 0.021356366723789696, 0.0478718980700072, 0.0030002288156483797], [0.6975869025999735, 0.20950083687565715, 0.0030098739622282725, 0.021742276646856646, 0.0651502359530561, 0.0030098739622282725], [0.7271911924170639, 0.20231464504411065, 0.0030412897643914277, 0.02044944909235794, 0.04396213391768478, 0.0030412897643914277], [0.7205348242176571, 0.219115933826908, 0.003044369459594997, 0.018540116246932706, 0.03572038678931227, 0.003044369459594997], [0.6598471995168369, 0.2817180565681296, 0.003074622157141705, 0.01737407889038548, 0.03491142071036467, 0.003074622157141705], [0.6229934339934778, 0.31573902152642047, 0.0030367974223714294, 0.019320191261726124, 0.03587375837363276, 0.0030367974223714294], [0.6835098268408747, 0.12821690830099172, 0.1426960106662775, 0.01497452600377408, 0.02753719873185286, 0.003065529456229252], [0.9289064694786288, 0.018010312038062436, 0.007069532134049519, 0.0035552407644957595, 0.03906258545354684, 0.003395860131216738]], [[0.9495796434882428, 0.020939907179550337, 0.0032149513953404485, 0.003175329604201913, 0.019914838728462735, 0.003175329604201913], [0.9467852355112302, 0.028425460330695408, 0.014497948041828605, 0.0032630823605018944, 0.004023568651005739, 0.0030047051047383004], [0.9322222215117111, 0.05436967002462441, 0.0030008523039882096, 0.003399185005502764, 0.004007218850185356, 0.0030008523039882096], [0.9108749871869296, 0.07010475340128879, 0.003007989682161023, 0.004709990662636798, 0.008294289384822946, 0.003007989682161023], [0.8308465685192296, 0.13549930475739552, 0.0030053740259253425, 0.009939148288877686, 0.017704230382646523, 0.0030053740259253425], [0.043117560002426024, 0.14907844121921698, 0.0030088990285315784, 0.009886775342440923, 0.7918994253788529, 0.0030088990285315784], [0.0523807029066305, 0.19747103882302885, 0.0030307933619538414, 0.013509902811565775, 0.7305767687348672, 0.0030307933619538414], [0.696740891149737, 0.2532654036329761, 0.003014351828180595, 0.015516264927742076, 0.028448736633183713, 0.003014351828180595], [0.647641986752686, 0.29369917571045734, 0.0030138860087707956, 0.01871241057623594, 0.033918654943078975, 0.0030138860087707956], [0.6301371826011049, 0.299585046223016, 0.0030122214736482047, 0.0209791816847404, 0.04327414654384231, 0.0030122214736482047], [0.6289877023519316, 0.3103222434082887, 0.0030211287300033795, 0.019219960323511066, 0.035427836456261956, 0.0030211287300033795], [0.6501872676243451, 0.2935950312857234, 0.003014897923216263, 0.017290595020067023, 0.03289731022343185, 0.003014897923216263], [0.09247335853682614, 0.29016998401613014, 0.0030075513428975257, 0.021328385994684746, 0.590013168766564, 0.0030075513428975257], [0.08395837153040168, 0.2520729870677905, 0.003014984104834705, 0.01876616894884783, 0.6391725042432908, 0.003014984104834705], [0.6750135281484883, 0.25360761327828896, 0.003001381194943257, 0.02177790424664103, 0.04359819193669524, 0.003001381194943257], [0.767217017393872, 0.17823491249906054, 0.003022754531451796, 0.016108478320933838, 0.03239408272322994, 0.003022754531451796], [0.0763408040151343, 0.19382029326502156, 0.0030348100378349715, 0.017779902917378767, 0.7059893797267954, 0.0030348100378349715], [0.09595886496006614, 0.25058361811403956, 0.003006745882843561, 0.02176770923155558, 0.6256763159286516, 0.003006745882843561], [0.7632377551489307, 0.18434192880036862, 0.0030277545930248043, 0.01641096573615278, 0.029953841128498453, 0.0030277545930248043], [0.05711647663043707, 0.1584959326036644, 0.0030035775915895017, 0.01309927933378266, 0.7652811562489368, 0.0030035775915895017], [0.8094329959637813, 0.14417101206791752, 0.0030014908953669922, 0.013819247352553642, 0.026573762825013676, 0.0030014908953669922], [0.20321947191607934, 0.18564640063235902, 0.029717927819066008, 0.07061179330222123, 0.31716709160829376, 0.19363731472198062], [0.22241982734226864, 0.19510316698871658, 0.033177790393429586, 0.08159821390280544, 0.23929898873811262, 0.22840201263466706], [0.7699685328191778, 0.16770679002535477, 0.0030199312271955263, 0.01729944201728823, 0.03898537268378817, 0.0030199312271955263], [0.10247541246492861, 0.20873300595576408, 0.003083561367442905, 0.019077111657509145, 0.6635473471869124, 0.003083561367442905], [0.26631357785360404, 0.24250402745285493, 0.016468522366585615, 0.07525301313408533, 0.20718325749520228, 0.19227760169766786], [0.6285255938854853, 0.29245548592206394, 0.0030038992687551795, 0.021135916673023145, 0.051875204981917215, 0.0030038992687551795], [0.13373243941600663, 0.3456749335731024, 0.0030198712538272907, 0.0242789197268343, 0.4902739647764021, 0.0030198712538272907], [0.5902815359476098, 0.3255377870396863, 0.0030064833573814637, 0.023816467988535015, 0.05435124230940602, 0.0030064833573814637], [0.6100949761773269, 0.315650735408003, 0.0030012732990936227, 0.020734322032547877, 0.047517419783935144, 0.0030012732990936227], [0.6236061847134259, 0.28735457091868105, 0.0030075074006317335, 0.02131678069348762, 0.061707448873142084, 0.0030075074006317335], [0.6486876146895452, 0.27704776953075627, 0.0030005405757685473, 0.02136654025783863, 0.04689699437032281, 0.0030005405757685473], [0.7006647297435508, 0.2152580780859664, 0.003004831890348642, 0.023546746679116014, 0.05452078171066958, 0.003004831890348642], [0.7602300831503435, 0.16742025100828684, 0.003044147686466561, 0.020686190520105757, 0.04557517994833081, 0.003044147686466561], [0.7393637981072593, 0.19333620774512897, 0.003066645890449063, 0.020378201135963024, 0.04078850123075077, 0.003066645890449063], [0.6673095934007938, 0.2641983641931861, 0.003119769288361606, 0.020243159762238797, 0.04200934406705823, 0.003119769288361606], [0.5585827023596588, 0.36954542635005494, 0.003025909965262748, 0.02240794026016259, 0.043412111099598194, 0.003025909965262748], [0.0995813497423629, 0.397730095462331, 0.0030779376852412576, 0.023617561039774936, 0.4729151183850486, 0.0030779376852412576], [0.5846559212445297, 0.16606893811594212, 0.19960045237354984, 0.018617361957972412, 0.028012444738836028, 0.0030448815691700095], [0.9134263692991746, 0.020164941383444168, 0.008260644574182676, 0.004515401106867329, 0.05002671357379718, 0.0036059300625340264]], [[0.9406120790783242, 0.026379145586387546, 0.0041347725928929215, 0.0032554508672396763, 0.02236310100791597, 0.0032554508672396763], [0.9372510992342059, 0.034428068468933114, 0.018034668477160776, 0.0032621792935898764, 0.0040224551174458945, 0.003001529408664491], [0.9233801251985184, 0.06164720562547308, 0.003001954374755291, 0.003403429141679459, 0.005565331284818556, 0.003001954374755291], [0.8547542977344231, 0.11360044327002715, 0.0030110113798426487, 0.008531425918951554, 0.017091810316912974, 0.0030110113798426487], [0.04490713168518632, 0.13487493493552977, 0.0030078953289891497, 0.00977345055836537, 0.8044286921629402, 0.0030078953289891497], [0.7773829480537737, 0.17470611877926803, 0.0030175213692122576, 0.014266464593892816, 0.027609425834640957, 0.0030175213692122576], [0.700512541903395, 0.24146875862498826, 0.003008978166858463, 0.017022305832535133, 0.034978437305364936, 0.003008978166858463], [0.6767057915320992, 0.2699768009902442, 0.0030111413605012714, 0.01626152912523932, 0.031033595631414748, 0.0030111413605012714], [0.6320269666527385, 0.2963737302939395, 0.0030103491712813084, 0.02085988229402725, 0.044718722416732096, 0.0030103491712813084], [0.34622395089943303, 0.4627820956955554, 0.003000359462846943, 0.03262619613409366, 0.152367038345224, 0.003000359462846943], [0.10525455757851217, 0.30719559609704183, 0.0030105558392598854, 0.024046939781117035, 0.5574817948648092, 0.0030105558392598854], [0.624496226407541, 0.30598752087771725, 0.0030164305214013774, 0.02206056207235309, 0.041422829599586077, 0.0030164305214013774], [0.6326944532435268, 0.29272879342251873, 0.003008369742084974, 0.020781392219179497, 0.047778621630605096, 0.003008369742084974], [0.6468505964976567, 0.27731145404273566, 0.0030033876502475977, 0.02253703882607876, 0.0472941353330337, 0.0030033876502475977], [0.09151631605473257, 0.2630853941360963, 0.003006979794832215, 0.020447127151543253, 0.6189372030679635, 0.003006979794832215], [0.103737516647135, 0.28830559451285653, 0.0030038720113636174, 0.0233082455984109, 0.5786408992188703, 0.0030038720113636174], [0.6631449543695982, 0.27303121959970467, 0.003005018203845492, 0.0193023956567752, 0.03851139396623111, 0.003005018203845492], [0.6507328838103859, 0.2840986454825715, 0.0030072550169120867, 0.019910921407667793, 0.03924303926555061, 0.0030072550169120867], [0.2283137550889111, 0.24806686641418746, 0.01649250196754593, 0.0685731261935406, 0.24592999957220082, 0.192623750763614], [0.21846261845202536, 0.25835207584955977, 0.016500947357074185, 0.06909571307599802, 0.244767102050171, 0.19282154321517173], [0.7939771334984658, 0.15780676351029016, 0.00300652365345053, 0.014168520914431196, 0.028034534769911836, 0.00300652365345053], [0.25038672817417584, 0.19304600732519397, 0.024902703344793414, 0.07488212042975084, 0.2651131427046409, 0.19166929802144503], [0.21801639663500472, 0.16929774889408875, 0.03643448054964741, 0.07729962120060173, 0.23070676322444642, 0.26824498949621095], [0.23057363923112575, 0.2132647770263544, 0.01652514540725385, 0.07691870165139623, 0.2703437503031887, 0.19237398638068115], [0.21745534192757737, 0.22780400563089073, 0.01654999139853428, 0.06761566404148942, 0.27729011196108644, 0.19328488504042182], [0.657364731905958, 0.24534301766660976, 0.0030024178500676437, 0.022722536382443183, 0.06856487834485389, 0.0030024178500676437], [0.6467674382266578, 0.2716740241115759, 0.0030012606679068105, 0.021976379103583393, 0.05357963722236923, 0.0030012606679068105], [0.632290731903681, 0.2738337424477419, 0.003008343159808439, 0.022562764325804063, 0.06529607500315601, 0.003008343159808439], [0.6281439116045354, 0.287001675016903, 0.0030028721216715363, 0.022613253840472365, 0.056235415294746044, 0.0030028721216715363], [0.658407664834029, 0.2594662387406944, 0.003001676901902607, 0.021583768162646164, 0.054538974458825364, 0.003001676901902607], [0.6615590803313333, 0.2566501682849704, 0.0030019702673284, 0.022614617898205475, 0.05317219295083406, 0.0030019702673284], [0.700078589160145, 0.2134270040960025, 0.003019222070853479, 0.022774216156509958, 0.05768174644563565, 0.003019222070853479], [0.7696280625190346, 0.15823259553319685, 0.0030361113355040063, 0.020106376855037984, 0.04596074242172253, 0.0030361113355040063], [0.7501586085028605, 0.17885593350033713, 0.003053886444164931, 0.021476799005502967, 0.043400886102969626, 0.003053886444164931], [0.6855537300847726, 0.24556284455307043, 0.0030898843346922424, 0.020556653506139173, 0.04214700318663332, 0.0030898843346922424], [0.09056347193061286, 0.37147283172457335, 0.0030208463809317672, 0.023721130133788106, 0.5082008734491621, 0.0030208463809317672], [0.5256989894219951, 0.3997933682521914, 0.0030966383975570833, 0.02410510249986175, 0.04420926303083773, 0.0030966383975570833], [0.5036822489144664, 0.4239280028656836, 0.003081001074675468, 0.022895533309082196, 0.043332212761416584, 0.003081001074675468], [0.09648290069640302, 0.1893180775373401, 0.2313496892859803, 0.025289210615574376, 0.45447303682939894, 0.0030870850353033634], [0.9022051734346169, 0.03323533685229543, 0.011913189317251533, 0.004900421205197514, 0.04408941986039316, 0.0036564593302454832]], [[0.9270735869179177, 0.02700196722128196, 0.004630730708024358, 0.003408621656870152, 0.034476471839035586, 0.003408621656870152], [0.9264269794883754, 0.039110922658605815, 0.023436869610724567, 0.003264818878617372, 0.004758958728938676, 0.0030014506347380964], [0.9108183765025086, 0.07222443405355126, 0.003008671211782027, 0.004123084655392985, 0.006816762364982952, 0.003008671211782027], [0.041972015245740894, 0.11766989630172935, 0.0030165087318703454, 0.008805076936398214, 0.825519994052391, 0.0030165087318703454], [0.062013331493945355, 0.14225702215664837, 0.0030000194563441175, 0.013327923543257476, 0.7764016838934605, 0.0030000194563441175], [0.8047826839155353, 0.14828148912798775, 0.003002590132438356, 0.013879700327322789, 0.027050946364277486, 0.003002590132438356], [0.7642416778047048, 0.17850011625555912, 0.0030245581150251696, 0.01628267540986141, 0.03492641429982442, 0.0030245581150251696], [0.07656230208892004, 0.25000706135280776, 0.0030224062250251106, 0.018474596554416616, 0.6489112275538054, 0.0030224062250251106], [0.6357608707460709, 0.2894384095423836, 0.0030075401769216743, 0.02256744859653798, 0.046218190761164214, 0.0030075401769216743], [0.6131352200000104, 0.2957597497565512, 0.003014781282930182, 0.024481620904667795, 0.06059384677291026, 0.003014781282930182], [0.6133277564522431, 0.3089748824624765, 0.0030178871170723066, 0.02316402118316467, 0.0484975656679711, 0.0030178871170723066], [0.11770430362664713, 0.2904948475380504, 0.0030052348444587094, 0.02551330105686763, 0.5602770780895175, 0.0030052348444587094], [0.37678628688540655, 0.41530121946939436, 0.0030105759121054052, 0.0350500899615166, 0.16684125185947182, 0.0030105759121054052], [0.6430080764878547, 0.27753052378407356, 0.0030039222066635275, 0.02405653726072321, 0.04939701805402141, 0.0030039222066635275], [0.13849853781770344, 0.2946744162898484, 0.0030159682049479756, 0.026587860612967217, 0.534207248869585, 0.0030159682049479756], [0.6356718867976516, 0.28685735447285493, 0.003007018038285965, 0.024005023799685984, 0.047451698853235594, 0.003007018038285965], [0.6008372527696806, 0.31697705906151774, 0.003024559019089361, 0.024267123178913955, 0.05186944695170901, 0.003024559019089361], [0.5998649563812313, 0.31614948766011397, 0.003024219516844082, 0.023125802289015857, 0.05481131463595074, 0.003024219516844082], [0.6284239597081327, 0.3109956649338149, 0.003021956644432881, 0.019788672109497897, 0.03474778995968887, 0.003021956644432881], [0.6847666287540598, 0.25825456356914794, 0.0030075106273529995, 0.016359210760336234, 0.034604575661750105, 0.0030075106273529995], [0.0792500750923293, 0.19165445471480513, 0.00303485218421182, 0.017940985894457674, 0.7050847799299842, 0.00303485218421182], [0.23392168463379168, 0.20794872521677274, 0.020346929253773235, 0.07797805675727262, 0.2681196756711036, 0.19168492846728616], [0.25031982101687195, 0.2010381819014382, 0.021809020059749787, 0.08308423560110907, 0.24415126453905048, 0.19959747688178053], [0.7184286425829, 0.2114004756335249, 0.003013529003080397, 0.019871380964623805, 0.04427244281279048, 0.003013529003080397], [0.67192160271494, 0.2509383335990209, 0.0030001988523264316, 0.02185751083871592, 0.04928215514267048, 0.0030001988523264316], [0.664926720511866, 0.2348116057295742, 0.0030146879261123533, 0.03112825501218873, 0.06310404289414631, 0.0030146879261123533], [0.6811357298110114, 0.22988285925374596, 0.0030048787448641733, 0.02115245871018087, 0.06181919473533328, 0.0030048787448641733], [0.6875626657401172, 0.22580908530709895, 0.0030037494169630036, 0.02177648918099463, 0.058844260937863296, 0.0030037494169630036], [0.6899873865983519, 0.22147042644548398, 0.003017071976183995, 0.018765266507721957, 0.06374277649607434, 0.003017071976183995], [0.6883263149659873, 0.22233188694258277, 0.0030060435654394786, 0.02086452878441138, 0.06246518217613967, 0.0030060435654394786], [0.7367619415529183, 0.18841633473582114, 0.0030157384451708126, 0.019505707281004543, 0.04928453953991435, 0.0030157384451708126], [0.7085099527777096, 0.19946503687592496, 0.003013579526553687, 0.02444740526033281, 0.0615504460329253, 0.003013579526553687], [0.10769734867278921, 0.16160328088066464, 0.003063974365426673, 0.019352411021496912, 0.7052190106941959, 0.003063974365426673], [0.7433186948750056, 0.18463365509035565, 0.0030624058952696976, 0.020572179370445164, 0.04535065887365416, 0.0030624058952696976], [0.6146066831845295, 0.31033287015563116, 0.003010501290495392, 0.023064170245215874, 0.0459752738336327, 0.003010501290495392], [0.5418315906170944, 0.3835480412579354, 0.0030378738453047636, 0.023138793947923775, 0.04540582648643698, 0.0030378738453047636], [0.12077788581503593, 0.41681750089137126, 0.003123688412966577, 0.02898214227541596, 0.42717509419224364, 0.003123688412966577], [0.2720618259737139, 0.5577513525704306, 0.0030185618912641223, 0.032622268431997295, 0.13152742924133, 0.0030185618912641223], [0.5352347211631785, 0.17473434250860964, 0.22107784259946425, 0.022746041592509342, 0.043121476835034735, 0.0030855753012035128], [0.9243181822459735, 0.024252352837887334, 0.006970911572600839, 0.003922787170691322, 0.03711362407288276, 0.0034221420999642933]], [[0.9198234421997478, 0.02878420974403256, 0.007550460882784134, 0.00347011378935124, 0.03690165959473312, 0.00347011378935124], [0.9114867515975247, 0.0431592657349606, 0.032983535125402655, 0.003420632040551631, 0.005940258942045878, 0.003009556559514525], [0.8327329085107935, 0.13677454790441335, 0.003008186695002343, 0.00880749556327588, 0.015668674631512506, 0.003008186695002343], [0.8183654358352934, 0.14052242276588844, 0.0030016450271207083, 0.012110208334858038, 0.022998643009718673, 0.0030016450271207083], [0.7965561036198607, 0.14885838102622878, 0.0030045790838348478, 0.015601086954122934, 0.03297527023211793, 0.0030045790838348478], [0.7966860420442704, 0.14473141089889568, 0.0030055362583585907, 0.01649322017626094, 0.03607825436385565, 0.0030055362583585907], [0.7673502177127665, 0.17642390168455022, 0.003050837795576145, 0.015405520392844955, 0.034718684618686164, 0.003050837795576145], [0.6730828313989345, 0.24813904300668035, 0.003000679434769413, 0.02333789860212804, 0.0494388681227183, 0.003000679434769413], [0.638938748858994, 0.27814379218646335, 0.0030047784838563014, 0.025055327509657725, 0.051852574477172265, 0.0030047784838563014], [0.625427838854869, 0.28645718647203494, 0.003009064077629272, 0.025135658142164244, 0.05696118837567347, 0.003009064077629272], [0.1011759782312226, 0.28208118770628415, 0.0030031090991521894, 0.022578430779402043, 0.5881581850847869, 0.0030031090991521894], [0.6369933645684243, 0.27508852490199076, 0.003004889242476553, 0.02404939296780661, 0.05785893907682532, 0.003004889242476553], [0.6439795399520405, 0.2716007484624606, 0.0030028426471152537, 0.023408971567723928, 0.05500505472354457, 0.0030028426471152537], [0.1464903187478691, 0.2960183283320479, 0.003023719829255437, 0.02803016159695541, 0.5234137516646169, 0.003023719829255437], [0.35879147095172703, 0.4435643251946513, 0.00300214246907967, 0.03392207683552792, 0.15771784207993442, 0.00300214246907967], [0.60834783127952, 0.3053066802488219, 0.0030180697347946335, 0.024840773577409922, 0.05546857542465895, 0.0030180697347946335], [0.5923543431649434, 0.32380079794085753, 0.0030304620569465784, 0.02439781879989129, 0.05338611598041463, 0.0030304620569465784], [0.31560648865440927, 0.4988714197558188, 0.003006172143730377, 0.0332957118829874, 0.14621403541932385, 0.003006172143730377], [0.6133711225785022, 0.308397346985682, 0.00301765901993981, 0.023409264988044402, 0.04878694740789183, 0.00301765901993981], [0.6333257467375093, 0.30202246398759003, 0.003014584663873629, 0.01931528230458024, 0.039307337642573215, 0.003014584663873629], [0.10998073039669272, 0.2501988654142178, 0.0030020630955515243, 0.023166215985720048, 0.6106500620122662, 0.0030020630955515243], [0.26465957508396726, 0.21061337946214312, 0.016348877437543964, 0.08652142068283229, 0.23067307782746843, 0.19118366950604498], [0.7189608032344013, 0.20343700689474156, 0.00301608134653833, 0.021906121031253934, 0.04966390614652674, 0.00301608134653833], [0.7033023242532161, 0.21851038417429505, 0.0030080682091095895, 0.02242660214126612, 0.04974455301300346, 0.0030080682091095895], [0.6723673809491065, 0.24824292783524787, 0.0030003401294981333, 0.022371476362340423, 0.051017534594309015, 0.0030003401294981333], [0.40526076178876574, 0.37767005791836494, 0.0030345994091643606, 0.032216830548110253, 0.17878315092643013, 0.0030345994091643606], [0.6632741463041566, 0.24724300878566938, 0.003006421186341142, 0.023333667928371653, 0.06013633460912017, 0.003006421186341142], [0.6823988519073968, 0.21954057539761412, 0.003012131873913016, 0.02353691443302138, 0.06849939451414161, 0.003012131873913016], [0.6603995765090015, 0.24528151040128157, 0.0030096276994856152, 0.024876227028812717, 0.06342343066193304, 0.0030096276994856152], [0.435585774363569, 0.3222786465144602, 0.0030587325973946123, 0.03067054779888562, 0.20534756612829602, 0.0030587325973946123], [0.7096271048098579, 0.207582337172914, 0.0030067682122286925, 0.022449731919834886, 0.05432728967293587, 0.0030067682122286925], [0.1184653980870578, 0.19236739011837958, 0.00301929899399459, 0.02252598285887633, 0.6606026309476971, 0.00301929899399459], [0.7324329028304846, 0.1842220078821669, 0.0030188603696699795, 0.022700259873314175, 0.05460710867469447, 0.0030188603696699795], [0.7554540268941028, 0.17435251945684246, 0.0030476854913385858, 0.021189040866723158, 0.042909041799654414, 0.0030476854913385858], [0.10645077447343591, 0.23706273690818158, 0.003121971660747722, 0.020181511247222512, 0.6300610340496646, 0.003121971660747722], [0.596708962806638, 0.337697647458589, 0.0030587000264967147, 0.020075012583413772, 0.03940097709836594, 0.0030587000264967147], [0.0943663314538035, 0.42952429924390706, 0.003074680595776199, 0.02444192523836643, 0.44551808287237066, 0.003074680595776199], [0.5338738545447417, 0.3914131412854997, 0.0030846040774511188, 0.023399926009884456, 0.04514387000497174, 0.0030846040774511188], [0.5508679849254557, 0.15022422693895626, 0.24168216394416553, 0.020299912703496924, 0.033853463211728885, 0.0030722482761965236], [0.913537580822992, 0.02755998978623013, 0.0075233914576970096, 0.0035722552801516817, 0.04423452737277757, 0.0035722552801516817]], [[0.9392339458573675, 0.021164218899822413, 0.005260716953748665, 0.0032622260355415346, 0.027816666217978347, 0.0032622260355415346], [0.02897510012301978, 0.08715838632891368, 0.06909451705721265, 0.007754365962072218, 0.8040055021943234, 0.003012128334458323], [0.8195711530921435, 0.15043071587165163, 0.003011118465906281, 0.008674553346187235, 0.015301340758205224, 0.003011118465906281], [0.7586208975779031, 0.19436111673232695, 0.003036690412640047, 0.014203686937497795, 0.026740917926992017, 0.003036690412640047], [0.7138258661228415, 0.21673843008298765, 0.003010943175975517, 0.019148869905176683, 0.044264947537043124, 0.003010943175975517], [0.7526502466578494, 0.1783313896551843, 0.0030389288969471513, 0.017527127923391814, 0.045413377969680264, 0.0030389288969471513], [0.7203151511241208, 0.1943442878324315, 0.0030215654112894534, 0.02271851638829006, 0.05657891383257876, 0.0030215654112894534], [0.6736875768942899, 0.2362339229350776, 0.0030039440408815574, 0.025211721813555944, 0.05885889027531341, 0.0030039440408815574], [0.35611619708531334, 0.4438428949979146, 0.0030022885882426153, 0.035918419484128196, 0.15811791125615862, 0.0030022885882426153], [0.6270006493258892, 0.2871642685776722, 0.003008344578706635, 0.02426038723883677, 0.05555800570018876, 0.003008344578706635], [0.648437629595707, 0.26832011709127485, 0.0030018355950488327, 0.022777490393886126, 0.05446109172903431, 0.0030018355950488327], [0.6771873631561997, 0.24167099727174612, 0.0030010153682639776, 0.02182824855345717, 0.053311360282069085, 0.0030010153682639776], [0.6596542176338483, 0.2579566670691877, 0.0030010344985955755, 0.024685667886727804, 0.051701378413045125, 0.0030010344985955755], [0.6525509802936549, 0.2730663867677441, 0.0030027568800259415, 0.022857443358470547, 0.04551967582007863, 0.0030027568800259415], [0.6143298189207534, 0.30220863869654563, 0.0030148555203369128, 0.02324468113453186, 0.05418715020749537, 0.0030148555203369128], [0.6388445189011621, 0.2904716040276896, 0.003007863302343426, 0.020590313496131437, 0.0440778369703301, 0.003007863302343426], [0.6195625591008932, 0.3094682435690802, 0.0030182929274295664, 0.022306760425694384, 0.042625851049473085, 0.0030182929274295664], [0.10884752566205148, 0.3031266435416405, 0.003007942448643597, 0.02169450503500466, 0.5603154408640162, 0.003007942448643597], [0.6329657740490977, 0.3120201838621268, 0.0030252239672732156, 0.017820084218946566, 0.03114350993528248, 0.0030252239672732156], [0.08336208261762587, 0.26306386936306597, 0.0030126042910757485, 0.01987382508407106, 0.6276750143530855, 0.0030126042910757485], [0.08434970946297252, 0.19127797400540777, 0.0030404126066166663, 0.019368973168087996, 0.6989225181502984, 0.0030404126066166663], [0.2646077153619866, 0.1935600611275472, 0.022935675816536206, 0.07976371269622701, 0.22882198499612333, 0.2103108500015798], [0.7630254055188692, 0.17142951234468704, 0.0030259630824635837, 0.019172195848440533, 0.04032096012307601, 0.0030259630824635837], [0.09900495829461725, 0.2281636638472103, 0.0030141871661793344, 0.020093138086921765, 0.6467098654388921, 0.0030141871661793344], [0.6651075757859067, 0.2552878482850125, 0.0030005299598572805, 0.023686435038804517, 0.04991708097056167, 0.0030005299598572805], [0.6241754847332381, 0.26890465635619115, 0.003000385386794117, 0.022002833823539725, 0.07891625431344265, 0.003000385386794117], [0.6723399761543692, 0.246156498161