{"prediction": [[[0.98500332438622, 0.002999335122756038, 0.002999335122756038, 0.002999335122756038, 0.002999335122756038, 0.002999335122756038], [0.98500332438622, 0.002999335122756038, 0.002999335122756038, 0.002999335122756038, 0.002999335122756038, 0.002999335122756038], [0.98500332438622, 0.002999335122756038, 0.002999335122756038, 0.002999335122756038, 0.002999335122756038, 0.002999335122756038], [0.98500332438622, 0.002999335122756038, 0.002999335122756038, 0.002999335122756038, 0.002999335122756038, 0.002999335122756038], [0.98500332438622, 0.002999335122756038, 0.002999335122756038, 0.002999335122756038, 0.002999335122756038, 0.002999335122756038], [0.98500332438622, 0.002999335122756038, 0.002999335122756038, 0.002999335122756038, 0.002999335122756038, 0.002999335122756038], [0.98500332438622, 0.002999335122756038, 0.002999335122756038, 0.002999335122756038, 0.002999335122756038, 0.002999335122756038], [0.98500332438622, 0.002999335122756038, 0.002999335122756038, 0.002999335122756038, 0.002999335122756038, 0.002999335122756038], [0.98500332438622, 0.002999335122756038, 0.002999335122756038, 0.002999335122756038, 0.002999335122756038, 0.002999335122756038], [0.98500332438622, 0.002999335122756038, 0.002999335122756038, 0.002999335122756038, 0.002999335122756038, 0.002999335122756038], [0.98500332438622, 0.002999335122756038, 0.002999335122756038, 0.002999335122756038, 0.002999335122756038, 0.002999335122756038], [0.98500332438622, 0.002999335122756038, 0.002999335122756038, 0.002999335122756038, 0.002999335122756038, 0.002999335122756038], [0.98500332438622, 0.002999335122756038, 0.002999335122756038, 0.002999335122756038, 0.002999335122756038, 0.002999335122756038], [0.98500332438622, 0.002999335122756038, 0.002999335122756038, 0.002999335122756038, 0.002999335122756038, 0.002999335122756038], [0.98500332438622, 0.002999335122756038, 0.002999335122756038, 0.002999335122756038, 0.002999335122756038, 0.002999335122756038], [0.98500332438622, 0.002999335122756038, 0.002999335122756038, 0.002999335122756038, 0.002999335122756038, 0.002999335122756038], [0.98500332438622, 0.002999335122756038, 0.002999335122756038, 0.002999335122756038, 0.002999335122756038, 0.002999335122756038], [0.98500332438622, 0.002999335122756038, 0.002999335122756038, 0.002999335122756038, 0.002999335122756038, 0.002999335122756038], [0.98500332438622, 0.002999335122756038, 0.002999335122756038, 0.002999335122756038, 0.002999335122756038, 0.002999335122756038], [0.98500332438622, 0.002999335122756038, 0.002999335122756038, 0.002999335122756038, 0.002999335122756038, 0.002999335122756038], [0.98500332438622, 0.002999335122756038, 0.002999335122756038, 0.002999335122756038, 0.002999335122756038, 0.002999335122756038], [0.98500332438622, 0.002999335122756038, 0.002999335122756038, 0.002999335122756038, 0.002999335122756038, 0.002999335122756038], [0.98500332438622, 0.002999335122756038, 0.002999335122756038, 0.002999335122756038, 0.002999335122756038, 0.002999335122756038], [0.98500332438622, 0.002999335122756038, 0.002999335122756038, 0.002999335122756038, 0.002999335122756038, 0.002999335122756038], [0.98500332438622, 0.002999335122756038, 0.002999335122756038, 0.002999335122756038, 0.002999335122756038, 0.002999335122756038], [0.98500332438622, 0.002999335122756038, 0.002999335122756038, 0.002999335122756038, 0.002999335122756038, 0.002999335122756038], [0.98500332438622, 0.002999335122756038, 0.002999335122756038, 0.002999335122756038, 0.002999335122756038, 0.002999335122756038], [0.98500332438622, 0.002999335122756038, 0.002999335122756038, 0.002999335122756038, 0.002999335122756038, 0.002999335122756038], [0.98500332438622, 0.002999335122756038, 0.002999335122756038, 0.002999335122756038, 0.002999335122756038, 0.002999335122756038], [0.98500332438622, 0.002999335122756038, 0.002999335122756038, 0.002999335122756038, 0.002999335122756038, 0.002999335122756038], [0.98500332438622, 0.002999335122756038, 0.002999335122756038, 0.002999335122756038, 0.002999335122756038, 0.002999335122756038], [0.98500332438622, 0.002999335122756038, 0.002999335122756038, 0.002999335122756038, 0.002999335122756038, 0.002999335122756038], [0.98500332438622, 0.002999335122756038, 0.002999335122756038, 0.002999335122756038, 0.002999335122756038, 0.002999335122756038], [0.98500332438622, 0.002999335122756038, 0.002999335122756038, 0.002999335122756038, 0.002999335122756038, 0.002999335122756038], [0.98500332438622, 0.002999335122756038, 0.002999335122756038, 0.002999335122756038, 0.002999335122756038, 0.002999335122756038], [0.98500332438622, 0.002999335122756038, 0.002999335122756038, 0.002999335122756038, 0.002999335122756038, 0.002999335122756038], [0.98500332438622, 0.002999335122756038, 0.002999335122756038, 0.002999335122756038, 0.002999335122756038, 0.002999335122756038], [0.98500332438622, 0.002999335122756038, 0.002999335122756038, 0.002999335122756038, 0.002999335122756038, 0.002999335122756038], [0.98500332438622, 0.002999335122756038, 0.002999335122756038, 0.002999335122756038, 0.002999335122756038, 0.002999335122756038], [0.98500332438622, 0.002999335122756038, 0.002999335122756038, 0.002999335122756038, 0.002999335122756038, 0.002999335122756038]], [[0.98500332438622, 0.002999335122756038, 0.002999335122756038, 0.002999335122756038, 0.002999335122756038, 0.002999335122756038], [0.9202843527953384, 0.030912010552825612, 0.022640583654611784, 0.005039000348743774, 0.018120761043422046, 0.003003291605058386], [0.9043301354909119, 0.035092909088940444, 0.030609371913657694, 0.006184666960090378, 0.020780181690674575, 0.0030027348557250685], [0.8844213174591284, 0.03911072377030133, 0.03958662389418209, 0.007664143100841089, 0.026200141628180813, 0.0030170501473662206], [0.09818211676586268, 0.052427479239867326, 0.057964731771433596, 0.010826064166760054, 0.777586044084129, 0.0030135639719473034], [0.8161985271208033, 0.05233143030201249, 0.07830587607878324, 0.011539096638779101, 0.03862066861175905, 0.003004401247862827], [0.8453180353990909, 0.04895864044807112, 0.05432161339402423, 0.010795701755635958, 0.03760397840124675, 0.003002030601931149], [0.8931791383959978, 0.03641218190979342, 0.03395868429824904, 0.007576035422177437, 0.025862931307600676, 0.0030110286661816253], [0.8991573819920472, 0.03280083128990653, 0.033753309307269885, 0.006784987153867181, 0.024496538975725266, 0.003006951281183986], [0.05474776905959965, 0.03417825085940892, 0.03064362273555273, 0.00672608726355844, 0.8706873794494138, 0.0030168906324664806], [0.8434843730668625, 0.04865052285296475, 0.056855050079369425, 0.00998291136139407, 0.03802564065843642, 0.0030015019809728405], [0.8178913516721539, 0.05447206852743528, 0.06958643174690048, 0.012099321789286618, 0.04294382353908721, 0.003007002725136582], [0.11920630637418136, 0.057071599590514215, 0.07127770090819245, 0.012393642647164797, 0.7370063075431638, 0.0030444429367833667], [0.8360314396125629, 0.0457717015561201, 0.06373941967717393, 0.01048076512938621, 0.0409711173447997, 0.003005556679957235], [0.8675742888963597, 0.03983457393304871, 0.04172400064777563, 0.008689231571944052, 0.03916670991962984, 0.0030111950312422166], [0.9082245348333715, 0.030874539669682597, 0.023539092271237794, 0.006210994558313459, 0.028136734153412626, 0.003014104513982141], [0.98500332438622, 0.002999335122756038, 0.002999335122756038, 0.002999335122756038, 0.002999335122756038, 0.002999335122756038], [0.98500332438622, 0.002999335122756038, 0.002999335122756038, 0.002999335122756038, 0.002999335122756038, 0.002999335122756038], [0.8614421994481068, 0.04340730329918588, 0.041851584478678094, 0.008960682308173517, 0.04132478216520876, 0.0030134483006470096], [0.8556093678692007, 0.04383834827008338, 0.052927159502096116, 0.009412915308374972, 0.03520863534297257, 0.0030035737072722974], [0.05459686112825035, 0.0358818568013018, 0.0385485064919012, 0.006673372402868216, 0.8612791121164665, 0.00302029105921199], [0.04372586589385204, 0.030452322048055383, 0.026877055658917237, 0.005266504540328388, 0.8906740353862349, 0.003004216472612012], [0.9202183097082168, 0.028207532903151228, 0.026682609063108324, 0.0048227849084532615, 0.017067447500183526, 0.003001315916886834], [0.9567406011963848, 0.017287127829708593, 0.012199796355803353, 0.0031862262602946755, 0.007580465771134018, 0.0030057825866744922], [0.9362127728351443, 0.024090095586073713, 0.01896576427668404, 0.004134002959537338, 0.013587383796697267, 0.003009980545863493], [0.960458934869589, 0.01685862279296879, 0.010576815002063034, 0.0030026488935522293, 0.006100329548274766, 0.0030026488935522293], [0.015666659161101004, 0.014008778719516668, 0.00923161512346523, 0.0030069585547987127, 0.9550790298863197, 0.0030069585547987127], [0.9607679538925653, 0.016118643792883983, 0.010393100918426148, 0.003003240542307576, 0.006713820311509418, 0.003003240542307576], [0.9335702470839206, 0.02543741887749809, 0.019797466142667957, 0.004312327579605773, 0.013872778211419098, 0.0030097621048886], [0.9153041560476819, 0.030405534042635362, 0.026276445195642883, 0.005407918172862435, 0.019603888030446354, 0.0030020585107310782], [0.8877559176751971, 0.03676341870363117, 0.0383154887350473, 0.007690919577268204, 0.026462091979873193, 0.0030121633289830543], [0.8336656774582437, 0.052335473255298845, 0.06063841607743035, 0.010858206035206944, 0.039501038182651146, 0.003001188991168983], [0.09786897587458984, 0.061223100077132574, 0.08295604520504546, 0.012940071910048574, 0.7419949774372079, 0.0030168294959757014], [0.12994632088194566, 0.06362086642602097, 0.08908972753611957, 0.013077098368517817, 0.7012454888725537, 0.003020497914842285], [0.12011179147016024, 0.06040760720140165, 0.0888617482249606, 0.013709263154465405, 0.7138959442037561, 0.0030136457452560276], [0.8147401337505711, 0.05943016960699565, 0.07140354216725482, 0.012161976692550019, 0.03925961301694106, 0.0030045647656873633], [0.8809146989938301, 0.03728302817965368, 0.04441764064757099, 0.00818992725099705, 0.02617664818416662, 0.0030180567437814968], [0.9003897587247973, 0.03615047595554011, 0.03394158166560826, 0.0062587241154912505, 0.0202571887461106, 0.0030022707924525016], [0.03875821636601365, 0.026864370708202776, 0.022133104826428027, 0.004558981654868201, 0.9046785069331713, 0.003006819511316076], [0.98500332438622, 0.002999335122756038, 0.002999335122756038, 0.002999335122756038, 0.002999335122756038, 0.002999335122756038]], [[0.98500332438622, 0.002999335122756038, 0.002999335122756038, 0.002999335122756038, 0.002999335122756038, 0.002999335122756038], [0.8993933771774268, 0.03628707057160881, 0.033074577263117744, 0.006609145676473501, 0.02163128838826807, 0.003004540923104964], [0.852154095752146, 0.10359385465250621, 0.0030399560678989494, 0.007968573858960189, 0.030203563600589775, 0.0030399560678989494], [0.7821000628325705, 0.15042208940309726, 0.003018842396321182, 0.012101662479118348, 0.04933850049257144, 0.003018842396321182], [0.7763690015167927, 0.15507676947272442, 0.0030237624956173524, 0.013367386673867205, 0.049139317345381184, 0.0030237624956173524], [0.12295260979136216, 0.1503572363069647, 0.00301227493325312, 0.01379853251131031, 0.7068670715238566, 0.00301227493325312], [0.7966998191476142, 0.133195401303311, 0.003007947397450078, 0.012801210852107347, 0.05128767390206729, 0.003007947397450078], [0.8184543005222892, 0.11757869414080972, 0.0030010897630933617, 0.011053675323592428, 0.04691115048712205, 0.0030010897630933617], [0.861282937864387, 0.08725063570086185, 0.0030303630617120386, 0.008598523764177335, 0.03680717654714966, 0.0030303630617120386], [0.819134957421653, 0.11662380481702497, 0.003001449386392043, 0.010597954343470955, 0.04764038464506708, 0.003001449386392043], [0.8053520203733522, 0.12780384484484522, 0.003004628116718132, 0.010986919979301388, 0.04984795856906509, 0.003004628116718132], [0.7773887526582937, 0.14900129106647156, 0.0030220459906028833, 0.013044411671420307, 0.05452145262260881, 0.0030220459906028833], [0.49538837146691256, 0.2186887739951933, 0.003002667923123525, 0.01918942363109191, 0.2607280950605552, 0.003002667923123525], [0.816862266525453, 0.051599349083714344, 0.06548810278592672, 0.011983230034111999, 0.05104611528953189, 0.003020936281262091], [0.98500332438622, 0.002999335122756038, 0.002999335122756038, 0.002999335122756038, 0.002999335122756038, 0.002999335122756038], [0.98500332438622, 0.002999335122756038, 0.002999335122756038, 0.002999335122756038, 0.002999335122756038, 0.002999335122756038], [0.8519572797427388, 0.04299466719007436, 0.04393628031386476, 0.009616656883184782, 0.04847717228720763, 0.00301794358292969], [0.98500332438622, 0.002999335122756038, 0.002999335122756038, 0.002999335122756038, 0.002999335122756038, 0.002999335122756038], [0.8257630807130433, 0.04401907783804623, 0.055882209411013434, 0.010052376722153627, 0.061280525397190984, 0.003002729918552465], [0.789523557523016, 0.14988092074352904, 0.003000553608751071, 0.010421007620025412, 0.044173406895927476, 0.003000553608751071], [0.8271398112550418, 0.11895585133742231, 0.003001337909867558, 0.008925479739011907, 0.03897618184878895, 0.003001337909867558], [0.05578530173660448, 0.09014301391067173, 0.0030153324442908215, 0.0068675199538486215, 0.8411734995102935, 0.0030153324442908215], [0.8970472808959296, 0.06842808132584137, 0.003001109282956949, 0.005627151792618552, 0.022895267419696767, 0.003001109282956949], [0.046328233555561815, 0.05885681179454596, 0.0030030399473145596, 0.005192275317445525, 0.8836165994378176, 0.0030030399473145596], [0.9112460960905256, 0.05878543989869488, 0.003002132814530712, 0.004899029580915423, 0.019065168800802595, 0.003002132814530712], [0.039570829997446946, 0.051211002799859316, 0.0030070163581587105, 0.004637414736112202, 0.8985667197502641, 0.0030070163581587105], [0.9492572415782379, 0.03317387619747885, 0.003010133738515243, 0.0032038462901292537, 0.008344768457123663, 0.003010133738515243], [0.9178194718287972, 0.05393619193727318, 0.003003391289728148, 0.004907118034800696, 0.01733043561967261, 0.003003391289728148], [0.9042975385829138, 0.06278655633593283, 0.0030011084610384376, 0.005571087584041071, 0.021342600575035484, 0.0030011084610384376], [0.8737575226320646, 0.08317910926411436, 0.003010683960093714, 0.00735942701858747, 0.029682573165046165, 0.003010683960093714], [0.8112838075560312, 0.12555781362331087, 0.0030012196067084715, 0.010624693471309309, 0.04653124613593157, 0.0030012196067084715], [0.7807418062983036, 0.14735739432004988, 0.003014710347930698, 0.012353613010878079, 0.053517765674907035, 0.003014710347930698], [0.7671399026000716, 0.15834255489063107, 0.0030258893889238787, 0.01394167467497207, 0.05452408905647752, 0.0030258893889238787], [0.4962662330666186, 0.2470663254064241, 0.0030125462638274664, 0.019734821447694503, 0.23090752755160784, 0.0030125462638274664], [0.7484319003625264, 0.1835441972878616, 0.003013177684023036, 0.01201708529123667, 0.049980461690329485, 0.003013177684023036], [0.10000892187591415, 0.15567717956783253, 0.003014167070862099, 0.012277933849917051, 0.7260076305646121, 0.003014167070862099], [0.09402070423877806, 0.13394958042247326, 0.003001850224629446, 0.010257744399205756, 0.755768270490284, 0.003001850224629446], [0.8705288201515377, 0.08974782670573263, 0.0030131659186409024, 0.007025324181726279, 0.02667169712372162, 0.0030131659186409024], [0.9101623261503158, 0.03235183921415258, 0.029849655514996305, 0.005687380238628196, 0.018948239091439462, 0.0030005597904676305], [0.98500332438622, 0.002999335122756038, 0.002999335122756038, 0.002999335122756038, 0.002999335122756038, 0.002999335122756038]], [[0.98500332438622, 0.002999335122756038, 0.002999335122756038, 0.002999335122756038, 0.002999335122756038, 0.002999335122756038], [0.8730360698796892, 0.039783728204795005, 0.04806510727473595, 0.008359344742566846, 0.027723779425759616, 0.0030319704724533782], [0.7765854384826653, 0.15746295468634092, 0.003025324090354916, 0.01169689369603715, 0.048204064954246915, 0.003025324090354916], [0.759991828194672, 0.16486059113179496, 0.0030407516872258612, 0.014719980733186484, 0.05434609656589479, 0.0030407516872258612], [0.7489468183390702, 0.1633718096698799, 0.0030306564422110955, 0.014412068156613965, 0.06720799095001372, 0.0030306564422110955], [0.4938501524338844, 0.25252135216234395, 0.003003151783308882, 0.020294449142045437, 0.22732774269510841, 0.003003151783308882], [0.7775969733342377, 0.15190694817918202, 0.00300421395699794, 0.012494221417855996, 0.051993429154728286, 0.00300421395699794], [0.1162946092211683, 0.12379937837768712, 0.0030128036677917985, 0.012531297303581093, 0.7413491077619799, 0.0030128036677917985], [0.10699719209049426, 0.11656078267625475, 0.0030053045819139553, 0.011579037785769974, 0.7588523782836532, 0.0030053045819139553], [0.8124842012222406, 0.11914713134400266, 0.0030034929251681907, 0.01112569893385171, 0.05123598264956863, 0.0030034929251681907], [0.10533966964149692, 0.13321436250129504, 0.0030071809006738783, 0.011589320276276141, 0.7438422857795841, 0.0030071809006738783], [0.7845938924582181, 0.13757870062303595, 0.003017628032861096, 0.01333956922671858, 0.05845258162630512, 0.003017628032861096], [0.8010205382257501, 0.05550254338248812, 0.07498866846954064, 0.013125352268502664, 0.05233986957537406, 0.00302302807834432], [0.1117841319614098, 0.053322136655359044, 0.05413051225286591, 0.012692116608339453, 0.7650305729959228, 0.003040529526102987], [0.98500332438622, 0.002999335122756038, 0.002999335122756038, 0.002999335122756038, 0.002999335122756038, 0.002999335122756038], [0.8590276139184523, 0.03857383814136436, 0.04441493244997139, 0.0092475778023947, 0.04571857875841564, 0.0030174589294016123], [0.10112602922478643, 0.043888696597315806, 0.04820218305917227, 0.01027625893394935, 0.7934822120782705, 0.003024620106505604], [0.98500332438622, 0.002999335122756038, 0.002999335122756038, 0.002999335122756038, 0.002999335122756038, 0.002999335122756038], [0.5307107212345689, 0.0554580376635273, 0.12594106177870912, 0.0193577701962142, 0.2655287428207958, 0.003003666306184744], [0.8020305907337468, 0.1281913512681625, 0.003021618086867518, 0.01859884102863692, 0.0451359807957187, 0.003021618086867518], [0.796228436512378, 0.14541471034959624, 0.003000454358837818, 0.009967272751075102, 0.0423886716692752, 0.003000454358837818], [0.8398987393507868, 0.10706274179984969, 0.00300287930272206, 0.008528830005276733, 0.03850393023864278, 0.00300287930272206], [0.8862874641296452, 0.07437104522885077, 0.0030050728224827678, 0.006359675807666645, 0.026971669188871915, 0.0030050728224827678], [0.8914956543241349, 0.06999971293003013, 0.003002923392976011, 0.0063800699006712445, 0.02611871605921173, 0.003002923392976011], [0.05314402851481139, 0.0713607487927661, 0.003003095064259388, 0.0061961036577958, 0.8632929289061079, 0.003003095064259388], [0.9060144321252941, 0.061591827342065066, 0.003000577959026604, 0.00547663673746146, 0.020915947877126206, 0.003000577959026604], [0.9121990468960437, 0.05766883517743509, 0.0030013455766252474, 0.0053201043818587625, 0.018809322391411937, 0.0030013455766252474], [0.04858792447250833, 0.06271751840053623, 0.003001696759459093, 0.005736342508544456, 0.8769548210994929, 0.003001696759459093], [0.06456247057285561, 0.08155748321226133, 0.0030141525336143393, 0.00749104911556107, 0.8403606920320933, 0.0030141525336143393], [0.8235950786614807, 0.11424251223966515, 0.003001334641973635, 0.009910077370272748, 0.04624966244463426, 0.003001334641973635], [0.7979972073264001, 0.13225092751522613, 0.0030051489563956897, 0.01182603494783633, 0.05191553229774613, 0.0030051489563956897], [0.7844557960549587, 0.13964189841906066, 0.003012717498080294, 0.013041368990442961, 0.056835501539377144, 0.003012717498080294], [0.7492576958850019, 0.17523546031387158, 0.003012624189617395, 0.01409734850131926, 0.05538424692057256, 0.003012624189617395], [0.749262892548787, 0.1735807129294913, 0.0030133982137565815, 0.01398514192589378, 0.057144456168314824, 0.0030133982137565815], [0.12686978728890405, 0.16020302783209037, 0.003016960843162248, 0.014070386625461642, 0.6928228765672195, 0.003016960843162248], [0.7941731178828866, 0.13912814423980593, 0.003006443488019533, 0.011918171392920295, 0.04876767950834827, 0.003006443488019533], [0.8559472567728181, 0.09709946812438322, 0.003028528818117863, 0.008588361524463742, 0.03230785594209913, 0.003028528818117863], [0.8744304064692329, 0.08260838426830609, 0.0030104194160640117, 0.007153803134049964, 0.029786567296282984, 0.0030104194160640117], [0.9121477462446733, 0.029839443371960726, 0.02908936489323113, 0.005884507149794929, 0.02003761006817668, 0.003001328272163149], [0.98500332438622, 0.002999335122756038, 0.002999335122756038, 0.002999335122756038, 0.002999335122756038, 0.002999335122756038]], [[0.98500332438622, 0.002999335122756038, 0.002999335122756038, 0.002999335122756038, 0.002999335122756038, 0.002999335122756038], [0.10153231643351532, 0.05935452842887292, 0.07438294349068926, 0.012543614168159108, 0.7491667773110311, 0.0030198201677322832], [0.1093811990770344, 0.20938303811185507, 0.0030161353135720924, 0.014069595674280753, 0.6611338965096856, 0.0030161353135720924], [0.1195639406493496, 0.20155417890734378, 0.003052577526275272, 0.026592362027372963, 0.6461843633633831, 0.003052577526275272], [0.11471544028841718, 0.20320320848448659, 0.0030457848213180706, 0.015247862896828782, 0.6607419186876312, 0.0030457848213180706], [0.1403753015665358, 0.15461657990134567, 0.0030239318537471655, 0.014840766200996749, 0.6841194886236275, 0.0030239318537471655], [0.11597318703573957, 0.1307047864228844, 0.0030143787427682005, 0.012561950434751609, 0.7347313186210881, 0.0030143787427682005], [0.8212363944617519, 0.1101410753936052, 0.00300363161487284, 0.011179945191846005, 0.05143532172305137, 0.00300363161487284], [0.12462158037225832, 0.10790047362693124, 0.0030215459838378645, 0.012267058711493844, 0.7491677953216408, 0.0030215459838378645], [0.815380154479507, 0.1156211128133271, 0.0030034516778720275, 0.01138861652579503, 0.051603212825626826, 0.0030034516778720275], [0.814381898640254, 0.11118956241568562, 0.0030091051047857007, 0.010696232629028355, 0.05771409610546072, 0.0030091051047857007], [0.5342972380751831, 0.053465952237834534, 0.0997474673651597, 0.01802567255647981, 0.2914572902214153, 0.0030063795439275085], [0.98500332438622, 0.002999335122756038, 0.002999335122756038, 0.002999335122756038, 0.002999335122756038, 0.002999335122756038], [0.98500332438622, 0.002999335122756038, 0.002999335122756038, 0.002999335122756038, 0.002999335122756038, 0.002999335122756038], [0.09283944716237481, 0.03804603790461697, 0.040837063023560466, 0.009121037438461824, 0.8161291115556988, 0.0030273029152871915], [0.8673487547568635, 0.03783873882217081, 0.04019922489510943, 0.008498865494641837, 0.04309437443007464, 0.0030200416011398157], [0.98500332438622, 0.002999335122756038, 0.002999335122756038, 0.002999335122756038, 0.002999335122756038, 0.002999335122756038], [0.8480182676917863, 0.04640022384239609, 0.04849326367633081, 0.009730666525530517, 0.04434836079134286, 0.003009217472613375], [0.8161499236234518, 0.12068452352236025, 0.00300188532335362, 0.009949197773184827, 0.04721258443429581, 0.00300188532335362], [0.7918600798951522, 0.14782312932213457, 0.0030003012088744255, 0.010641097440950358, 0.043675090924014164, 0.0030003012088744255], [0.8258977547464473, 0.1171589842215515, 0.0030005560010422333, 0.009692587047873081, 0.04124956198204371, 0.0030005560010422333], [0.8765716981510051, 0.08215434957199089, 0.003010625620660305, 0.0072481655389237355, 0.02800453549675969, 0.003010625620660305], [0.06060136550200523, 0.07865202560326251, 0.0030113003330114246, 0.007764422799355432, 0.846959585429354, 0.0030113003330114246], [0.877869237448478, 0.07823695814267825, 0.003010863844856291, 0.007539697466580555, 0.03033237925255066, 0.003010863844856291], [0.838447088243486, 0.10517854106613002, 0.003002331895402736, 0.009431736867225819, 0.04093797003235256, 0.003002331895402736], [0.8916849251598296, 0.06960241424149032, 0.003003702281605733, 0.00675249701918012, 0.0259527590162886, 0.003003702281605733], [0.8968005465099419, 0.06602887804029121, 0.003001858964695691, 0.006567832438871356, 0.024599025081504033, 0.003001858964695691], [0.8853684477346139, 0.0740877976805891, 0.003006897736253136, 0.007219222839538332, 0.027310736272752476, 0.003006897736253136], [0.8251053892688497, 0.1123799131158982, 0.0030012155175297237, 0.010617606571146711, 0.045894660009045955, 0.0030012155175297237], [0.7859992161079209, 0.1444393850419998, 0.003002649461451462, 0.01229176223351931, 0.0512643376936571, 0.003002649461451462], [0.797229551838717, 0.13004810801341066, 0.003005832099874186, 0.012866298784961946, 0.05384437716316205, 0.003005832099874186], [0.5030795463388179, 0.21671774922721912, 0.003001257430405928, 0.018612248741365255, 0.25558794083178593, 0.003001257430405928], [0.7797496678298389, 0.14219418708190487, 0.0030158736812702005, 0.013944851288801423, 0.05807954643691433, 0.0030158736812702005], [0.7627847680019146, 0.1449714646395548, 0.0030083215242319938, 0.012995139330244277, 0.07323198497982217, 0.0030083215242319938], [0.11294469702374511, 0.13425941914030576, 0.00300909333027404, 0.013017615159300926, 0.7337600820161002, 0.00300909333027404], [0.8481123294382577, 0.09896019281916188, 0.0030407072867936384, 0.009823237510881705, 0.037022825658111505, 0.0030407072867936384], [0.863724222153127, 0.08753031415794012, 0.003020989489977776, 0.008619670233833905, 0.034083814475143456, 0.003020989489977776], [0.8745259451223115, 0.08073410028411576, 0.003010610550018164, 0.00787349371165837, 0.03084523978187804, 0.003010610550018164], [0.049071392680737694, 0.03017357755065379, 0.02312975281855192, 0.005578259518589469, 0.8890365653500779, 0.003010452081389258], [0.98500332438622, 0.002999335122756038, 0.002999335122756038, 0.002999335122756038, 0.002999335122756038, 0.002999335122756038]], [[0.98500332438622, 0.002999335122756038, 0.002999335122756038, 0.002999335122756038, 0.002999335122756038, 0.002999335122756038], [0.7969086574476532, 0.054808426927074966, 0.07327273401243921, 0.012728855105631005, 0.05927591465818, 0.0030054118490215787], [0.7395534904169797, 0.17408079409350938, 0.0030446293074147344, 0.013012381282542654, 0.06726407559213876, 0.0030446293074147344], [0.4836584785411151, 0.2719159999599368, 0.003011547429190131, 0.020249383549525154, 0.21815304309104278, 0.003011547429190131], [0.14480341881397857, 0.18275589509350587, 0.0030224135935838564, 0.014934144474674548, 0.6514617144306732, 0.0030224135935838564], [0.7613888644935395, 0.1460631751166064, 0.0030125657921141135, 0.013425410409390175, 0.07309741839623565, 0.0030125657921141135], [0.11025507619544375, 0.11497923778940726, 0.0030074254185068075, 0.012049143288888073, 0.7567016918892473, 0.0030074254185068075], [0.8252269156946158, 0.10053500621028982, 0.003010211179694952, 0.01153118178817816, 0.056686473947526426, 0.003010211179694952], [0.8005241943851511, 0.109241101371893, 0.0030005483596176937, 0.011390796300161952, 0.07284281122355851, 0.0030005483596176937], [0.11065893843246481, 0.11101255834914871, 0.003008280820037021, 0.01135479356394233, 0.7609571480143701, 0.003008280820037021], [0.8322375558568851, 0.10277062841080548, 0.0030045721649540552, 0.009748362554818691, 0.049234308847582606, 0.0030045721649540552], [0.8351223767271444, 0.0435317416008969, 0.05057320761577647, 0.010263647997477325, 0.05748155356600293, 0.0030274724927020226], [0.98500332438622, 0.002999335122756038, 0.002999335122756038, 0.002999335122756038, 0.002999335122756038, 0.002999335122756038], [0.08373486421135652, 0.039246610874688996, 0.04084855185593405, 0.008991901864828079, 0.8241580206487507, 0.003020050544441776], [0.854353687565852, 0.041978617702959124, 0.04509982766199725, 0.009356731213683142, 0.046196887489635595, 0.0030142483658729905], [0.98500332438622, 0.002999335122756038, 0.002999335122756038, 0.002999335122756038, 0.002999335122756038, 0.002999335122756038], [0.8547872739142812, 0.04398404869062134, 0.04913773651324271, 0.008972506800893168, 0.04011143212542705, 0.0030070019555345565], [0.8382663767427275, 0.10483781287638239, 0.0030033874391636292, 0.008170701789601054, 0.042718333712961576, 0.0030033874391636292], [0.10767467200992986, 0.12139748980142012, 0.0030028607730636842, 0.00985910225022494, 0.7550630143922977, 0.0030028607730636842], [0.8339225024037213, 0.11278303353126841, 0.003001655782806524, 0.008767662178383262, 0.038523490321013924, 0.003001655782806524], [0.8789598025780812, 0.08007044554736892, 0.003009169531724869, 0.006907651227657784, 0.028043761583442357, 0.003009169531724869], [0.8881814679076115, 0.07102647687074042, 0.00300475030651507, 0.006855028243288116, 0.027927526365329892, 0.00300475030651507], [0.8754168208822437, 0.0795023269116253, 0.003012888244330602, 0.00794092262144371, 0.031114153096026175, 0.003012888244330602], [0.8351317807428905, 0.10392050365207305, 0.0030024312670317538, 0.010294351351464837, 0.044648501719508134, 0.0030024312670317538], [0.8212838473128589, 0.11806865223244424, 0.0030005191979406913, 0.010445666099269028, 0.044200795959546596, 0.0030005191979406913], [0.8375780355753877, 0.10347925236643914, 0.0030016192338885544, 0.009850201843808411, 0.04308927174658769, 0.0030016192338885544], [0.8778396124590782, 0.07737905132667339, 0.0030137625422877465, 0.007915221623442164, 0.030838589506230838, 0.0030137625422877465], [0.8309288716663168, 0.10821884001156212, 0.0030009967005661226, 0.010254625884693818, 0.04459566903629507, 0.0030009967005661226], [0.7954888998145121, 0.1389834924003686, 0.003002279631056406, 0.011827632868864249, 0.04769541565414221, 0.003002279631056406], [0.7778056480241504, 0.1513782700859108, 0.003002817908327068, 0.012679017382139954, 0.052131428691144885, 0.003002817908327068], [0.14216866698453587, 0.1480810098556092, 0.003013413556369165, 0.014712135493226343, 0.6890113605538903, 0.003013413556369165], [0.7831211008982215, 0.1400106714774364, 0.003013594725976204, 0.013477153913941383, 0.05736388425844837, 0.003013594725976204], [0.12475685992795126, 0.13952477432476273, 0.003022495326426552, 0.014164649067611711, 0.7155087260268213, 0.003022495326426552], [0.7956430037662345, 0.12624607633082485, 0.0030092262946111313, 0.013612484108299645, 0.058479983205418806, 0.0030092262946111313], [0.8536800857149502, 0.09059462627902104, 0.0030367034848933685, 0.010058006878600041, 0.039593874157641956, 0.0030367034848933685], [0.8579469862353121, 0.08869783912351398, 0.003029511702094369, 0.009927812617147543, 0.037368338619837634, 0.003029511702094369], [0.8657573679368926, 0.08401459601120034, 0.003020303145946304, 0.009002515487582395, 0.035184914272432234, 0.003020303145946304], [0.8284879065885059, 0.10944246127901813, 0.00300191852067755, 0.01041762019983465, 0.045648174891286225, 0.00300191852067755], [0.8985046383345863, 0.03313227963040727, 0.03465637586000541, 0.00678355235870131, 0.023918050269465006, 0.0030051035468346052], [0.98500332438622, 0.002999335122756038, 0.002999335122756038, 0.002999335122756038, 0.002999335122756038, 0.002999335122756038]], [[0.98500332438622, 0.002999335122756038, 0.002999335122756038, 0.002999335122756038, 0.002999335122756038, 0.002999335122756038], [0.8265534981545342, 0.05438819093824101, 0.06612233289965123, 0.01156634055315569, 0.03836718332906405, 0.0030024541253539454], [0.11042942186071172, 0.19431042990223035, 0.0030100028737772636, 0.013292917569391967, 0.6759472249201114, 0.0030100028737772636], [0.750466027763908, 0.15997949981300705, 0.0030259071305307208, 0.013105214199759142, 0.07039744396226424, 0.0030259071305307208], [0.7766013516401985, 0.14937508913122613, 0.0030226652422720842, 0.013282031223277728, 0.05469619752075344, 0.0030226652422720842], [0.8062213504337976, 0.12292984882025293, 0.003005004643298173, 0.0124029872836075, 0.052435804175745386, 0.003005004643298173], [0.830474759583594, 0.09704053482344954, 0.0030108869892340037, 0.010761935605962088, 0.055700996008526356, 0.0030108869892340037], [0.0029993351227560394, 0.0029993351227560394, 0.0029993351227560394, 0.0029993351227560394, 0.0029993351227560394, 0.9850033243862198], [0.5592000933860994, 0.15663410412644535, 0.0030223664194952197, 0.01593707552234705, 0.2621839941261177, 0.0030223664194952197], [0.8311918139409751, 0.1013352893536323, 0.003006594802688099, 0.009639047867880826, 0.05182065923213561, 0.003006594802688099], [0.8353957147553182, 0.09892754449189875, 0.0030070502759382946, 0.009170752849625569, 0.05049188735128098, 0.0030070502759382946], [0.8463570144326747, 0.08931058898909275, 0.003012457048982818, 0.008666384240086035, 0.04964109824018089, 0.003012457048982818], [0.8617598044292767, 0.03914237925333125, 0.043225678827632445, 0.009071345585329524, 0.04378435154584159, 0.0030164403585886362], [0.10081776755615128, 0.03842069254278507, 0.0425028286423991, 0.009158434445687244, 0.8060664367402307, 0.003033840072746674], [0.98500332438622, 0.002999335122756038, 0.002999335122756038, 0.002999335122756038, 0.002999335122756038, 0.002999335122756038], [0.5654975251014076, 0.04984306284105694, 0.08599680205607019, 0.01586267802971128, 0.2797875900551905, 0.0030123419165635447], [0.827931473617638, 0.10737930987656127, 0.0030040220682140436, 0.008994746032879192, 0.04968642633649349, 0.0030040220682140436], [0.8350311941483615, 0.10660685070839504, 0.003002038328711968, 0.009270302589029274, 0.043087575896790346, 0.003002038328711968], [0.8426795986925252, 0.10319234014637477, 0.0030040045991306893, 0.008290707410632434, 0.039829344552206276, 0.0030040045991306893], [0.87909304598818, 0.07898597957699383, 0.0030095820075813906, 0.006887692896476389, 0.029014117523186944, 0.0030095820075813906], [0.8975542027843524, 0.06642285530664406, 0.003000975706067917, 0.006239436837832986, 0.02378155365903473, 0.003000975706067917], [0.8869217499374461, 0.07201343110571995, 0.0030052036592188866, 0.006966158172530873, 0.02808825346586526, 0.0030052036592188866], [0.8379388072479381, 0.1031367596106763, 0.0030026622641230673, 0.009945589361881987, 0.04297351925125742, 0.0030026622641230673], [0.798617286904225, 0.1395028495989258, 0.0030008484239867146, 0.01128742932688816, 0.04459073732198756, 0.0030008484239867146], [0.8086095779271752, 0.124084333177762, 0.0030033002805698182, 0.011719889939071367, 0.04957959839485181, 0.0030033002805698182], [0.8087512343063757, 0.12128297709642095, 0.0030061874400847664, 0.012104690832296094, 0.05184872288473764, 0.0030061874400847664], [0.8224384296956987, 0.11088616606860956, 0.0030030694787807105, 0.011022511078984207, 0.049646754199146145, 0.0030030694787807105], [0.1099390267806589, 0.11410422634742101, 0.0030093589456898447, 0.01206916221455327, 0.7578688667659872, 0.0030093589456898447], [0.7857728271675224, 0.13793310689588986, 0.00301176816199532, 0.013642870908160857, 0.056627658704436194, 0.00301176816199532], [0.504345731089694, 0.2289936647664351, 0.0030010949432240598, 0.019233088452964505, 0.2414253258044582, 0.0030010949432240598], [0.7796200750584714, 0.14069665788224386, 0.0030163550350165718, 0.014631489624524993, 0.05901906736472661, 0.0030163550350165718], [0.7856628543562867, 0.1377586411987413, 0.003012108794494311, 0.013407482295801207, 0.05714680456018216, 0.003012108794494311], [0.7991400740941185, 0.12589702603498507, 0.003006640179158919, 0.01283256513990735, 0.05611705437267119, 0.003006640179158919], [0.8088969794733133, 0.11528489909828817, 0.003006705824861825, 0.012745901613666046, 0.057058808165008766, 0.003006705824861825], [0.8574156597218622, 0.08546004747322421, 0.0030358777224577626, 0.009786399764999431, 0.04126613759499874, 0.0030358777224577626], [0.1226836947903596, 0.11370679978951928, 0.0030156316271333842, 0.01319555110573142, 0.744382691060123, 0.0030156316271333842], [0.8132314399127776, 0.11861582578770255, 0.0030016909745968407, 0.012029953119208446, 0.050119399231117884, 0.0030016909745968407], [0.7827034394331316, 0.14648084017318358, 0.0030031297168724674, 0.012355833215932865, 0.05245362774400709, 0.0030031297168724674], [0.8483669092330037, 0.04741596221938934, 0.05333529246642153, 0.009974884451522578, 0.0379033193887896, 0.003003632240873197], [0.98500332438622, 0.002999335122756038, 0.002999335122756038, 0.002999335122756038, 0.002999335122756038, 0.002999335122756038]], [[0.98500332438622, 0.002999335122756038, 0.002999335122756038, 0.002999335122756038, 0.002999335122756038, 0.002999335122756038], [0.8856935690804248, 0.036885817646931274, 0.03980102421070156, 0.00783264535154386, 0.026770102208735505, 0.0030168415016628694], [0.8035461998485576, 0.13670660550962477, 0.0030064484039755007, 0.009898079774500511, 0.04383621805936605, 0.0030064484039755007], [0.7927889070723451, 0.13908636770395189, 0.0030102689746452065, 0.012136444875217287, 0.04996774239919548, 0.0030102689746452065], [0.8146294521993533, 0.12123656037666483, 0.0030017373007115277, 0.010773184162250489, 0.04735732866030832, 0.0030017373007115277], [0.07713669074405309, 0.085761533614962, 0.0030425827242635066, 0.008696797309350053, 0.8223198128831078, 0.0030425827242635066], [0.8494951022127084, 0.08887374064719723, 0.003010797349966631, 0.009664569801632638, 0.04594499263852832, 0.003010797349966631], [0.10627628713725819, 0.08533927001349138, 0.0030194636353726265, 0.010658127718889108, 0.791687387859616, 0.0030194636353726265], [0.8407397763935722, 0.09238524973576275, 0.0030106720987351622, 0.009548612057733954, 0.05130501761546076, 0.0030106720987351622], [0.8401425194339442, 0.09673303724793403, 0.003006820719360002, 0.009246420456502931, 0.04786438142289882, 0.003006820719360002], [0.09187586972330486, 0.09497881441330973, 0.003010737105038031, 0.0081949662615107, 0.7989288753917987, 0.003010737105038031], [0.8540056215984744, 0.0904957440787007, 0.0030109332819512925, 0.007816215893453073, 0.041660551865469284, 0.0030109332819512925], [0.8597809563930224, 0.040090347815719594, 0.04149264790292208, 0.00937886074444155, 0.04623778366212293, 0.0030194034817714794], [0.98500332438622, 0.002999335122756038, 0.002999335122756038, 0.002999335122756038, 0.002999335122756038, 0.002999335122756038], [0.1083591963997631, 0.04486821312130328, 0.0545362132216747, 0.010058358356336021, 0.7791439409522001, 0.0030340779487228234], [0.8286958843084143, 0.1063585653448947, 0.0030044715833603595, 0.008926963470212894, 0.050009643709757336, 0.0030044715833603595], [0.832962223519121, 0.1114956827832992, 0.003001256278023867, 0.009096261948753737, 0.040443319192778174, 0.003001256278023867], [0.8485674623036671, 0.10054370940942985, 0.0030063257325935104, 0.007729548540254635, 0.037146628281461404, 0.0030063257325935104], [0.879760442617443, 0.0789004444196884, 0.003009252054070807, 0.006574413133308567, 0.028746195721418594, 0.003009252054070807], [0.8994288172302819, 0.06451042280238801, 0.0030012757182501177, 0.005913143723007659, 0.02414506480782214, 0.0030012757182501177], [0.9025052794288702, 0.06000969105472446, 0.0030026927958047896, 0.005929927312152237, 0.025549716612643554, 0.0030026927958047896], [0.8669579740269915, 0.08494938567087973, 0.0030179039146940203, 0.0077217917519239315, 0.03433504072081684, 0.0030179039146940203], [0.8250782613143249, 0.1168702074564041, 0.003000347753095086, 0.010113327153788166, 0.04193750856929263, 0.003000347753095086], [0.8120891815981325, 0.12206018067614895, 0.003002381611362163, 0.011217731759621971, 0.04862814274337231, 0.003002381611362163], [0.4897821966592128, 0.23608947243248873, 0.0030006387503315963, 0.018359470891599904, 0.24976758251603534, 0.0030006387503315963], [0.12302890498425278, 0.12820101520048302, 0.003026495812854808, 0.013226176637593482, 0.7294909115519611, 0.003026495812854808], [0.8111248138963589, 0.11759075009520281, 0.0030070239620775888, 0.01