{"prediction": [[[0.914804181171772, 0.05990097610722124, 0.0034283041811005665, 0.0034283041811005665, 0.015009930177705277, 0.0034283041811005665], [0.8079566582350401, 0.07996655401549473, 0.022346021601472914, 0.004670853697520266, 0.08073950099849583, 0.004320411451975987], [0.8759965400526505, 0.06508829122148926, 0.016634939634382912, 0.0036421585303320412, 0.034995912030813495, 0.0036421585303320412], [0.8297084077801569, 0.08167193537120174, 0.017028229720895967, 0.004990429800316993, 0.06249538901161268, 0.004105608315815741], [0.8240875115754516, 0.08099202941263271, 0.022821521928422475, 0.004250340687668131, 0.06371168289918247, 0.00413691349664259], [0.8335078880949125, 0.08402237030240381, 0.019781026690007125, 0.007463298247265759, 0.05118819391519214, 0.004037222750218659], [0.8450791296293392, 0.07832591264098038, 0.016253123627226754, 0.0061283418567595555, 0.0502764579960282, 0.003937034249665777], [0.8517465736923799, 0.07625816932573509, 0.01979552939969746, 0.006787781931758919, 0.041562549685150614, 0.0038493959652780184], [0.8508099953693984, 0.07554001116266788, 0.023700803630092623, 0.006181681313600877, 0.03992131981383167, 0.0038461887104087227], [0.8190332087548314, 0.08091685043000865, 0.02596600449924392, 0.007290012352368438, 0.0626480069937147, 0.004145916969832777], [0.8049423820307988, 0.08831861562912949, 0.02084231581068689, 0.0064234747443667525, 0.07512002042682069, 0.004353191358197278], [0.8375856161981048, 0.08291156283676394, 0.01436654690918822, 0.005097901972710818, 0.05599487245648664, 0.004043499626745557], [0.864764969041279, 0.07172519802996655, 0.010156759767522875, 0.003913308244256649, 0.04565119077905798, 0.0037885741379169923], [0.822943915980342, 0.08561229313683522, 0.013008424738418225, 0.0055907170369139175, 0.06863463065539178, 0.004210018452098827], [0.8689574720507803, 0.07154549071668304, 0.011761106584324497, 0.004960494551371771, 0.0390405666830172, 0.00373486941382317], [0.8454614748975777, 0.07832426801646321, 0.01419956698812946, 0.007526730515248257, 0.05055399847918043, 0.003933961103401092], [0.8406520840779023, 0.07427277353384268, 0.013104900016994044, 0.007955704631313426, 0.060038247571815875, 0.003976290168131815], [0.8632637230691584, 0.07473981067676187, 0.011856361430946313, 0.007607679282300624, 0.0387560127621223, 0.003776412778710572], [0.8616774640645328, 0.06613685844713382, 0.022511379000331663, 0.0062996437972824915, 0.03965149665341625, 0.003723158037302974], [0.8365614816825053, 0.07810534258489803, 0.02150932473598846, 0.006407506691374584, 0.053427020162528996, 0.003989324142704743], [0.8100173189624951, 0.07896805735505272, 0.027125892676503942, 0.005982991254326665, 0.07365545446737778, 0.004250285284243797], [0.8326466689173799, 0.07216237524302391, 0.024256533473771148, 0.007285405091740245, 0.05965293262424063, 0.003996084649844138], [0.8213310307404886, 0.07553295557279059, 0.02294953995024413, 0.008560762706468442, 0.06750743521436349, 0.004118275815644559], [0.8463411853647758, 0.0691389095331621, 0.018445797291508977, 0.00690770986060419, 0.055282139359380915, 0.003884258590568196], [0.8099113288578486, 0.08296496838407244, 0.013291342534435351, 0.004406665397975416, 0.08505251657932075, 0.0043731782463475475], [0.853815700484444, 0.07494666363094264, 0.012481650894095588, 0.004353385289045494, 0.05052160765127975, 0.0038809920501925855], [0.865380239998231, 0.06980472961732755, 0.019538483537225346, 0.003733805982819495, 0.037808934881577244, 0.003733805982819495], [0.8237289098988956, 0.08469336446570118, 0.017337999595653925, 0.004181904015471616, 0.06587591800880614, 0.004181904015471616], [0.8858758100861125, 0.0661900371709608, 0.010270915320859587, 0.0035993111575145214, 0.030464615107038073, 0.0035993111575145214], [0.8748592007373458, 0.06944716990917645, 0.01497816643851485, 0.003675096072661959, 0.033365270769639147, 0.003675096072661959], [0.8501634492023236, 0.07504843194568786, 0.01751273518748213, 0.0043215051060322, 0.04906633027555566, 0.0038875482829186653], [0.8408711813092632, 0.07702818769041751, 0.017340414600950708, 0.0058808428473775915, 0.05490928993746019, 0.003970083614530898], [0.8369590579613241, 0.08028943530850925, 0.013656935652978985, 0.007276918588523945, 0.05778911840572322, 0.004028534082940419], [0.8207792839291927, 0.0822446346495809, 0.03101375209788658, 0.00852712965091851, 0.05333376142858321, 0.004101438243838157], [0.8062634248454797, 0.09025815412315055, 0.022708731756042214, 0.007747777227855868, 0.06870538210812367, 0.004316529939347748], [0.8508841774974518, 0.07516012662079474, 0.01960331614752164, 0.006040347018543711, 0.04445365108110042, 0.0038583816345876447], [0.8083144504045785, 0.09056812089422607, 0.017798770736386037, 0.007159045037512896, 0.0718278029504419, 0.004331809976854735], [0.8611681092929537, 0.07978346310582585, 0.010432701495963379, 0.005179780838869473, 0.039595989388486234, 0.0038399558779012963], [0.8173218439529257, 0.07967566421719194, 0.027485510095971267, 0.004996691525419877, 0.06634399995712864, 0.004176290251362539], [0.8986075291823628, 0.07384854133790363, 0.00360424685484258, 0.00360424685484258, 0.01673118891520584, 0.00360424685484258]], [[0.8598715720927339, 0.06028213762450385, 0.017425222212272155, 0.0037709727636752862, 0.05487912254313959, 0.0037709727636752862], [0.9530159350282841, 0.020485293646957045, 0.012929835694021334, 0.0030016745632145373, 0.007565586504308502, 0.0030016745632145373], [0.9258973194251625, 0.03251314192034004, 0.020322602272871547, 0.004050717534513512, 0.014200319905231516, 0.003015898941880875], [0.7105061198434728, 0.05672198634352788, 0.037518956933595776, 0.018189782246766262, 0.17148060007871016, 0.005582554553927232], [0.04096562529760622, 0.04567349436943053, 0.032813335458808, 0.005506340092470401, 0.8720385094490894, 0.0030026953325954266], [0.8390951792176788, 0.06364016508835416, 0.061511717176159074, 0.009206699605211673, 0.023529001072074642, 0.0030172378405215992], [0.8037044300827757, 0.07088820755955207, 0.07731968126526545, 0.011861211365718757, 0.03317432611827175, 0.003052143608416323], [0.7019986122822257, 0.09863999973629446, 0.11802714633418505, 0.018709414376432067, 0.05960892571958536, 0.003015901551277293], [0.7322120262590054, 0.08977769212644633, 0.1089898460705871, 0.017001663209967124, 0.04900684304269044, 0.0030119292913036323], [0.7308565404444515, 0.09467578724772155, 0.111821388390529, 0.01644205776578457, 0.043192830261727155, 0.0030113958897862447], [0.06629152749464438, 0.06543626908251564, 0.06871006601914849, 0.010329621786685023, 0.7861912589378536, 0.00304125667915286], [0.8662948421465663, 0.05384529500440449, 0.046721297590563274, 0.008214776571400864, 0.021920222519456304, 0.0030035661676085603], [0.8843572684684821, 0.046129346714507316, 0.03922544158535144, 0.0070200726594304205, 0.020267072440457407, 0.0030007981317713944], [0.04943782728636436, 0.053535747132467296, 0.04754433948480615, 0.007407350420046393, 0.8390679676448894, 0.003006768031426386], [0.8478490372604369, 0.05643260239530479, 0.05859516105914005, 0.008941320375958323, 0.025167540548969886, 0.0030143383601900914], [0.07576579926675943, 0.0742620528357338, 0.07687996555671656, 0.012300578787963376, 0.7577243952941942, 0.003067208258632623], [0.0843367815374463, 0.10432109416147388, 0.11323465171218934, 0.016299525118819422, 0.6788017884457126, 0.003006159024358516], [0.08334973709157077, 0.09001021963694396, 0.11894793373882843, 0.01482956179898695, 0.689858744335011, 0.003003803398658838], [0.7645296328216812, 0.0871933761178208, 0.0954265535006285, 0.014168411164714513, 0.035681430743191606, 0.003000595651963485], [0.06817152656663568, 0.06877842311028104, 0.0732293552111687, 0.010840786003106883, 0.7759338772193416, 0.0030460318894661425], [0.7996278712964173, 0.07553089603925857, 0.07087834473094931, 0.013012501852192904, 0.03789747943854041, 0.003052906642641472], [0.6923161349105259, 0.07420544513306691, 0.059522245666420344, 0.0364339580081569, 0.12527538309054576, 0.012246833191284138], [0.7345912608908839, 0.06263195898539432, 0.07096000449252977, 0.03830523163475439, 0.07580920992505776, 0.01770233407137976], [0.751001755806963, 0.09536075573433578, 0.0852349136494469, 0.01531417578200653, 0.05008112676026888, 0.0030072722669788774], [0.8168102702685526, 0.07063385001059305, 0.06650008657176654, 0.010639409526303238, 0.03239562149318332, 0.0030207621296012687], [0.8715934037636685, 0.04900280927394928, 0.04761636878519998, 0.007324843944711641, 0.021460579567004433, 0.0030019946654662724], [0.889595340334137, 0.044651383282599884, 0.04004433976269212, 0.005853825483082849, 0.016854831475840538, 0.0030002796616475885], [0.02457411254406512, 0.027800178917526806, 0.018394176415849506, 0.0034815972936331862, 0.9227237192138305, 0.0030262156150949494], [0.9013673928973489, 0.04016054026848819, 0.03295941901248781, 0.005429594620639578, 0.017079452633970874, 0.0030036005670645957], [0.8938758220712233, 0.04150818497242396, 0.03612204183334096, 0.006081939082980893, 0.019410074343180563, 0.0030019376968502794], [0.843622191883814, 0.05725402364787385, 0.05889610325055093, 0.009302166065830753, 0.027912884381457833, 0.003012630770472668], [0.07424058623717011, 0.08491727981297106, 0.09442485863620224, 0.012485908133090062, 0.7309303393933425, 0.0030010277872239673], [0.7262574412065169, 0.09744604204083408, 0.11702786615308607, 0.01729108544760352, 0.03896667827074713, 0.003010886881212351], [0.12881551148192463, 0.10322156010602568, 0.131330896372851, 0.020094444808019495, 0.613491651956497, 0.0030459352746821837], [0.7200187711743827, 0.09570397200630927, 0.12387245204628618, 0.016921739948195423, 0.04046900337306909, 0.0030140614517572164], [0.09369726499404836, 0.09729262252002734, 0.11045539788932361, 0.01610660450345354, 0.6794426993989501, 0.003005410694197078], [0.8118061088878108, 0.07021992720124835, 0.07494778664677637, 0.011473472673925473, 0.02851530747156748, 0.0030373971186714254], [0.8557986821938707, 0.06075949852283156, 0.05257306819621065, 0.008252028309972827, 0.019610680454304624, 0.003006042322809728], [0.8893424165403653, 0.050348430207900696, 0.037347750639156865, 0.005718497772159146, 0.014240932061150012, 0.003001972779268099], [0.8481521074778993, 0.07609117129389652, 0.019935767150000814, 0.0039016192365089928, 0.04801771560518545, 0.0039016192365089928]], [[0.8914939911173914, 0.055642708603918005, 0.004816749481973153, 0.0035517596849024276, 0.04094303142691271, 0.0035517596849024276], [0.7251823302037115, 0.05017484056329693, 0.034808351254499235, 0.017161853648105206, 0.16724014539408402, 0.00543247893630311], [0.7154771877909816, 0.058808894028946145, 0.039833140700346235, 0.024821951829699845, 0.15417580526009317, 0.006883020389932986], [0.7289937641814285, 0.05918857678509187, 0.03289486746294469, 0.02421507398479738, 0.1484553418459638, 0.00625237573977394], [0.8500243615734853, 0.05816199644355322, 0.053596605683701906, 0.00930816523885377, 0.02589799519926511, 0.0030108758611404767], [0.7817216621212342, 0.16401884667791283, 0.0030212651823220142, 0.013625876423370811, 0.03459108441283817, 0.0030212651823220142], [0.7085536633056262, 0.21822568563466338, 0.003016698606677485, 0.018254471382973925, 0.04893278246338156, 0.003016698606677485], [0.6624349559325032, 0.2548422901931969, 0.003022665717075601, 0.02143487216227989, 0.05524255027786893, 0.003022665717075601], [0.6819254879108324, 0.23962922568161807, 0.003034356975908926, 0.02079335171794708, 0.05158322073778462, 0.003034356975908926], [0.6716705889545385, 0.24952224797347658, 0.003017542610401782, 0.020505979246353463, 0.05226609860482805, 0.003017542610401782], [0.7195607494096066, 0.20691527851514466, 0.003010984227997315, 0.019169665503661365, 0.04833233811559278, 0.003010984227997315], [0.8132828524900281, 0.12876076651420476, 0.003025271096062582, 0.013931349196129861, 0.037974489607512284, 0.003025271096062582], [0.8605729055855404, 0.09482496955252458, 0.0030014351185068643, 0.010277471937380291, 0.0283217826875412, 0.0030014351185068643], [0.06630134112109859, 0.10710647991661267, 0.0030092249687727218, 0.011020254337038595, 0.8095534746877047, 0.0030092249687727218], [0.8037341038069981, 0.13881929551084393, 0.003037427451307844, 0.014558772042281773, 0.03681297373726059, 0.003037427451307844], [0.7277556671685568, 0.20108594357466025, 0.003005209149674564, 0.018137323849293018, 0.047010647108140784, 0.003005209149674564], [0.7122985615193164, 0.2169175675894482, 0.003011842363027803, 0.018506988892201315, 0.046253197272978434, 0.003011842363027803], [0.10549851908384146, 0.222652207966805, 0.0030119327619301133, 0.018782232542999076, 0.6470431748824942, 0.0030119327619301133], [0.7219549875677466, 0.20575907846741673, 0.0030069031741216737, 0.017283386736429963, 0.048988740880163535, 0.0030069031741216737], [0.7389303488258837, 0.09351160428802809, 0.10549369387703199, 0.01627713504659052, 0.04278168963982079, 0.0030055283226448895], [0.703693973918502, 0.07239337643352516, 0.06037312771662005, 0.04074983125188681, 0.10679503873509126, 0.015994651944374712], [0.7254289779211374, 0.07249717442559332, 0.05610664453148142, 0.041940913149301276, 0.0868309755386445, 0.017195314433842163], [0.11284197433809158, 0.10301722333630334, 0.10499952402222014, 0.016719409398818174, 0.6594182233566837, 0.0030036455478831404], [0.7150850050978271, 0.216880313543461, 0.0030007983987658674, 0.016718875360138982, 0.04531420920104115, 0.0030007983987658674], [0.7458349563236597, 0.18797095222215052, 0.0030013657132657912, 0.015522087084571909, 0.044669272943086334, 0.0030013657132657912], [0.8162024883236699, 0.1348716735753307, 0.0030226765750053027, 0.01193422710395673, 0.030946257847031994, 0.0030226765750053027], [0.8495385702078512, 0.10524585465902889, 0.0030037369620117505, 0.011171741848357569, 0.02803635936073891, 0.0030037369620117505], [0.880635603975897, 0.08227679889752694, 0.0030006241540645085, 0.008181262032328709, 0.02290508678611827, 0.0030006241540645085], [0.059045814275495864, 0.08249139531979947, 0.00300296280536939, 0.008562197593635223, 0.8438946672003307, 0.00300296280536939], [0.850399209344856, 0.10194933681082287, 0.0030027686211337463, 0.011256620015699192, 0.030389296586354392, 0.0030027686211337463], [0.08552493873879444, 0.16038898047743222, 0.003004758509948447, 0.014510596581261226, 0.7335659671826152, 0.003004758509948447], [0.724482104226866, 0.2140354514539517, 0.0030099781577983273, 0.015940982447615454, 0.03952150555597028, 0.0030099781577983273], [0.692482393822126, 0.2383136689756351, 0.0030249474392858655, 0.019108445633680464, 0.04404559668998682, 0.0030249474392858655], [0.4124739493184323, 0.35807074848623716, 0.003013624697231737, 0.0277803129164825, 0.19564773988438458, 0.003013624697231737], [0.6846707743646515, 0.2407252982666581, 0.003008047806354099, 0.019466166993953583, 0.04912166476202865, 0.003008047806354099], [0.7105489489336101, 0.21670366735570998, 0.0030120216591349768, 0.0185292636848677, 0.04819407670754231, 0.0030120216591349768], [0.736883519877503, 0.19527884027479603, 0.003003140052889501, 0.017289367966238034, 0.04454199177568402, 0.003003140052889501], [0.8232855252695401, 0.13469810703661114, 0.003016358927408054, 0.010573119876648432, 0.02541052996238421, 0.003016358927408054], [0.041201505421200255, 0.056481318001561046, 0.05214655586769869, 0.0068268392531544864, 0.8403407211614997, 0.0030030602948858823], [0.8602634393342677, 0.07194105555510008, 0.015210664293139931, 0.0038016689767067058, 0.04498150286407887, 0.0038016689767067058]], [[0.8422783918210729, 0.06492383138423437, 0.010567034849147247, 0.004764984948540666, 0.07345852144373549, 0.004007235553269139], [0.7460562232394086, 0.05324969169548799, 0.04165613412777609, 0.023066541609422266, 0.12939657781701233, 0.006574831510892772], [0.7641367045859538, 0.056402896040976924, 0.039885781112748465, 0.031703518453836343, 0.09535472357873064, 0.012516376227753834], [0.7381188265570131, 0.060448427416974704, 0.040269129892294066, 0.03150171979051787, 0.1200588049435684, 0.009603091399631997], [0.8310504758766989, 0.06330742672935868, 0.058091124068958756, 0.011424684835819071, 0.033099872854224034, 0.0030264156349406436], [0.11364145827664149, 0.19789729802118847, 0.0030028326912011427, 0.017994152869268795, 0.6644614254504989, 0.0030028326912011427], [0.10675415089829893, 0.24287606117046276, 0.003009887302525302, 0.018391928276252984, 0.6259580850499348, 0.003009887302525302], [0.67114397855467, 0.25203028159369406, 0.00301843861234163, 0.021162474050445756, 0.04962638857650685, 0.00301843861234163], [0.40121007161415717, 0.361611396068989, 0.003007705265259723, 0.02905001249578136, 0.202113109290553, 0.003007705265259723], [0.6852960193065759, 0.2437920761946833, 0.0030353814436256095, 0.020288394151266084, 0.044552747460223675, 0.0030353814436256095], [0.7052135622417113, 0.21237615510931193, 0.003017767831001912, 0.02196923601560287, 0.05440551097137019, 0.003017767831001912], [0.7551091458240405, 0.16709868364599262, 0.003002049856506799, 0.019044060063926904, 0.05274401075302648, 0.003002049856506799], [0.8361858177788073, 0.10698729676145578, 0.003012143562357502, 0.013372860719308698, 0.037429737615713346, 0.003012143562357502], [0.8315461474022734, 0.10979137144627461, 0.0030176202961966145, 0.013867739558207677, 0.03875950100085122, 0.0030176202961966145], [0.11105699823297846, 0.1786925948570456, 0.0030046750563334085, 0.018767225442758575, 0.6854738313545506, 0.0030046750563334085], [0.7280969318223809, 0.20041075718370158, 0.0030049983107465197, 0.01801594586747766, 0.04746636850494681, 0.0030049983107465197], [0.7216282170414271, 0.21030456780251233, 0.0030083990030576, 0.017747021461776882, 0.0443033956881686, 0.0030083990030576], [0.44693383253662894, 0.3202786145757544, 0.0030019961309771556, 0.028237659647369198, 0.1985459009782931, 0.0030019961309771556], [0.13888371112334383, 0.221569071497593, 0.003029346028161869, 0.021187309601160314, 0.6123012157215791, 0.003029346028161869], [0.126912106221168, 0.09393528395362168, 0.11055693618109404, 0.019885929925738174, 0.6456806005149837, 0.0030291432033945002], [0.7395391151772923, 0.06703585904024709, 0.06013552269442139, 0.04379384100741303, 0.06678953715602103, 0.022706124924605255], [0.7131244967699445, 0.0782167886552907, 0.053454749886526834, 0.04374771482167432, 0.09349307209510503, 0.01796317777145866], [0.436473960975648, 0.11995605242112253, 0.226433832135987, 0.029033501791966135, 0.18409904397412427, 0.004003608701152094], [0.09025282213498861, 0.19980827592905245, 0.003002767286371334, 0.016164059668919928, 0.6877693076942963, 0.003002767286371334], [0.7143452321997127, 0.21386938939856226, 0.0030008707310135423, 0.018170539058673208, 0.04761309788102482, 0.0030008707310135423], [0.7387233337675921, 0.18073426684141544, 0.0030071276923870753, 0.01817636291269463, 0.05635178109352353, 0.0030071276923870753], [0.8066694764743563, 0.13683683394778404, 0.003010689258214568, 0.014345844119753997, 0.03612646694167653, 0.003010689258214568], [0.06572973180180157, 0.09287818707430535, 0.0030045251895188165, 0.010282650068085692, 0.8251003806767698, 0.0030045251895188165], [0.8815264906296877, 0.07660930387194605, 0.0030028961576027808, 0.008908896796187138, 0.02694951638697371, 0.0030028961576027808], [0.8537117419464114, 0.09943119391391006, 0.0030019804112142727, 0.011309640358337779, 0.029543462958912244, 0.0030019804112142727], [0.8094013743986812, 0.13609027336833257, 0.0030239193589873003, 0.013651705105072943, 0.03480880840993876, 0.0030239193589873003], [0.6986098614458933, 0.22706060257721625, 0.0030181671457907436, 0.01868508840018156, 0.049608113285127396, 0.0030181671457907436], [0.10795729591546363, 0.25110981705364827, 0.0030326368605076235, 0.021675268632057054, 0.6131923446778158, 0.0030326368605076235], [0.664554747307181, 0.25622470306913614, 0.0030176028057204768, 0.022838251488572024, 0.05034709252366985, 0.0030176028057204768], [0.6598049733597894, 0.25100312328836666, 0.0030440326203073818, 0.023011102556619506, 0.060092735554609734, 0.0030440326203073818], [0.6801509309201546, 0.238374067440666, 0.0030289186508264715, 0.02114372756537188, 0.054273436772154786, 0.0030289186508264715], [0.7817236816681946, 0.16088669637604175, 0.0030511204841013103, 0.014076243892050843, 0.03721113709551027, 0.0030511204841013103], [0.05871096540515668, 0.1381365704102749, 0.003016790305498483, 0.011324009418975305, 0.7857948741545961, 0.003016790305498483], [0.8650381001960439, 0.05683299407671455, 0.04999487233705045, 0.007495886480855868, 0.017635158959887827, 0.0030029879494472564], [0.8740890284529962, 0.06978534782031758, 0.012333308370865046, 0.003692839412335302, 0.036406636531150664, 0.003692839412335302]], [[0.8678334832937082, 0.06402031603103236, 0.017828190480110466, 0.004658593956974211, 0.041966620223797754, 0.003692796014377096], [0.06230589919463251, 0.047206542878780886, 0.042741810576921446, 0.0072911348184514745, 0.837441462340545, 0.0030131501906686927], [0.7941349994868407, 0.06950176686049339, 0.07024822328085424, 0.013598575471208107, 0.04950722713296208, 0.0030092077676414767], [0.2935033211568216, 0.12171234676617025, 0.12464451001146101, 0.06434530950796861, 0.23588336047167308, 0.1599111520859055], [0.09474981094383744, 0.11125902444991378, 0.004521803999241083, 0.015335112227395375, 0.7710934354965411, 0.0030408128830712493], [0.7979942404388596, 0.1388495232454962, 0.0030396643377908986, 0.014813110385370016, 0.04226379725469245, 0.0030396643377908986], [0.7147714626952918, 0.20657327851477, 0.003012585192957749, 0.019805127605053027, 0.05282496079896965, 0.003012585192957749], [0.6841954784747887, 0.23727663127205248, 0.003032470822816546, 0.02077624131504379, 0.051686707292482, 0.003032470822816546], [0.6767376195808085, 0.2544299119019259, 0.003017332123876679, 0.0193618769034536, 0.043435927366058585, 0.003017332123876679], [0.10616579176753138, 0.24352264228397422, 0.0030330330352557103, 0.022347561476585797, 0.6218979384013972, 0.0030330330352557103], [0.7086956688790489, 0.2188690129770599, 0.0030170055872334274, 0.018794229222267412, 0.047607077747157146, 0.0030170055872334274], [0.8159683275045275, 0.12587076938478065, 0.0030232454943052507, 0.015048115831044767, 0.0370662962910365, 0.0030232454943052507], [0.07409164866182057, 0.10430730760143143, 0.003012449379356294, 0.012424490936655893, 0.8031516540413796, 0.003012449379356294], [0.8490590581244052, 0.10011231625379523, 0.003006785358829372, 0.012614237533661572, 0.03220081737047933, 0.003006785358829372], [0.07711131982147955, 0.131639362193366, 0.0030336626747020294, 0.01326406781850822, 0.7719179248172422, 0.0030336626747020294], [0.0986400317202369, 0.20010806098084624, 0.0030028423667572994, 0.01879977858083054, 0.6764464439845718, 0.0030028423667572994], [0.7151339687449318, 0.21357943623689868, 0.0030101270909182543, 0.017801745320139794, 0.04746459551619318, 0.0030101270909182543], [0.7161232572295557, 0.21223181535205607, 0.003009724834352251, 0.018536403798881967, 0.04708907395080165, 0.003009724834352251], [0.7329272255385184, 0.0958532144378158, 0.10242843294857007, 0.01826577603248371, 0.04751653103396256, 0.003008820008649402], [0.7443547739457695, 0.07107447498261496, 0.041598643170193204, 0.041436360272396534, 0.08451385081128206, 0.01702189681774376], [0.6983029647116132, 0.09885924464252906, 0.1082328303390909, 0.019912255050284877, 0.07168273210000058, 0.0030099731564813687], [0.7131725973177333, 0.09467319882551582, 0.1140605295360172, 0.017960715592929725, 0.0571235193283789, 0.003009439399425161], [0.09531403209490251, 0.2062296897922958, 0.003000331571956907, 0.017128830640685724, 0.6753267843282021, 0.003000331571956907], [0.730079005670551, 0.21114090913716638, 0.003009119477986141, 0.015338307954461972, 0.03742353828184841, 0.003009119477986141], [0.10321132739005395, 0.20939699541592985, 0.0030005768306176524, 0.019475983278870443, 0.6619145402539104, 0.0030005768306176524], [0.08546247299850945, 0.14786259915192373, 0.003055170265092833, 0.016250331678190455, 0.7443142556411908, 0.003055170265092833], [0.8230103427450826, 0.12119501520605207, 0.00301801624003556, 0.015437138758197542, 0.03432147081059678, 0.00301801624003556], [0.07283469348119406, 0.09371988695445677, 0.0030094462100789415, 0.011388274846965358, 0.8160382522972259, 0.0030094462100789415], [0.8662737550658386, 0.08628874699952918, 0.003002012549128039, 0.011418756696539082, 0.03001471613983707, 0.003002012549128039], [0.854107711959908, 0.09595005631137707, 0.0030029881505692544, 0.01238506922778808, 0.03155118619978843, 0.0030029881505692544], [0.8119742561479024, 0.12908988105108088, 0.0030226349947277886, 0.01504483393772017, 0.03784575887384099, 0.0030226349947277886], [0.7052777382816475, 0.2169551745986534, 0.003013761620666188, 0.020139177122006306, 0.05160038675636046, 0.003013761620666188], [0.652955943865381, 0.26476894967235204, 0.003023256390124546, 0.022025811757201003, 0.05420278192481681, 0.003023256390124546], [0.673041034580229, 0.2479270047098525, 0.003036165955812861, 0.022747864024055403, 0.05021176477423735, 0.003036165955812861], [0.6633907157251616, 0.25289185126640334, 0.0030430663817034432, 0.02414069126167815, 0.053490608983349994, 0.0030430663817034432], [0.6943504340169918, 0.22396080577752905, 0.003019535773810232, 0.021775441960681048, 0.05387424669717771, 0.003019535773810232], [0.7847572446671992, 0.15704250994784627, 0.0030473777042818164, 0.015167620844715134, 0.03693786913167599, 0.0030473777042818164], [0.8186689748428903, 0.1361357162213999, 0.003018526310763549, 0.012412554302930544, 0.0267457020112522, 0.003018526310763549], [0.8599906849218036, 0.05873092456418938, 0.05138865665184396, 0.007863753740443518, 0.01902156723109351, 0.003004412890626006], [0.8858313733885725, 0.07042500285412684, 0.012068048053585764, 0.0036173295171399666, 0.024440916669434903, 0.0036173295171399666]], [[0.866346883267639, 0.06448486718081195, 0.007922036116636715, 0.006037007216629206, 0.051454620005150394, 0.0037545862131327453], [0.8023456920155572, 0.07495975959305663, 0.07096600969786002, 0.011177476513109456, 0.03753492480032486, 0.003016137380091934], [0.29128579191297976, 0.20056247191792123, 0.025296720544570085, 0.08099195876636144, 0.2870613350811163, 0.11480172177705115], [0.2646842443540108, 0.19564950595386194, 0.024265240195590846, 0.07498673801630182, 0.3403635256174009, 0.1000507458628338], [0.8034475439731128, 0.12541095359775972, 0.003039476329936762, 0.017605170866254037, 0.04745737890300005, 0.003039476329936762], [0.24270671052114975, 0.18860374735099789, 0.014985356108042285, 0.062226214595991966, 0.38899835176709696, 0.10247961965672116], [0.7824548625010749, 0.15234223270515557, 0.00305592128113107, 0.016762209042157222, 0.04232885318935016, 0.00305592128113107], [0.7143367822293311, 0.20550240340822834, 0.003012809028560451, 0.02034397745702063, 0.05379121884829907, 0.003012809028560451], [0.6965308016014882, 0.2259394961798353, 0.0030235127962150465, 0.02030595129681953, 0.051176725329426846, 0.0030235127962150465], [0.7062405383170426, 0.22360996935899333, 0.0030196570568732243, 0.019191524265566133, 0.04491865394465159, 0.0030196570568732243], [0.07161063084036236, 0.14833697948887956, 0.0030384086882345716, 0.013153423948053633, 0.7608221483462353, 0.0030384086882345716], [0.8383426244843981, 0.11409260622390645, 0.003008353871348202, 0.013108683694882203, 0.02843937785411693, 0.003008353871348202], [0.06429947912674963, 0.09459003015842962, 0.0030039900721283014, 0.010919000757731424, 0.8241835098128327, 0.0030039900721283014], [0.061830509593200675, 0.09451384066897102, 0.0030037462966728506, 0.010450696140517904, 0.8271974610039646, 0.0030037462966728506], [0.06078447185657324, 0.11600432873054922, 0.0030095683167356627, 0.01047944896011091, 0.8067126138192953, 0.0030095683167356627], [0.07289986117905235, 0.1486599937438327, 0.003033879373145241, 0.012153828904489156, 0.7602185574263353, 0.003033879373145241], [0.7433644316988667, 0.1880357829037986, 0.003001627394684416, 0.017656516433081953, 0.04494001417488392, 0.003001627394684416], [0.7287642910980676, 0.20248366409945034, 0.003005226853265973, 0.016731744975914432, 0.046009846120035794, 0.003005226853265973], [0.09550126571388501, 0.10217559970139198, 0.09697163303401649, 0.017480530209910496, 0.6848647309797359, 0.00300624036106022], [0.7343453526637818, 0.07488976288970077, 0.041493386689467254, 0.035043092675974774, 0.10213834466985666, 0.01209006041121884], [0.793658670990976, 0.07361649886570977, 0.07919418675447318, 0.013815479106977053, 0.03665573395182268, 0.003059430330041383], [0.09076719664683817, 0.17176372180153715, 0.0030014093721786694, 0.014325709974754857, 0.7171405528325125, 0.0030014093721786694], [0.7337123423934669, 0.20181547734316627, 0.0030050989402592887, 0.01678697853860042, 0.04167500384424796, 0.0030050989402592887], [0.7549370474207626, 0.17278629166087006, 0.003000309561026421, 0.01785478512097051, 0.04842125667534414, 0.003000309561026421], [0.7788555340361708, 0.15346284711937272, 0.0030544957592193466, 0.017840727298219783, 0.043731900027798185, 0.0030544957592193466], [0.7948618968979438, 0.14066565912036916, 0.0030427016341542257, 0.017117932185154557, 0.04126910852822403, 0.0030427016341542257], [0.08545886944274085, 0.12178569040037614, 0.003033404211387723, 0.015417098105952634, 0.7712715336281549, 0.003033404211387723], [0.10299556663764566, 0.13982668291993167, 0.0030065581004718243, 0.017504141938099058, 0.73366049230338, 0.0030065581004718243], [0.8284930175597777, 0.10878622932835337, 0.003016063288210191, 0.016030884428431234, 0.0406577421070174, 0.003016063288210191], [0.8291761873896806, 0.11049799842188379, 0.0030141639081974337, 0.015583390607147089, 0.03871409576489376, 0.0030141639081974337], [0.11631665067617503, 0.1659244735646667, 0.0030036548738745874, 0.020231557311790056, 0.691520008699619, 0.0030036548738745874], [0.12042650762030215, 0.21327807907809757, 0.0030149477894299984, 0.022948099407570977, 0.6373174183151694, 0.0030149477894299984], [0.6872591397511534, 0.23422951028919203, 0.003024872873697018, 0.021397931205628166, 0.051063673006632275, 0.003024872873697018], [0.417458809112339, 0.35235295296603586, 0.0030018078268841827, 0.02785531614482201, 0.1963293061230347, 0.0030018078268841827], [0.6810862705924333, 0.24388397377638196, 0.003009415420171126, 0.01963473951813676, 0.04937618527270583, 0.003009415420171126], [0.6929678596075047, 0.23444814140569897, 0.003005946028614984, 0.020336289767935126, 0.04623581716163111, 0.003005946028614984], [0.7226250739504576, 0.20354223262139762, 0.0030069827446573658, 0.020070987998250616, 0.047747739940579494, 0.0030069827446573658], [0.809879894757573, 0.1380965864306551, 0.0030236686078414744, 0.01351668563486482, 0.03245949596122426, 0.0030236686078414744], [0.8425875631432902, 0.06503984224729968, 0.05682744769298811, 0.00990324949514541, 0.02262944920896283, 0.003012448212313786], [0.8472181703044227, 0.07898916255034875, 0.021088630057414532, 0.003915641658938253, 0.044872753769937344, 0.003915641658938253]], [[0.8662796714176882, 0.06771964441742057, 0.011707842290612005, 0.0040922443819395235, 0.04644840408497487, 0.003752193407364767], [0.7739468157039533, 0.077759662710015, 0.09049921416063389, 0.014240820899733019, 0.04055264182633699, 0.0030008446993278564], [0.728130277383254, 0.1884604610804389, 0.003003622619605859, 0.01687717203092284, 0.06052484426617249, 0.003003622619605859], [0.7484115100891243, 0.17358717657004247, 0.0030024949131036314, 0.018018407386505095, 0.05397791612812089, 0.0030024949131036314], [0.7435733139973673, 0.16724748692914979, 0.003007576019808387, 0.021486355487590803, 0.0616776915462754, 0.003007576019808387], [0.3139774461255514, 0.2011760717072874, 0.016712669285864255, 0.08336473772529583, 0.2848995585283327, 0.0998695166276684], [0.10133791687412502, 0.12898300075689248, 0.003062786802624076, 0.01758044022030332, 0.745973068543431, 0.003062786802624076], [0.8023791705011805, 0.13812293654225158, 0.0030344659096374856, 0.015361285996252973, 0.03806767514103999, 0.0030344659096374856], [0.7415552778366917, 0.18148770396471434, 0.003003409220931843, 0.019078936746596043, 0.051871263010134186, 0.003003409220931843], [0.7985483910234412, 0.14511164440903782, 0.0030380100406271517, 0.015460017931065075, 0.03480392655520141, 0.0030380100406271517], [0.05966400069793432, 0.12273065731223008, 0.003010310914622253, 0.011222066437663002, 0.8003626537229281, 0.003010310914622253], [0.8599185120977664, 0.09845348500146586, 0.0030010957647455, 0.01115369128440523, 0.02447212008687154, 0.0030010957647455], [0.8601380991509606, 0.0943871507177464, 0.0030016233639012955, 0.011987932351951561, 0.027483571051538883, 0.0030016233639012955], [0.9088931419737475, 0.06294738510199614, 0.0030406128736641005, 0.007284216757582131, 0.0147940304193459, 0.0030406128736641005], [0.06034446644998566, 0.10549757796587762, 0.0030054151673554437, 0.011063801274481113, 0.8170833239749448, 0.0030054151673554437], [0.8309678726990629, 0.12094376421236892, 0.0030097745131760934, 0.012894858504677534, 0.029173955557538413, 0.0030097745131760934], [0.8024381540767056, 0.14235058868129538, 0.0030297657257955307, 0.014596938475544448, 0.034554787314863604, 0.0030297657257955307], [0.7559050058688566, 0.17941615953144743, 0.003000404172458008, 0.016063121450094094, 0.0426149048046858, 0.003000404172458008], [0.059260282751750416, 0.0649673323176682, 0.06693723332183367, 0.009733557307778177, 0.7960749284637472, 0.003026665837222437], [0.7483428941151115, 0.07238688545581888, 0.04707443162934945, 0.03265286301564068, 0.08811227393297555, 0.011430651851104092], [0.8481855142906659, 0.06540944658495558, 0.04845020128865785, 0.010517490264859361, 0.02442625467808927, 0.0030110928927721513], [0.8228399946440267, 0.12868404906980976, 0.003014554005513124, 0.011975739909981404, 0.030471108365155986, 0.003014554005513124], [0.7629017472926274, 0.17013945071690662, 0.002999999912485256, 0.01613074127480212, 0.044828060890693466, 0.002999999912485256], [0.7935309228451324, 0.1433430799373179, 0.0030386366103849058, 0.015814714830156982, 0.041234009166622954, 0.0030386366103849058], [0.8032180412104313, 0.12935642981734283, 0.003032512507353748, 0.017090548536347512, 0.04426995542117105, 0.003032512507353748], [0.13809146472727388, 0.17407158849476556, 0.0030184418722644783, 0.022729024592002628, 0.6590710384414289, 0.0030184418722644783], [0.7368535622470901, 0.18010502221564625, 0.003005967395176843, 0.021655515172747587, 0.05537396557416229, 0.003005967395176843], [0.1192184014040892, 0.19913355354436763, 0.00301011001966813, 0.02099960762167385, 0.654628217390533, 0.00301011001966813], [0.7535651389007956, 0.168985120312753, 0.003001743251473585, 0.020795505065852746, 0.05065074921765147, 0.003001743251473585], [0.8074700857827886, 0.12742735153060486, 0.003028212700085079, 0.017192596328086254, 0.04185354095835018, 0.003028212700085079], [0.8075292227737206, 0.12422394157804835, 0.003030152673953415, 0.017662054672605457, 0.04452447562771861, 0.003030152673953415], [0.7377715311192302, 0.17940643418512775, 0.0030039948184156554, 0.021861432409994972, 0.05495261264881585, 0.0030039948184156554], [0.11165247362701436, 0.22676192957958347, 0.003004851769960366, 0.021948207878720774, 0.6336276853747607, 0.003004851769960366], [0.10794532321973602, 0.2244958011834349, 0.0030148253305447756, 0.021490518200681204, 0.6400387067350584, 0.0030148253305447756], [0.7156280736440194, 0.21305921617561338, 0.00301050249971075, 0.01976413768484082, 0.045527567496104905, 0.00301050249971075], [0.7393148272733685, 0.19688455111579217, 0.0030040371907897497, 0.017641212076261015, 0.04015133515299868, 0.0030040371907897497], [0.7901093970047361, 0.15456108469010496, 0.003042214372438021, 0.015954900267802996, 0.03329018929248002, 0.003042214372438021], [0.8181330817753218, 0.13198046991037593, 0.003017727741849877, 0.013961002571184431, 0.029889990259418138, 0.003017727741849877], [0.8618093039173658, 0.05995037188875838, 0.04853650148511516, 0.008470475480931166, 0.0182290244768884, 0.0030043227509410487], [0.8364097146765954, 0.08423366709984563, 0.01435814662297498, 0.004068382999937715, 0.05686170560070857, 0.004068382999937715]], [[0.8555446632274994, 0.0660542875058091, 0.013289824866148584, 0.005599475625921696, 0.05568208790915104, 0.0038296608654701863], [0.725716779729252, 0.09011911989471372, 0.11797338452278668, 0.015380537517469435, 0.04780429524753417, 0.0030058830882440267], [0.45893651673716496, 0.30381187339348875, 0.003001446145231214, 0.024083582978962122, 0.2071651345999217, 0.003001446145231214], [0.6970254123655713, 0.21245084197899963, 0.003002048891183816, 0.01762643658077969, 0.06689321129228183, 0.003002048891183816], [0.7366759626081756, 0.18618692314207805, 0.0030023325196683968, 0.01937395711662842, 0.051758492093781194, 0.0030023325196683968], [0.15822901696089692, 0.14524144705251196, 0.004267696402932471, 0.023499667965392768, 0.6657242417833612, 0.0030379298349046554], [0.8239480503868671, 0.1111191192274856, 0.003022445302489937, 0.016458773567546426, 0.04242916621312087, 0.003022445302489937], [0.08553825963300711, 0.11513878791217146, 0.0030292798889884195, 0.01466916297742064, 0.778595229699424, 0.0030292798889884195], [0.08057401562951476, 0.11665416563467804, 0.0030235427266336987, 0.013435516527447625, 0.7832892167550922, 0.0030235427266336987], [0.8315765929158468, 0.11875559763135228, 0.00301192367116867, 0.013553968731036606, 0.030089993379426968, 0.00301192367116867], [0.8514676638765699, 0.10474767101432506, 0.0030030897938553777, 0.011460200080247165, 0.026318285441147247, 0.0030030897938553777], [0.8630415089772797, 0.09599787034644154, 0.0030005489068820833, 0.010466800608625058, 0.02449272225388951, 0.0030005489068820833], [0.050769129065951414, 0.09324542925539762, 0.002999999938578354, 0.008929454280293063, 0.8410559875212013, 0.002999999938578354], [0.8639887590192351, 0.0932872449960655, 0.0030012720256757494, 0.011398335699195981, 0.02532311623415187, 0.0030012720256757494], [0.9000683220295208, 0.07171037697284807, 0.0030535517227396453, 0.0077382034009657995, 0.014375994151186096, 0.0030535517227396453], [0.8474711107954104, 0.10642547599888741, 0.0030030933892302263, 0.011992763899336945, 0.028104462527904838, 0.0030030933892302263], [0.05073822547002624, 0.10807053127846819, 0.003001072555615709, 0.008777474332040203, 0.8264116238082341, 0.003001072555615709], [0.0667756894210055, 0.12086132579457781, 0.003010093699734226, 0.01095664063466537, 0.7953861567502829, 0.003010093699734226], [0.05114262199316093, 0.06173493572087093, 0.04699649795199394, 0.00856208633813358, 0.828555837398572, 0.003008020597268682], [0.7377225132934334, 0.0645317721582589, 0.03896839919158336, 0.026812834332842705, 0.1240680320625122, 0.007896448961369505], [0.8858538029710206, 0.047548295887217255, 0.037412881900014384, 0.007140058201776072, 0.019043972743221907, 0.0030009882967498673], [0.8572664549461521, 0.0996473558023583, 0.0030008430014428883, 0.010428304977521612, 0.02665619827108231, 0.0030008430014428883], [0.8093602398138032, 0.1314664022201409, 0.0030248759770948094, 0.013605160221107747, 0.03951844579075871, 0.0030248759770948094], [0.801936622521095, 0.1348477433244086, 0.0030314956933465633, 0.01563542013325928, 0.0415172226345439, 0.0030314956933465633], [0.7428234146631184, 0.169848771086766, 0.0030052948437483905, 0.02222383996497584, 0.059093384597643205, 0.0030052948437483905], [0.15038690965908388, 0.19712777898472617, 0.003013250933854224, 0.024786130107057665, 0.6216726793814239, 0.003013250933854224], [0.6731333317526265, 0.23775020304550779, 0.00301869607977767, 0.025164395781867695, 0.057914677260442714, 0.00301869607977767], [0.6527066788338163, 0.2541727456874374, 0.003020067