{"prediction": [[[0.9067818602080454, 0.012620617285178475, 0.012854583060395235, 0.010451259427936689, 0.04684042059050751, 0.010451259427936689], [0.9009975240427305, 0.01885576485733661, 0.012639869789811867, 0.01047376023898497, 0.04655932083215092, 0.01047376023898497], [0.880190515519335, 0.016995236839057938, 0.012358524412799823, 0.011049969080660652, 0.0683557850674859, 0.011049969080660652], [0.8868495650809078, 0.017211571627924402, 0.01089077703010282, 0.01089077703010282, 0.06326653220085926, 0.01089077703010282], [0.8867201977651197, 0.016259856015516664, 0.010914286288654372, 0.010914286288654372, 0.06427708735340046, 0.010914286288654372], [0.866911036780423, 0.01584950472674929, 0.011526162513252388, 0.011526162513252388, 0.08266097095307068, 0.011526162513252388], [0.889755831751618, 0.019207357792907276, 0.010772491616942555, 0.010772491616942555, 0.05871933560464694, 0.010772491616942555], [0.8917908371925979, 0.018856960900064067, 0.010727703947564202, 0.010727703947564202, 0.05716909006464553, 0.010727703947564202], [0.8990222112724562, 0.018320664980493787, 0.01056486184322382, 0.01056486184322382, 0.05096253821737861, 0.01056486184322382], [0.8923061473497911, 0.017176185394468746, 0.010747230540663961, 0.010747230540663961, 0.05827597563374826, 0.010747230540663961], [0.8871748868496377, 0.017839220236573323, 0.01086696470988813, 0.01086696470988813, 0.06238499878412434, 0.01086696470988813], [0.9058534244886431, 0.016633276747697285, 0.0104443276895001, 0.0104443276895001, 0.04618031569515932, 0.0104443276895001], [0.8784408738705526, 0.016509274617878923, 0.011144993208335284, 0.011144993208335284, 0.07161487188656264, 0.011144993208335284], [0.9075585433199541, 0.014832620763684558, 0.009999181632383907, 0.009999181632383907, 0.047611291019209516, 0.009999181632383907], [0.889814041029891, 0.01577190133270881, 0.00999964516196515, 0.00999964516196515, 0.06441512215150473, 0.00999964516196515], [0.8828887936400375, 0.017777578981538984, 0.010985669442388317, 0.010985669442388317, 0.06637661905125859, 0.010985669442388317], [0.8870613724964784, 0.016589256907497577, 0.010896988542817636, 0.010896988542817636, 0.06365840496757118, 0.010896988542817636], [0.8893639540330299, 0.0178603524305177, 0.010808259774453816, 0.010808259774453816, 0.06035091421309091, 0.010808259774453816], [0.874422780143903, 0.01594463085155714, 0.011281778723617988, 0.011281778723617988, 0.0757872528336858, 0.011281778723617988], [0.8537535466527723, 0.015308890763914689, 0.011996369586618564, 0.011996369586618564, 0.09494845382345724, 0.011996369586618564], [0.8636498886472451, 0.019146519046132883, 0.011541252100214554, 0.011541252100214554, 0.08257983600597835, 0.011541252100214554], [0.8580104717072385, 0.017940568656543022, 0.011765611964887695, 0.011765611964887695, 0.08875212374155544, 0.011765611964887695], [0.877313340617475, 0.019831252596779658, 0.011099841770997867, 0.011099841770997867, 0.06955588147275178, 0.011099841770997867], [0.8682365956282136, 0.020183101228736507, 0.011367406249087525, 0.011367406249087525, 0.07747808439578717, 0.011367406249087525], [0.8713893117223861, 0.01740375459464026, 0.01133879539797934, 0.01133879539797934, 0.07719054748903559, 0.01133879539797934], [0.8917307460372965, 0.016912218046508703, 0.00999956263399357, 0.00999956263399357, 0.06135834801421402, 0.00999956263399357], [0.8930899730331939, 0.016136117982049072, 0.009999539720946212, 0.009999539720946212, 0.06077528982191832, 0.009999539720946212], [0.8855995782045001, 0.015671293923074574, 0.009999780360603248, 0.009999780360603248, 0.06872978679061563, 0.009999780360603248], [0.8757348954356707, 0.01759847052762309, 0.011199510687954375, 0.011199510687954375, 0.07306810197284302, 0.011199510687954375], [0.8844463111167705, 0.016752966516422038, 0.010966195068358036, 0.010966195068358036, 0.06590213716173338, 0.010966195068358036], [0.8834412349118522, 0.016352672646572117, 0.011003721943919837, 0.011003721943919837, 0.06719492660981603, 0.011003721943919837], [0.8784022644308386, 0.016016386820683105, 0.011158883132187556, 0.011158883132187556, 0.07210469935191562, 0.011158883132187556], [0.88124049655582, 0.016317607957380104, 0.01106796516571075, 0.01106796516571075, 0.06923799998966763, 0.01106796516571075], [0.8844119035746028, 0.017395540525309606, 0.010952535337509457, 0.010952535337509457, 0.0653349498875592, 0.010952535337509457], [0.8764006479184322, 0.01783551988312683, 0.011173911527972416, 0.011173911527972416, 0.07224209761452374, 0.011173911527972416], [0.8865257090766545, 0.01725895816554382, 0.011130081031761111, 0.01089459088939367, 0.06329606994725322, 0.01089459088939367], [0.8640666541957194, 0.01949935195539298, 0.011580375740541732, 0.011520434310629648, 0.08181274948708674, 0.011520434310629648], [0.8734954987851785, 0.017336654100247505, 0.0139318917362753, 0.011201377332549377, 0.07283320071319994, 0.011201377332549377], [0.8775253872317818, 0.021510163175593174, 0.018360153499824214, 0.010882908725816817, 0.06083847864116728, 0.010882908725816817], [0.8976676843687746, 0.015636220558584414, 0.016468674376890563, 0.010529998945479927, 0.04916742280479055, 0.010529998945479927]], [[0.9052612074517947, 0.017947707607568922, 0.011763205557026852, 0.010414899762889228, 0.044198079857831085, 0.010414899762889228], [0.8905834043263846, 0.03795915749369295, 0.02547778103586753, 0.011551643401140779, 0.024091955729575922, 0.010336058013338239], [0.8642671089142445, 0.04415179509791244, 0.03290980291297323, 0.01421190690115999, 0.03372508601662905, 0.01073430015708073], [0.10312227427084956, 0.03603521120323428, 0.038197767562972725, 0.014930816559673708, 0.7966362944399287, 0.011077635963341076], [0.8272535916031878, 0.038621087764114846, 0.03293310116320927, 0.014221967267267438, 0.07621856060367599, 0.01075169159854469], [0.8434693561722912, 0.021701550896512618, 0.01217444175834991, 0.01217444175834991, 0.09830576765614646, 0.01217444175834991], [0.8494364648943394, 0.05003511112520204, 0.033264932159223305, 0.014365266543584857, 0.042049862277020504, 0.010848363000629926], [0.8603827175817726, 0.04727467899029245, 0.03285465322814831, 0.014188090830658674, 0.034589429494630494, 0.010710429874497458], [0.09217707967754865, 0.03651788781191105, 0.025581760029019532, 0.011411817984423029, 0.8239413471982189, 0.01037010729887883], [0.8766795989806755, 0.023260795136892304, 0.011045729796877317, 0.011045729796877317, 0.06692241649180015, 0.011045729796877317], [0.8878192478223208, 0.035409027204984386, 0.02546104211796779, 0.011544053964281008, 0.02942295793767737, 0.010343670952768641], [0.8946470505436208, 0.033996306963427474, 0.025494423610472213, 0.011559189155884482, 0.02394412975415904, 0.010358899972435966], [0.8821585607013095, 0.040241924855303673, 0.02543670781092713, 0.011533020772773801, 0.030312757098355382, 0.010317028761330563], [0.901255135196729, 0.03287756801995683, 0.02127285489207735, 0.00999968421699317, 0.02459507345725064, 0.00999968421699317], [0.8960236039158429, 0.034939165144614225, 0.02123548042810501, 0.009999678950829635, 0.027802392609778643, 0.009999678950829635], [0.8580074666723354, 0.046498533846724796, 0.03283376533679022, 0.014179070516312585, 0.037776194738994476, 0.010704968888842325], [0.8820759386079648, 0.040887001151816815, 0.025403702691370763, 0.011518056228923193, 0.029801299531381956, 0.010314001788542427], [0.06427943148279058, 0.027315337683165748, 0.025586898269698, 0.011414110112381245, 0.8610181599553418, 0.01038606249662271], [0.8855388428622175, 0.03629223667040635, 0.025432815254390912, 0.011531255884969713, 0.030866605942118364, 0.010338243385897219], [0.8841056981242146, 0.03396646050996705, 0.025447884438272266, 0.011538088263280002, 0.03458925147726116, 0.01035261718700492], [0.4086112311355322, 0.05603112741302962, 0.03603870043789996, 0.03603870043789996, 0.21494804906636808, 0.24833219150927033], [0.8721939899342613, 0.039639711831116295, 0.025427133588717926, 0.011528679813855582, 0.04087901019615208, 0.010331474635896754], [0.851913475971373, 0.04816614497527152, 0.03273910511461571, 0.014138192050150251, 0.04236077536977635, 0.010682306518813214], [0.8566820358361125, 0.04783215398498583, 0.0327674051297309, 0.014150413247013145, 0.03787164482129776, 0.010696346980859946], [0.8338515755967245, 0.0451893736465582, 0.036223453797414804, 0.014346433112758399, 0.059542052177210286, 0.0108471116693338], [0.8768874706227716, 0.04073438404454251, 0.027352933700616783, 0.011812203856511853, 0.03321310286472917, 0.00999990491082802], [0.707163135765624, 0.20599004742871668, 0.027920493409276735, 0.012057301185113304, 0.036869099442586734, 0.00999992276868272], [0.8080313705580383, 0.036641892185296406, 0.10532337355613956, 0.012032840017545988, 0.027970600874106685, 0.009999922808873202], [0.8445296806857693, 0.05599874655157096, 0.033196867715108616, 0.014335873311181177, 0.04113071026571988, 0.010808121470650276], [0.07944485754668423, 0.035277841931814824, 0.02552741407072859, 0.011387574688281492, 0.8380152052046057, 0.010347106557885155], [0.8887277599678037, 0.03830978928753355, 0.025483878483520715, 0.01155440798808999, 0.025592705287101666, 0.010331458985950316], [0.8919384723969626, 0.03546187461236439, 0.025499552958842875, 0.01156151480595481, 0.02519059872943562, 0.01034798649643974], [0.8900339982933893, 0.036495615643052315, 0.02548186827647448, 0.01155349655883609, 0.026094270654987827, 0.010340750573260067], [0.8887324647580596, 0.03748076389216964, 0.025468343848201666, 0.011547364573778524, 0.026436230349436072, 0.010334832578354667], [0.8810492954180253, 0.03855169174863942, 0.025453459792534164, 0.011540616132727412, 0.03307886949806989, 0.01032606741000376], [0.8561040207105146, 0.045130222852791085, 0.03284428909924473, 0.014183615141895695, 0.04103301589654725, 0.010704836299006601], [0.8609052922087681, 0.04359257986618206, 0.032899956144519016, 0.014207654631496806, 0.037670030652688945, 0.010724486496345156], [0.8326772118295104, 0.04682582434747407, 0.03325566555820509, 0.014361264816091696, 0.0620300984655514, 0.010849934983167352], [0.8534956241945518, 0.049539362101803625, 0.03638152515453382, 0.014409037859523691, 0.03531314921463816, 0.010861301474948872], [0.8672133374888625, 0.02233745888280683, 0.017544628879748787, 0.011180052299405035, 0.07054447014977189, 0.011180052299405035]], [[0.8806732393760496, 0.015717951831836413, 0.011099433823157328, 0.011099433823157328, 0.07031050732264202, 0.011099433823157328], [0.08406668568548327, 0.03986897818393899, 0.03538928536539028, 0.014983073793973964, 0.8145643598173953, 0.011127617153818171], [0.8584440781492408, 0.06938453427245578, 0.01089372191185597, 0.01538189134756503, 0.0350020524070264, 0.01089372191185597], [0.19191170482328493, 0.06430333480987939, 0.010874953534276963, 0.015581613314780066, 0.7064534399835017, 0.010874953534276963], [0.6186018795539474, 0.04729424657426447, 0.05148449376782729, 0.019382738929745177, 0.2512991391134562, 0.011937502060759499], [0.8625379919827534, 0.01771947867122539, 0.011617264042508726, 0.011617264042508726, 0.0848907372184951, 0.011617264042508726], [0.8348767200681148, 0.042820088569456474, 0.036298605810736746, 0.014376197346131684, 0.06076521942529351, 0.010863168780266821], [0.16176014851096995, 0.08419264997053497, 0.010571339795740044, 0.015151181328327285, 0.7177533405986877, 0.010571339795740044], [0.8346873144957565, 0.08527781908020572, 0.010547448106022282, 0.014894885554815558, 0.04404508465717774, 0.010547448106022282], [0.8843860432084486, 0.0406278818962827, 0.02540838921258723, 0.011520181100858014, 0.02774077097791341, 0.010316733603910031], [0.8378297022287414, 0.028100374834552962, 0.012201426212973276, 0.012201426212973276, 0.09746564429778583, 0.012201426212973276], [0.8822915294461182, 0.039879403436240725, 0.025400794076230113, 0.011516737460822926, 0.030592556665468066, 0.010318978915120026], [0.866684523090031, 0.06758249915915054, 0.01028413158432901, 0.012969259848076141, 0.03219545473408411, 0.01028413158432901], [0.10761881692335534, 0.0616194774048222, 0.009999497371135632, 0.010905800281766534, 0.7998569106477846, 0.009999497371135632], [0.8705319763955423, 0.06463009543367744, 0.009999599602596788, 0.012505778530307389, 0.03233295043527933, 0.009999599602596788], [0.8614957456519869, 0.0699874149859781, 0.010711804089446523, 0.0151229626087907, 0.031970268574351375, 0.010711804089446523], [0.08721193751611828, 0.07078456337565386, 0.010808969151631443, 0.01547908879545782, 0.8049064720095072, 0.010808969151631443], [0.8706887766066054, 0.05899034317593045, 0.010327357814166353, 0.013021568547733455, 0.036644596041397956, 0.010327357814166353], [0.39799682922212265, 0.0635686951419727, 0.035722850097874216, 0.035722850097874216, 0.22115598573281153, 0.24583278970734465], [0.41397077726425446, 0.06026737759550134, 0.036073139771606984, 0.036073139771606984, 0.20539153190916576, 0.24822403368786458], [0.36621029928928067, 0.05054684701888807, 0.035596333337091335, 0.035596333337091335, 0.2671209526726627, 0.24492923434498587], [0.361750700085932, 0.06430253865891698, 0.03524270085216521, 0.03524270085216521, 0.26093203470445636, 0.2425293248463641], [0.41331064463824346, 0.0676798548545675, 0.035935729050492186, 0.035935729050492186, 0.1998049930039638, 0.24733304940224088], [0.8182071050195723, 0.07966881279016094, 0.010714489477335016, 0.015131162765726134, 0.06556394046987074, 0.010714489477335016], [0.5867650066894627, 0.11748524841579586, 0.011428462100330062, 0.01912675077995788, 0.25376606991412337, 0.011428462100330062], [0.7652440682667285, 0.15023585323429858, 0.009999605040822266, 0.012528424269259385, 0.051992444148069056, 0.009999605040822266], [0.7952768606612998, 0.14180298146194392, 0.009999656330533476, 0.012709696812987456, 0.030211148402701914, 0.009999656330533476], [0.6930230588179488, 0.22628910464946406, 0.00999966455298823, 0.012739963260864892, 0.04794854416574585, 0.00999966455298823], [0.8311922483023801, 0.08365192398235732, 0.010722410281078745, 0.015143597565334545, 0.04856740958777052, 0.010722410281078745], [0.8253541035324347, 0.09463457040840988, 0.010659668970976291, 0.015056040890966271, 0.04363594722623654, 0.010659668970976291], [0.859750672645397, 0.07177627576148947, 0.010255232295019241, 0.012934892999333317, 0.03502769400374168, 0.010255232295019241], [0.8702624857215542, 0.06793582380229765, 0.010292620127674559, 0.012980956472164039, 0.02823549374863505, 0.010292620127674559], [0.8680492174422021, 0.06720535164410195, 0.010288676424361357, 0.012976661538836625, 0.031191416526136644, 0.010288676424361357], [0.8675559421400993, 0.06347784400553834, 0.010301998997283129, 0.012993515009590497, 0.03536870085020557, 0.010301998997283129], [0.8340073102707164, 0.08463776502372615, 0.010547245812181968, 0.014898664300426351, 0.04536176878076736, 0.010547245812181968], [0.8440078191005739, 0.07431466295161913, 0.0108085385371918, 0.015264433291417011, 0.04479600758200644, 0.0108085385371918], [0.8322785954949078, 0.06447646425945286, 0.010648183381092687, 0.015039266638046169, 0.06690930684540769, 0.010648183381092687], [0.6002112032495869, 0.09516986532387108, 0.011853681089122452, 0.019836037916594745, 0.26107553133170236, 0.011853681089122452], [0.834139701681051, 0.048358380943343195, 0.03322164873884873, 0.014346574851456264, 0.05909553990817883, 0.010838153877121951], [0.851315925941253, 0.019131086403978426, 0.013057687598476227, 0.01193249614938374, 0.09263030775752476, 0.01193249614938374]], [[0.8878497005049865, 0.015117137661194527, 0.010909657759521815, 0.010909657759521815, 0.06430418855525369, 0.010909657759521815], [0.892140987712026, 0.03605317468263227, 0.025488551597656343, 0.011556526781245153, 0.024414715642730147, 0.010346043583710012], [0.11292070162209802, 0.060448473398885205, 0.010789042303249482, 0.015453011031571644, 0.7895997293409461, 0.010789042303249482], [0.8550806726720837, 0.06660236228938801, 0.010886536683278748, 0.015372237297285722, 0.041171654374685125, 0.010886536683278748], [0.8343401966650956, 0.047221035027951094, 0.03322604376541014, 0.014348472817991077, 0.060017615553298265, 0.010846636170253762], [0.8287384271292898, 0.018405272630293998, 0.01284665092735057, 0.01284665092735057, 0.11431634745836451, 0.01284665092735057], [0.5953307037381415, 0.058992974868205345, 0.048726770028296076, 0.01891349776971605, 0.26641597922017296, 0.0116200743754682], [0.8306382961698054, 0.08460177263078536, 0.010716476876865607, 0.015131762816266103, 0.04819521462941199, 0.010716476876865607], [0.8405212928961319, 0.08884995333702786, 0.010563431115178327, 0.014919945912304347, 0.03458194562417921, 0.010563431115178327], [0.11708214948447947, 0.07791387018041182, 0.010638779185771836, 0.015240165301277248, 0.7684862566622878, 0.010638779185771836], [0.8759762731948346, 0.04488343873829366, 0.025380382860892992, 0.0115074830017856, 0.031958159961825265, 0.010294262242367801], [0.8537141221817556, 0.03165281177013127, 0.011573345730565874, 0.011573345730565874, 0.07991302885641553, 0.011573345730565874], [0.09614451865755524, 0.0431201236489905, 0.02556778035584048, 0.011405581764334184, 0.8134105087080885, 0.010351486865191068], [0.7760777598723748, 0.15425109554648433, 0.009999608148069881, 0.01253878700236932, 0.03713314128263163, 0.009999608148069881], [0.8728295823088463, 0.0625621097952861, 0.009999605937799557, 0.012530130551938454, 0.03207896546833019, 0.009999605937799557], [0.8412945916880928, 0.06725605262016769, 0.010644553527550898, 0.015029014856507228, 0.05513123378013056, 0.010644553527550898], [0.4274675218305499, 0.07750823425112696, 0.036121536112493, 0.036121536112493, 0.17417722855918183, 0.24860394313415526], [0.367193760916801, 0.07686092641709467, 0.03504428110952353, 0.03504428110952353, 0.24463833937275664, 0.24121841107430053], [0.8710406923852394, 0.05435233875721084, 0.01035256039697315, 0.013053027797055153, 0.04084882026654827, 0.01035256039697315], [0.36792476214189435, 0.06264333136904285, 0.03533771977415427, 0.03533771977415427, 0.2555527956468904, 0.24320367129386378], [0.3822976990939548, 0.0692594328005864, 0.03537768379698129, 0.03537768379698129, 0.23420104199232428, 0.24348645851917206], [0.8366209564165428, 0.0740935856276256, 0.010784048690093834, 0.015226992397059278, 0.05249036817858475, 0.010784048690093834], [0.1612536402301396, 0.07336753898768728, 0.010790418573093994, 0.015456751406445686, 0.7283412322295394, 0.010790418573093994], [0.8368669984054488, 0.08137265531918858, 0.010752295630053832, 0.01518572250285773, 0.04507003251239722, 0.010752295630053832], [0.7972743032692259, 0.08481375250305706, 0.010536511980058833, 0.014883566154756956, 0.08195535411284252, 0.010536511980058833], [0.7887767382961435, 0.1437190149324295, 0.009999642193154676, 0.012661519889226392, 0.0348434424958913, 0.009999642193154676], [0.6807452335093248, 0.15231299906339502, 0.009999637993781568, 0.0931058598182119, 0.05383663162150512, 0.009999637993781568], [0.47485628202669383, 0.267669223935691, 0.009999935579987218, 0.01624708378239372, 0.221227539095247, 0.009999935579987218], [0.16531057902224996, 0.07377161084458066, 0.010641040780190498, 0.015244799018670709, 0.7243909295541178, 0.010641040780190498], [0.8339640426760109, 0.08539867849260593, 0.010725739654848921, 0.01514815364712152, 0.044037645874563776, 0.010725739654848921], [0.13838507000354988, 0.0991971919816499, 0.010449775913893433, 0.014972512111395955, 0.7265456740756173, 0.010449775913893433], [0.8500291981860546, 0.07949311908100554, 0.010212136977522377, 0.012882324610490662, 0.0371710841674046, 0.010212136977522377], [0.8692376194982709, 0.06692243624791769, 0.010292659323498194, 0.012982210943037255, 0.030272414663777725, 0.010292659323498194], [0.8683631191704001, 0.06854178076457411, 0.010285346803162558, 0.012974592783717705, 0.029549813674982862, 0.010285346803162558], [0.8537320695405194, 0.07642519053722276, 0.01022849185969609, 0.01290354228090017, 0.036482213921965496, 0.01022849185969609], [0.838308122128263, 0.08341391309621823, 0.010567055512899387, 0.014926499106626814, 0.04221735464309315, 0.010567055512899387], [0.860737510660929, 0.0682456634775058, 0.010909782022075888, 0.015411057341051013, 0.03378620447636243, 0.010909782022075888], [0.8352750184506442, 0.06697329997695184, 0.010821362368007922, 0.015281451238666918, 0.06082750559772136, 0.010821362368007922], [0.8557698627788052, 0.04481147255580691, 0.03642788123382145, 0.014427397356511162, 0.0376784802988693, 0.010884905776185894], [0.8685055397226441, 0.022654940603183883, 0.013543118856706426, 0.011238611663467365, 0.07281917749053078, 0.011238611663467365]], [[0.8833099128611028, 0.015428975885311336, 0.011029615132544933, 0.011029615132544933, 0.068172265855951, 0.011029615132544933], [0.8916784270956492, 0.036063973564717654, 0.02551449580211254, 0.011568289901345076, 0.02482969703336491, 0.010345116602810641], [0.8600178550515796, 0.06679832136333996, 0.010277500174737213, 0.012962723602166158, 0.03966609963343984, 0.010277500174737213], [0.4236788755571475, 0.07317150709093193, 0.03608132215269281, 0.03608132215269281, 0.18253701161638977, 0.2484499614301453], [0.12668249031692094, 0.06676094446627732, 0.010699729759078229, 0.015325237208821908, 0.7698318684898234, 0.010699729759078229], [0.15794232129453645, 0.04068948486711131, 0.03512448730600095, 0.014870963904684939, 0.7403289029790978, 0.011043839648568601], [0.8175546574090459, 0.08947844723685669, 0.010594829096873468, 0.014963044533117286, 0.056814192627233216, 0.010594829096873468], [0.8318626424307535, 0.09928656755407393, 0.010503556333628324, 0.014833874636578984, 0.03300980271133692, 0.010503556333628324], [0.8123061964052379, 0.11316411059539931, 0.01039378647475635, 0.014681662754287205, 0.03906045729556297, 0.01039378647475635], [0.1502932539685753, 0.09035693854333318, 0.010301540702965116, 0.013064351999938991, 0.7256823740822222, 0.010301540702965116], [0.8150884372687602, 0.10064708779854657, 0.01043379713559398, 0.014737817026498177, 0.048659063635007015, 0.01043379713559398], [0.8544567629539174, 0.051727537999360335, 0.032734717293078336, 0.014136297194950015, 0.03626783161675334, 0.010676852941940443], [0.8731132715545707, 0.03362175261714741, 0.010976582965813003, 0.010976582965813003, 0.06033522693084279, 0.010976582965813003], [0.7949448121564974, 0.12293874056611369, 0.027692898005778864, 0.011959015446100915, 0.03246461942594077, 0.00999991439956838], [0.14422067876897762, 0.14587993915862557, 0.009999626142708783, 0.01278486386919385, 0.6771152659177854, 0.009999626142708783], [0.6029527338877665, 0.13562347839572744, 0.011515462103151153, 0.019276115532782807, 0.2191167479774209, 0.011515462103151153], [0.8262653405530936, 0.08193327619484012, 0.010715995429518307, 0.015129574617243678, 0.05523981777578584, 0.010715995429518307], [0.8469950607331282, 0.07727579057671823, 0.010621392174784692, 0.01499608514513341, 0.03949027919545068, 0.010621392174784692], [0.820176032899573, 0.09476553772600677, 0.010468322255725419, 0.014782975758273642, 0.04933880910469576, 0.010468322255725419], [0.8312747567081289, 0.08249359044210174, 0.01054683385374392, 0.014891192976676619, 0.05024679216560479, 0.01054683385374392], [0.8528207427842455, 0.0716814145099862, 0.01066406913363509, 0.015056472076121924, 0.03911323236237628, 0.01066406913363509], [0.1962463398294552, 0.07381873632251214, 0.010607140283860707, 0.015192700180854632, 0.6935279430994565, 0.010607140283860707], [0.5858237867889928, 0.13187290098860066, 0.01151351349525623, 0.019268657309963244, 0.24000762792193092, 0.01151351349525623], [0.8068714191376016, 0.09309446175566828, 0.010452230157876772, 0.014763049590858748, 0.0643666092001179, 0.010452230157876772], [0.8372430880588435, 0.08669786374999909, 0.010735595645886786, 0.015160327529238871, 0.03942752937014493, 0.010735595645886786], [0.8191121274422434, 0.10094799123882015, 0.009999495674858071, 0.012145475860905645, 0.047795414108314664, 0.009999495674858071], [0.7667039510641707, 0.16043226327121052, 0.009999587034325788, 0.012466456607110168, 0.04039815498885706, 0.009999587034325788], [0.13214134096043165, 0.23974591837081535, 0.009999629648471474, 0.012799882906861114, 0.5953135984649488, 0.009999629648471474], [0.8289750217819595, 0.09801544656278342, 0.010666597822959163, 0.015065580682454664, 0.036610755326884084, 0.010666597822959163], [0.8082378812471795, 0.11325418193615182, 0.010537998184896008, 0.014884545073390994, 0.04254739537348554, 0.010537998184896008], [0.8054169387879558, 0.11151155352861164, 0.010373281021107903, 0.014653299817977566, 0.0476716458232391, 0.010373281021107903], [0.08786971551820727, 0.08115004360709295, 0.010213831772161607, 0.012950350244718727, 0.7976022270856579, 0.010213831772161607], [0.8487378669681414, 0.08418297519295755, 0.010194349734008195, 0.012861926067361983, 0.03382853230352256, 0.010194349734008195], [0.13684624843840568, 0.08564270499325966, 0.010263879341845831, 0.013015237905932826, 0.7439680499787102, 0.010263879341845831], [0.8216390757104514, 0.10142496688088462, 0.010453676594954064, 0.01476656863490926, 0.041262035583846585, 0.010453676594954064], [0.8459419408626102, 0.07965977494642108, 0.010610035156768081, 0.01498445763522813, 0.038193756242204474, 0.010610035156768081], [0.8319464281274678, 0.07660394456678284, 0.010758235747333627, 0.015195978162882614, 0.0547371776481995, 0.010758235747333627], [0.8619080576585733, 0.07054896136082052, 0.01091069123472585, 0.015408878367011129, 0.030312720144143317, 0.01091069123472585], [0.8552299810173329, 0.04992774792818156, 0.032802978592076884, 0.014165775439741844, 0.03718878693532562, 0.01068473008734126], [0.8812620632205357, 0.01898574716907074, 0.011005754730801414, 0.011005754730801414, 0.06673492541798934, 0.011005754730801414]], [[0.8851670598567203, 0.016930391653376262, 0.010941986284204902, 0.010941986284204902, 0.06507658963728899, 0.010941986284204902], [0.09187707001895086, 0.032621179139307045, 0.025623300382635578, 0.011430348803019451, 0.8280577665403046, 0.01039033511578226], [0.8318162160926355, 0.08063232571027741, 0.01055631232172279, 0.014908593235080798, 0.051530240318560835, 0.01055631232172279], [0.3989849854037763, 0.06912108330978636, 0.035636258892524066, 0.035636258892524066, 0.21518930805131686, 0.24543210545007238], [0.8197337317506478, 0.08331585995359062, 0.01069458970354173, 0.015104174841601651, 0.06045705404707649, 0.01069458970354173], [0.6242627906555215, 0.12003762746324323, 0.011388379462945873, 0.019062404860025986, 0.21386041809531747, 0.011388379462945873], [0.82376130752472, 0.09363784712491527, 0.010482910248269351, 0.01480462615104017, 0.04683039870278599, 0.010482910248269351], [0.12482833285227789, 0.11217136619727923, 0.010392827024022907, 0.014887886180089818, 0.7273267607223073, 0.010392827024022907], [0.7976761325648682, 0.12398119580838401, 0.010321005763404117, 0.014579914732025821, 0.04312074536791362, 0.010321005763404117], [0.7991545869970085, 0.11627687699785919, 0.010342856347425163, 0.01461259364466433, 0.04927022966561766, 0.010342856347425163], [0.8275627085332776, 0.09820221538310772, 0.010484941982654523, 0.014807573302277032, 0.03845761881602877, 0.010484941982654523], [0.8001135878189788, 0.10145804528993138, 0.010563207515712157, 0.014918020126246831, 0.0623839317334187, 0.010563207515712157], [0.15092118369234503, 0.05548660078301274, 0.03765407522960364, 0.01471829705886644, 0.7303043292900784, 0.010915513946093736], [0.8459724027009767, 0.03378968653435885, 0.010729828932384135, 0.010729828932384135, 0.08804842396751193, 0.010729828932384135], [0.8022056576529316, 0.04140370552769127, 0.10523446068338944, 0.011998714597252975, 0.02915754235922684, 0.009999919179507967], [0.14373669652882515, 0.0846343903319704, 0.010719834086949263, 0.01535556657040587, 0.7348336783949001, 0.010719834086949263], [0.844651253475038, 0.0844696416234108, 0.010778834283790784, 0.01521910095111837, 0.03410233538285118, 0.010778834283790784], [0.8320697584913083, 0.09329860016957006, 0.010514892244618514, 0.01484649921627011, 0.03875535763361458, 0.010514892244618514], [0.1068960969140648, 0.07620904135062923, 0.010239766439802872, 0.012980355825623482, 0.7834349730300768, 0.010239766439802872], [0.8467153911195782, 0.08050614509370795, 0.010205023009427987, 0.012870062543193629, 0.0394983552246644, 0.010205023009427987], [0.8301042601241269, 0.09244029712066083, 0.010508907178725572, 0.014838949616563958, 0.0415986787811971, 0.010508907178725572], [0.8287129805390353, 0.08991536412147229, 0.010511344028628345, 0.014843120497742798, 0.04550584678449296, 0.010511344028628345], [0.8081725224531012, 0.09025553432128211, 0.010593051786613397, 0.02157898257840596, 0.058806857073983955, 0.010593051786613397], [0.8380144005636125, 0.08744513025123674, 0.010554606717729167, 0.014903504047351896, 0.0385277517023407, 0.010554606717729167], [0.7931356591203081, 0.12044349997888634, 0.01031618557146947, 0.014573403777349057, 0.05121506598051741, 0.01031618557146947], [0.844775061286732, 0.08460775686877593, 0.009999438815127685, 0.010664069243856667, 0.03995423497038009, 0.009999438815127685], [0.8342598375970814, 0.09602196624034799, 0.00999951450528891, 0.012209452601245835, 0.03750971455074689, 0.00999951450528891], [0.7731103662433526, 0.16080960885971568, 0.009999595742757687, 0.012494383101864601, 0.033586450309551714, 0.009999595742757687], [0.13949024281532726, 0.10776965267286798, 0.010396527160859939, 0.014895370438837598, 0.7170516797512473, 0.010396527160859939], [0.7900598077183728, 0.12068914883477264, 0.010308972639881118, 0.014564264691158497, 0.054068833475933956, 0.010308972639881118], [0.14312961536601315, 0.0915233825702171, 0.01049378777551732, 0.015031335365798548, 0.7293280911469365, 0.01049378777551732], [0.0962134695589246, 0.09941257576339516, 0.010558260547503032, 0.015123699190733883, 0.7681337343919403, 0.010558260547503032], [0.8459883709970486, 0.0855284225216038, 0.010185728561356798, 0.012848408221637393, 0.03526334113699669, 0.010185728561356798], [0.8020025281867713, 0.10913391476431562, 0.010372341104475416, 0.01465257701492474, 0.05346629782503749, 0.010372341104475416], [0.8375830089893984, 0.0873125324410286, 0.010553089199703916, 0.014904161383331073, 0.03909411878683404, 0.010553089199703916], [0.16275207308047615, 0.07848694550424792, 0.010573645586544275, 0.015148648956089944, 0.7224650412860976, 0.010573645586544275], [0.5938531893982473, 0.12194884543808138, 0.011334702462347501, 0.01897798222161164, 0.24255057801736477, 0.011334702462347501], [0.19036256260625314, 0.07920379100761514, 0.010596105453189453, 0.015183756488476757, 0.6940576789912761, 0.010596105453189453], [0.09140826273091153, 0.03760554893248665, 0.034706970336404824, 0.014694196063766258, 0.8106760883344843, 0.010908933601946226], [0.8743477054600659, 0.018406947365800105, 0.011221771900937042, 0.011221771900937042, 0.07358003147132276, 0.011221771900937042]], [[0.887362827756466, 0.017045980406151424, 0.010879198091284669, 0.010879198091284669, 0.06295359756352846, 0.010879198091284669], [0.8602507793553177, 0.04556109308343211, 0.03288861671119236, 0.014202757763193555, 0.036381400457753274, 0.010715352629110976], [0.858185646420402, 0.06900165255502662, 0.01069714224755682, 0.015105468659434212, 0.036312947870023565, 0.01069714224755682], [0.4050655849640668, 0.07803288215266972, 0.03560791748649524, 0.03560791748649524, 0.20041645406151057, 0.24526924384876236], [0.8424444708222999, 0.0788570428045854, 0.010597704899325586, 0.014964771951928663, 0.04253830462253494, 0.010597704899325586], [0.8370164513500337, 0.07823474311813879, 0.010581217190606252, 0.01494172279455973, 0.04864464835605532, 0.010581217190606252], [0.849883770806649, 0.08250594537407711, 0.010623640575037405, 0.015002601140299316, 0.0313604015288998, 0.010623640575037405], [0.16614700378881703, 0.13101609060326005, 0.010274915895406557, 0.014727411802574829, 0.667559662014535, 0.010274915895406557], [0.1348145428133638, 0.11934757339136488, 0.010336697779680881, 0.014811941739711202, 0.7103525464961984, 0.010336697779680881], [0.819334787887798, 0.10636705667050216, 0.010434319127773444, 0.014737129605880693, 0.038692387580272256, 0.010434319127773444], [0.15741256599167652, 0.11344868580016969, 0.010507654375370153, 0.01505583812266461, 0.6930676013347489, 0.010507654375370153], [0.5906108844341019, 0.16847173233656945, 0.011261660996629605, 0.018867652934689706, 0.19952640830137963, 0.011261660996629605], [0.13804787470814053, 0.0956729493422711, 0.01064687553696275, 0.015253170453101416, 0.7297322544225615, 0.01064687553696275], [0.884406875962368, 0.03796932542547842, 0.027440456327933738, 0.01184999998935964, 0.028333434162277328, 0.009999908132582834], [0.8734966592847203, 0.026758639737815604, 0.009999911507925417, 0.009999911507925417, 0.06974496645368777, 0.009999911507925417], [0.14121561371688549, 0.05129997657111552, 0.03774914400632954, 0.014755457724434307, 0.7440477766155169, 0.010932031365718232], [0.8173272589995748, 0.10004116354946344, 0.010442335802692479, 0.014747832379231739, 0.04699907346634497, 0.010442335802692479], [0.1503145929580589, 0.08407064061232171, 0.010326441734092527, 0.013095747366891104, 0.7318661355945433, 0.010326441734092527], [0.09356170403263572, 0.06874091692843938, 0.010276488581941884, 0.013025411913558181, 0.804118989961483, 0.010276488581941884], [0.8586452953736176, 0.07738645360850911, 0.01023465227706025, 0.012907724265066813, 0.03059122219868613, 0.01023465227706025], [0.8340881635273028, 0.08823863478783706, 0.010168636180409397, 0.012827483329755527, 0.0445084459942859, 0.010168636180409397], [0.15825429068706526, 0.09657497937107364, 0.010454537512169569, 0.014974259293917174, 0.7092873956236048, 0.010454537512169569], [0.8440045362081801, 0.08294917483318522, 0.010592714024264295, 0.01495741755669717, 0.03690344335340887, 0.010592714024264295], [0.8144320395933486, 0.10723850920372385, 0.010413319614803743, 0.014707321197566636, 0.04279549077575336, 0.010413319614803743], [0.8376389148409704, 0.0927940807981162, 0.010152276604506382, 0.012806640229656907, 0.036455810922243655, 0.010152276604506382], [0.8641113186683983, 0.07498723429541361, 0.009999452932485595, 0.010706822756134193, 0.03019571841508265, 0.009999452932485595], [0.8649842983514102, 0.07547762712180366, 0.009999452781977633, 0.010705965466733643, 0.02883320349609719, 0.009999452781977633], [0.8178113278213335, 0.10242291354428283, 0.009999492876591562, 0.012135301130006423, 0.04763147175119435, 0.009999492876591562], [0.12743470198789192, 0.10318713599601612, 0.010441827361038828, 0.014959962265110866, 0.7335345450289035, 0.010441827361038828], [0.8260267821288911, 0.09834937325870004, 0.010478151126505434, 0.014799167507499541, 0.03986837485189843, 0.010478151126505434], [0.8012077897829909, 0.10861673312505861, 0.010372619336796358, 0.01465066789453488, 0.05477957052382302, 0.010372619336796358], [0.15807558551635012, 0.1071099184799009, 0.010392137788932027, 0.014890783397422506, 0.6991394370284625, 0.010392137788932027], [0.8074460673794224, 0.11306569752600792, 0.010375753272038754, 0.01465642005594687, 0.044080308494545285, 0.010375753272038754], [0.829918278872639, 0.09431473423786993, 0.010680159758480225, 0.01508278155789163, 0.03932388581463892, 0.010680159758480225], [0.13386089418054378, 0.10287791920573415, 0.010603298736165612, 0.015192593164937205, 0.7268619959764537, 0.010603298736165612], [0.8406770323200583, 0.08491856055170884, 0.010572709232183534, 0.014931926154606163, 0.03832706250925968, 0.010572709232183534], [0.8273539596291137, 0.08027329687516332, 0.010547773037904508, 0.014896656293666894, 0.05638054112624692, 0.010547773037904508], [0.8569870825127581, 0.07248662880414863, 0.01068191849362374, 0.015083478904990873, 0.034078972790854915, 0.01068191849362374], [0.858835845636463, 0.04830840608361209, 0.032869040952491664, 0.014194304085700885, 0.03509065060497541, 0.010701752636757034], [0.8827110050491143, 0.015979247597974915, 0.01103369644326749, 0.01103369644326749, 0.06820865802310846, 0.01103369644326749]], [[0.8820433849515963, 0.016858283582263257, 0.011031687244301853, 0.011031687244301853, 0.06800326973323496, 0.011031687244301853], [0.864507959692878, 0.04022234544977267, 0.032943278667940876, 0.01422636321116296, 0.03735118956769954, 0.010748863410545876], [0.8465995675585491, 0.06204332366843295, 0.010685073886890441, 0.015087740528306453, 0.05489922047093062, 0.010685073886890441], [0.8554095727472338, 0.06569048621577278, 0.010695864937494186, 0.015104344627376736, 0.042403866534628326, 0.010695864937494186], [0.8276922125524824, 0.08565979927528017, 0.010524005796074975, 0.014863958099486822, 0.05073601848060079, 0.010524005796074975], [0.13760679691023858, 0.08429247062830886, 0.0105493177393966, 0.015110580149723489, 0.741891516832936, 0.0105493177393966], [0.8086991794290461, 0.10875941721875353, 0.010390561846238894, 0.014678375002850248, 0.04708190465687231, 0.010390561846238894], [0.8468129881279445, 0.0884347442698197, 0.010179331492554622, 0.01284036921352621, 0.031553235403600284, 0.010179331492554622], [0.11011378044407101, 0.11795569707867351, 0.010395265935571758, 0.014894217536236829, 0.7362457730698752, 0.010395265935571758], [0.10331095474875186, 0.0911357014566848, 0.010587651488982783, 0.015166712950990893, 0.769211327865607, 0.010587651488982783], [0.12199234317379781, 0.10929605338727076, 0.010415684984536069, 0.014920792545556524, 0.7329594409243028, 0.010415684984536069], [0.7955245348627162, 0.10796957081272432, 0.01036680948760081, 0.014641802262171452, 0.0611304730871863, 0.01036680948760081], [0.8334756031480732, 0.09234219247576358, 0.010523215125940845, 0.014861465496406715, 0.03827430862787474, 0.010523215125940845], [0.8353140274162955, 0.0833939192146846, 0.00999953289259198, 0.012272675995785574, 0.04902031158805049, 0.00999953289259198], [0.680294962360211, 0.0582441369686008, 0.039730995534415885, 0.015575188911258727, 0.19615474598134466, 0.009999970244169069], [0.8591005187270259, 0.030598414456230696, 0.011423725732446743, 0.011423725732446743, 0.0760298896194031, 0.011423725732446743], [0.8483105378040703, 0.0554675862847436, 0.03262393015044818, 0.01408845441202394, 0.038862552352685154, 0.010646938996028915], [0.8216261551330422, 0.09712110162279713, 0.010464966538518973, 0.01477750195524815, 0.04554530821187452, 0.010464966538518973], [0.11416854782893911, 0.07956369088723575, 0.010232218035666187, 0.012972306538992487, 0.7728310186735002, 0.010232218035666187], [0.8489382991207669, 0.07896220894032839, 0.010213146782390948, 0.01287988557449387, 0.03879331279962902, 0.010213146782390948], [0.8173468199119458, 0.10204144474498293, 0.010604871483400103, 0.014975137782215871, 0.044426854594055154, 0.010604871483400103], [0.1410396864864664, 0.08147619932654686, 0.010564502766016653, 0.01513037787077912, 0.7412247307841744, 0.010564502766016653], [0.8091411887478427, 0.10543569715028471, 0.01040182237123806, 0.014690517967398582, 0.0499289513919979, 0.01040182237123806], [0.8474259054722101, 0.08591788686069766, 0.010186919996042572, 0.012847386346368799, 0.03343498132863826, 0.010186919996042572], [0.8537565967088365, 0.08237186032961853, 0.01020981391011056, 0.012877015258506768, 0.030574899882817034, 0.01020981391011056], [0.8708146895187456, 0.0708080806372218, 0.009999461689828648, 0.010734103646935764, 0.027644202817439623, 0.009999461689828648], [0.8248675844315471, 0.0978485599244635, 0.009999503495497058, 0.012172399962423024, 0.04511244869057235, 0.009999503495497058], [0.09709173771877028, 0.0802223817364083, 0.009999561971331302, 0.012552302652409341, 0.7901344539497496, 0.009999561971331302], [0.8079975321575392, 0.09572381312405638, 0.010439641829957899, 0.01474448764645118, 0.06065488341203742, 0.010439641829957899], [0.805074249