{"prediction": [[[0.8195349249367512, 0.07098735853547211, 0.011894456544660616, 0.018020200801979448, 0.07542136451169738, 0.0041416946694393855], [0.8212177488440217, 0.08752705988101965, 0.013432602334084656, 0.01799975735869695, 0.05568771724141087, 0.004135114340766119], [0.8368838386612321, 0.09444567517840158, 0.0076253825529613425, 0.015196055865485015, 0.04177310141764365, 0.004075946324276414], [0.8266031994294342, 0.09906624653697202, 0.0070346669023190105, 0.01520815950340344, 0.04789472464427195, 0.004193002983599317], [0.84178063630064, 0.08701984310777341, 0.0040464444744823585, 0.01115376211286882, 0.051952869529753046, 0.0040464444744823585], [0.831524606269094, 0.09604396645925818, 0.004179310575914965, 0.011197465202488262, 0.05287534091732986, 0.004179310575914965], [0.8434304680714224, 0.09629153745077623, 0.004080900553749019, 0.010467973210939154, 0.04164822015936421, 0.004080900553749019], [0.8399393184048953, 0.09242283437003931, 0.004091232072093829, 0.010336675100040079, 0.049118707980837575, 0.004091232072093829], [0.8859285955097362, 0.07092215006432516, 0.003646622753304758, 0.005464271811799713, 0.030391737107529446, 0.003646622753304758], [0.8865009996247156, 0.06815121567521917, 0.0036301140094852197, 0.005213729695991586, 0.032873826985103174, 0.0036301140094852197], [0.8932590641142205, 0.06297759296772826, 0.0035619625949907764, 0.004637606505284523, 0.03200181122278524, 0.0035619625949907764], [0.8852376527292212, 0.06899104659068508, 0.003641697916556439, 0.005461948811291411, 0.03302595603568947, 0.003641697916556439], [0.8924469949294777, 0.060770823865848936, 0.0035602660146298037, 0.0045057095487614955, 0.03515593962665218, 0.0035602660146298037], [0.8935647139223861, 0.06230979727550841, 0.003559960514855887, 0.004182793992662005, 0.03282277377973181, 0.003559960514855887], [0.8965692565287218, 0.0640817735001191, 0.0035494969999081993, 0.003816416999307768, 0.028433558972034916, 0.0035494969999081993], [0.8913255083575149, 0.06857453029094042, 0.003603921595298459, 0.004398504069123333, 0.028493614091824486, 0.003603921595298459], [0.8711139330640395, 0.07746926742021602, 0.0038208537477721835, 0.0050617689858421175, 0.03874260415786141, 0.0037915726242689317], [0.8813240854230939, 0.07834191523589584, 0.0037284665312662195, 0.004159179635285203, 0.02871788664319248, 0.0037284665312662195], [0.8716771649257221, 0.08419700330250823, 0.003825532730054426, 0.004989713400841854, 0.03148505291081877, 0.003825532730054426], [0.8796993423435446, 0.08010548734447229, 0.003748470062703387, 0.004503341369672527, 0.028194888816903765, 0.003748470062703387], [0.8755377694061948, 0.08370308146983671, 0.003797175188688987, 0.004918834767554919, 0.02824596397903565, 0.003797175188688987], [0.8734942365237215, 0.08249642311555663, 0.003805946398475337, 0.0043671840114836635, 0.03203026355228763, 0.003805946398475337], [0.8808180553300228, 0.07897555681269418, 0.003732814864435579, 0.004695345079716545, 0.0280454130486952, 0.003732814864435579], [0.8777339250930565, 0.07560595031551931, 0.0037340176130404197, 0.004726943959782123, 0.034465145405561365, 0.0037340176130404197], [0.8805703339941016, 0.0710109123440878, 0.003687564173302871, 0.005173482643975686, 0.035870142671229385, 0.003687564173302871], [0.8927908798098252, 0.063316267668943, 0.003571362949842747, 0.003938080251627886, 0.03281204636991857, 0.003571362949842747], [0.8832070776770794, 0.06633382851887545, 0.003648295614401883, 0.005122403623864943, 0.038040098951376465, 0.003648295614401883], [0.9037238373389641, 0.06051063303526901, 0.003487345929808505, 0.003610977818811671, 0.025179859947338026, 0.003487345929808505], [0.8898881057399914, 0.0691204435373504, 0.003609989968242841, 0.005545282678757832, 0.028226188107414715, 0.003609989968242841], [0.8913607898354767, 0.06710065193611653, 0.003592786540216841, 0.004933481212413679, 0.029419503935559383, 0.003592786540216841], [0.8693639611002624, 0.07457360763577012, 0.005374337177683682, 0.007118645926787373, 0.03980176686210671, 0.0037676812973898408], [0.8582468304143772, 0.08113811449406544, 0.005264856076075605, 0.00796999504315485, 0.043495541850880996, 0.003884662121445693], [0.854882873673635, 0.075436520927133, 0.0066314517899085474, 0.009492350948392533, 0.04968359155311535, 0.0038732111078155287], [0.838440468389875, 0.0923284994978678, 0.005023291094588479, 0.010538710564280943, 0.04957347560759409, 0.004095554845793869], [0.8302314458588163, 0.08522752928071992, 0.00920953122387353, 0.013429123400835324, 0.05780638154633802, 0.004095988689417032], [0.7958276316716689, 0.10379037644587794, 0.006865404453571734, 0.014179596686081087, 0.07480373631366909, 0.004533254429131184], [0.8064505001188487, 0.10532640120896511, 0.009655059439794757, 0.019083444278994867, 0.05511291587383768, 0.0043716790795587665], [0.793948350097912, 0.11316321255935728, 0.011544223638924005, 0.020289776086723776, 0.05654282265346258, 0.0045116149636204835], [0.7581253203695217, 0.1055410211092386, 0.02323162319713841, 0.026468312638688707, 0.08187896299340611, 0.004754759692006169], [0.8028759173148493, 0.07437067993272418, 0.01701257126365918, 0.023501211397202265, 0.07798179195000673, 0.0042578281415581905]], [[0.7936317063084546, 0.09334464064807434, 0.018306588075639393, 0.020717521825387462, 0.06960758638322602, 0.004391956759218318], [0.7223013322473671, 0.20640403615019384, 0.034713125738926064, 0.007781029564959743, 0.02569084810677848, 0.0031096281917747932], [0.13662526981512488, 0.32818164508439085, 0.06494898274990955, 0.013159574811087824, 0.4536864662183127, 0.003398061321174152], [0.7113784150270822, 0.23477930190126461, 0.022234243069946456, 0.006507670159217887, 0.02193093673906623, 0.0031694331034225836], [0.20931395269856062, 0.42164931046995063, 0.02631136823415391, 0.012373519815664279, 0.3269205988340186, 0.003431249947652086], [0.6397502076013589, 0.30829520283788303, 0.018274475197381887, 0.006682855512566627, 0.023757051879654666, 0.0032402069711548755], [0.6676316691111698, 0.2856319630792635, 0.015407999098112654, 0.006717717586674708, 0.021352564055858513, 0.0032580870689209243], [0.2347144070244725, 0.4443363255582136, 0.022308141670062738, 0.012130846234837084, 0.28305112952763367, 0.003459149984780405], [0.2182542698485733, 0.40965226978441815, 0.024670805365095316, 0.009750753465877938, 0.3342425846909115, 0.0034293168451238116], [0.17978540764428097, 0.3442357060690906, 0.014181561396408186, 0.008481939050678268, 0.44973931836822634, 0.0035760674713156563], [0.7712156144734345, 0.19714700715764735, 0.01089053973258935, 0.005468282178190222, 0.012129291588735535, 0.0031492648694031755], [0.7728118659104808, 0.19649279559261243, 0.010890130450765038, 0.005468076672442967, 0.01118744433394067, 0.0031496870397581234], [0.7043246645247615, 0.25614028071958217, 0.014189049794846831, 0.006704553399100154, 0.015380964050964247, 0.0032604875107450373], [0.7722057038845033, 0.19601142963269236, 0.010763675830551682, 0.0054045821567402, 0.012465930587155552, 0.0031486779083569087], [0.7704704202506905, 0.20014551027219954, 0.010787782982337875, 0.005416686672376362, 0.010023458583365785, 0.0031561412390300543], [0.7599337162036556, 0.21002743103052693, 0.010941141765140274, 0.00549369011935501, 0.010438428226742982, 0.003165592654579379], [0.8070595221024577, 0.17147881007235566, 0.007424919580168192, 0.003903782816249221, 0.006937820950821172, 0.00319514447794806], [0.7445258172284911, 0.2250465630202399, 0.011005848492157999, 0.005526180211751552, 0.010711039903736827, 0.003184551143622602], [0.19690157781783932, 0.439093306444255, 0.013788296568642082, 0.0068209775001634295, 0.33946800537824695, 0.003927836290853208], [0.737909849392808, 0.23121266890250694, 0.01103574581447948, 0.005541192047605466, 0.011107739116549987, 0.003192804726050212], [0.2378674255242836, 0.535403554662885, 0.016970908123057647, 0.008062965422934852, 0.19793203082944183, 0.0037631154373971797], [0.6733642644330237, 0.28860127607850655, 0.014247884845679508, 0.006732353903415088, 0.01378077011774572, 0.0032734506216295133], [0.2594952597233653, 0.5126046362673267, 0.016935402483883606, 0.008046096511801538, 0.19916486450713183, 0.00375374050649116], [0.7506875403839468, 0.21780504584508642, 0.010970515612627385, 0.005508439111660505, 0.011854863729466283, 0.003173595317212578], [0.7672707717733196, 0.20310932211519814, 0.010916339605963587, 0.005481236631434603, 0.010064208610147661, 0.0031581212639362477], [0.7801417663729713, 0.18991870728847524, 0.01074946570110769, 0.005397447065229921, 0.010648361499999289, 0.003144252072216597], [0.1501490397336311, 0.289477322764385, 0.00986869797344728, 0.006018203487095245, 0.5402149241191561, 0.004271811922285284], [0.781758826072377, 0.18602883614821897, 0.010727337556453602, 0.005386336234911175, 0.012960878123337837, 0.003137785864701475], [0.17043722124195645, 0.3554090187270809, 0.013490882708681668, 0.007429115468880347, 0.4496497399400243, 0.0035840219133762936], [0.7599765822227262, 0.20524745876860204, 0.010910581058458818, 0.00547834518955332, 0.015232007100900629, 0.003155025659758855], [0.8340165476909344, 0.1205677688484961, 0.004356962218071679, 0.006051038033033442, 0.03065072099139272, 0.004356962218071679], [0.6959784630352353, 0.2629101922560775, 0.014196775224906978, 0.006708203788598969, 0.016947052242245828, 0.0032593134529354554], [0.8020978574890453, 0.13729521442344408, 0.00658448282836997, 0.008466428506747574, 0.040850910704747445, 0.004705106047645703], [0.6772909137068291, 0.275586326908674, 0.014190212668949062, 0.006705102875747821, 0.022972543881452475, 0.0032548999583476208], [0.6343484066438656, 0.29636252948792485, 0.025241391940993514, 0.008408465416499037, 0.03241162898917122, 0.0032275775215456315], [0.6447171762164003, 0.29202849784051566, 0.022630818339936475, 0.008113675472910474, 0.029276193092951038, 0.003233639037286062], [0.6220672765914965, 0.29770251440976697, 0.047783980642170376, 0.008471455262884337, 0.02078021002316969, 0.003194563070512205], [0.6836750666407074, 0.24943209918432713, 0.0313940081458674, 0.008310349623809252, 0.02400961217278676, 0.0031788642325020476], [0.6951995899557398, 0.2139755376137667, 0.05457179843233378, 0.008393334820214319, 0.024760785228618427, 0.003098953949327048], [0.7604995565711585, 0.10568311372321954, 0.025105975743736807, 0.025343889947222056, 0.0786453126868542, 0.00472215132780894]], [[0.7957598382138704, 0.11171703084229734, 0.008065150927893098, 0.017294561037785455, 0.06263418440880113, 0.004529234569352693], [0.7522777623721225, 0.20716583469963573, 0.017501613255392665, 0.005475462039911807, 0.014434263556363498, 0.0031450640765738947], [0.14604761626932952, 0.5683262377933019, 0.0035627822590022155, 0.008321976680653004, 0.27017860473871114, 0.0035627822590022155], [0.5603285701667059, 0.409910328364496, 0.0030538197423371476, 0.006759022419794412, 0.01689443956432961, 0.0030538197423371476], [0.5425160750503588, 0.43133871837717347, 0.003064835769472686, 0.0067804766461554995, 0.013235058387366844, 0.003064835769472686], [0.20851930396094936, 0.6373248357995894, 0.0032982680006862666, 0.007415086114242417, 0.14014423812384644, 0.0032982680006862666], [0.3259033909207926, 0.6332157194369881, 0.0031213997307594716, 0.007877362125275459, 0.026760728055425002, 0.0031213997307594716], [0.20120169813882188, 0.64878606562486, 0.0033085114959664607, 0.0074363530248702766, 0.13595886021951517, 0.0033085114959664607], [0.24015515821353337, 0.6088857103879598, 0.003363631349247784, 0.0075569130589693044, 0.13667495564104187, 0.003363631349247784], [0.6223597598354476, 0.3554927003029552, 0.003069767974958129, 0.006787211193638476, 0.00922079271804246, 0.003069767974958129], [0.6739715195652893, 0.30448238877985107, 0.0030631655920239937, 0.005947084289515864, 0.00947267618129564, 0.0030631655920239937], [0.22548070910471135, 0.6357457062590794, 0.003392321362336666, 0.007619014835060681, 0.12436992707647518, 0.003392321362336666], [0.5824200768737897, 0.39581500269668773, 0.0030692865493192173, 0.006783252852214257, 0.008843094478669863, 0.0030692865493192173], [0.19348145194032645, 0.6652331617646483, 0.0034315419216761982, 0.007620021048992845, 0.12680228140268, 0.0034315419216761982], [0.6790362877697742, 0.3014465543527968, 0.0030684339177884873, 0.0058889425752005516, 0.0074913474666516225, 0.0030684339177884873], [0.6896942847717981, 0.29071969557945265, 0.0030571039878681977, 0.0059292231392696374, 0.0075425885337431905, 0.0030571039878681977], [0.6811884767960178, 0.29918740491079665, 0.0030624863577189223, 0.005941253356464965, 0.007557892221282784, 0.0030624863577189223], [0.6803866592554324, 0.2999858838849716, 0.0030630257702306887, 0.005942247915418508, 0.00755915740371612, 0.0030630257702306887], [0.6586476395919538, 0.321622611917009, 0.003079700528221104, 0.005972590767306491, 0.007597756667288373, 0.003079700528221104], [0.5617329157345825, 0.4165149198397042, 0.003069133228259531, 0.006777848699445658, 0.008836049269748557, 0.003069133228259531], [0.5030561735811698, 0.4750264272187791, 0.0030921613831613355, 0.006829582968648556, 0.008903493465079834, 0.0030921613831613355], [0.21170552697463116, 0.7182367733749045, 0.0035808492527424833, 0.008038132753110407, 0.054857868391868986, 0.0035808492527424833], [0.5309379919440173, 0.4472417866679699, 0.003078277473989064, 0.006799452732341609, 0.008864213707693228, 0.003078277473989064], [0.5901450435523476, 0.38812291105699626, 0.003066538765173596, 0.006771367677263375, 0.008827600183045625, 0.003066538765173596], [0.682432658302425, 0.2979452967752879, 0.0030616575375311825, 0.005941070384857519, 0.007557659462367173, 0.0030616575375311825], [0.7182607194010447, 0.262127112405918, 0.0030445046902001323, 0.005844701463845378, 0.007678457348791426, 0.0030445046902001323], [0.7100558788225076, 0.2705527734556218, 0.0030488048349521873, 0.005850849253111564, 0.007442888798854548, 0.0030488048349521873], [0.7001697637315546, 0.28026635007157863, 0.0030538420070968407, 0.005862594978517651, 0.007593607204155644, 0.0030538420070968407], [0.17398088547168203, 0.5693616668730296, 0.0036231068809097914, 0.0070247449527949335, 0.2423864889406738, 0.0036231068809097914], [0.1980992133234116, 0.6573326142624847, 0.0033877112403218387, 0.00760858064335169, 0.13018416929010826, 0.0033877112403218387], [0.6719142262684488, 0.29194440653670845, 0.014264730714746833, 0.006740313846494374, 0.011857956874572403, 0.0032783657590290997], [0.5507254133212734, 0.4244310244838087, 0.003065116029033658, 0.0067776832558745365, 0.011935646880975932, 0.003065116029033658], [0.6556682068492805, 0.3050585502639176, 0.014286927137338389, 0.006750802011853279, 0.014954975288093496, 0.0032805384495168425], [0.8072842469841007, 0.1583421939731925, 0.004927761833305075, 0.004927761833305075, 0.01959027354279141, 0.004927761833305075], [0.5444783804762804, 0.34883100756273083, 0.024241505800034042, 0.0096845446239862, 0.06916951335750512, 0.0035950481794635026], [0.6228768425807386, 0.3327153715279766, 0.014358928124959343, 0.0067848236322769345, 0.019969491804388683, 0.0032945423296599653], [0.5189754833072978, 0.45135653051228086, 0.0030670644090119254, 0.007043157523476275, 0.016490699838921177, 0.0030670644090119254], [0.1461915331435411, 0.6862391935035583, 0.003303397263731081, 0.008607305483542502, 0.15235517334189597, 0.003303397263731081], [0.6787990464647782, 0.25459913444668136, 0.03210268756914143, 0.008498963019157956, 0.022812862355534598, 0.003187306144706474], [0.7817579757557485, 0.12142374112981916, 0.010151767249698674, 0.02097024037992721, 0.06101618895404424, 0.004680086530762191]], [[0.7954782871719036, 0.11248878608983906, 0.007109702523209404, 0.017724144205377063, 0.06265814213756861, 0.00454093787210237], [0.7393919916883447, 0.22180797409910732, 0.015368883330569703, 0.0055932940404865355, 0.014670418122946281, 0.003167438718545419], [0.6308559309264169, 0.3423720995664112, 0.003090454510948292, 0.006006710236444381, 0.014584350248831084, 0.003090454510948292], [0.5244226841878751, 0.44583241161888737, 0.0030645174917590685, 0.00678190671386818, 0.016833962495851385, 0.0030645174917590685], [0.5418550609506133, 0.43298287348288034, 0.0030670333011082397, 0.0067837646378296245, 0.012244234326460355, 0.0030670333011082397], [0.170974327632053, 0.659534467311388, 0.0032810103765173048, 0.007374776124732263, 0.15555440817879215, 0.0032810103765173048], [0.25704879350570387, 0.5991358754897229, 0.0033813084998281376, 0.007597941190371581, 0.12945477281454545, 0.0033813084998281376], [0.5797580494518919, 0.3937287172279177, 0.0030574769254596177, 0.006761812048252785, 0.01363646742101848, 0.0030574769254596177], [0.5967333563186342, 0.38105907197180583, 0.003065812578462408, 0.006778564697393305, 0.009297381855241892, 0.003065812578462408], [0.7001016192893762, 0.27744533618230144, 0.003045229450075438, 0.005912445329199831, 0.010450140298971577, 0.003045229450075438], [0.6188021755791653, 0.35843749677326214, 0.003067788977427487, 0.006782537159252713, 0.009842212533464926, 0.003067788977427487], [0.5799618985235886, 0.39827027036270485, 0.0030688229129572377, 0.00678491887381171, 0.008845266413980363, 0.0030688229129572377], [0.5463157185427956, 0.42927047735085083, 0.0031002372094484846, 0.00887523909992731, 0.00933809058752934, 0.0031002372094484846], [0.5532824812165069, 0.425165832169461, 0.00306482673916037, 0.006694562175552989, 0.008727470960158372, 0.00306482673916037], [0.5941078771503354, 0.38433501104360435, 0.003065932321581696, 0.006695957355075511, 0.008729289807821256, 0.003065932321581696], [0.6757249579421204, 0.30462717451392873, 0.0030662689426994975, 0.005948376305383914, 0.00756695335316812, 0.0030662689426994975], [0.694355452282441, 0.28607513385800526, 0.0030544143816945667, 0.0059242820904457545, 0.007536303005718978, 0.0030544143816945667], [0.2037521459336961, 0.6132178697528509, 0.0038331129596779773, 0.007426870523992748, 0.16793688787010433, 0.0038331129596779773], [0.5934469156305405, 0.38481613586307656, 0.003066601355711153, 0.006773441734505782, 0.008830304060454939, 0.003066601355711153], [0.5551456192378518, 0.4230898769321903, 0.0030705370724234383, 0.006781986329168723, 0.008841443355942304, 0.0030705370724234383], [0.22482657326205474, 0.7093280680899476, 0.003587440330765778, 0.008052556617183921, 0.05061792136928218, 0.003587440330765778], [0.35680786947405907, 0.6134316893005352, 0.0031979560226776263, 0.00806229045344517, 0.015302238726605496, 0.0031979560226776263], [0.492752980214023, 0.4852810283060814, 0.003098619343426561, 0.006845069746265232, 0.00892368304677731, 0.003098619343426561], [0.6005773242813358, 0.37768389904265987, 0.0030670072540579987, 0.0067738829325935035, 0.008830879235294877, 0.0030670072540579987], [0.6328156916172794, 0.3453967348871293, 0.0030733517015533833, 0.006789557048707675, 0.008851313043776898, 0.0030733517015533833], [0.7051721138750725, 0.2754211490018576, 0.0030513387892579635, 0.005855391955620224, 0.007448667588933657, 0.0030513387892579635], [0.7160322709934456, 0.26459315919100773, 0.0030459924687093057, 0.005845940510471574, 0.007436644367656426, 0.0030459924687093057], [0.7038909457756684, 0.2766935578616008, 0.0030520350891792844, 0.0058586341662694025, 0.007452792018102885, 0.0030520350891792844], [0.6091422814757393, 0.36911010985956905, 0.003067968898235909, 0.006776881935510563, 0.008834788932709255, 0.003067968898235909], [0.6021115444578207, 0.3761429654779415, 0.0030671374311505096, 0.00677668413499144, 0.008834531066945343, 0.0030671374311505096], [0.2517995523552052, 0.6385181479649271, 0.003461105906760881, 0.007772500217659408, 0.09498758764868656, 0.003461105906760881], [0.4053793722338541, 0.5567291104669192, 0.0032168876337433402, 0.008114368042575613, 0.02334337398916429, 0.0032168876337433402], [0.529825885740314, 0.4428243759612956, 0.0030574061579435887, 0.0067613969084281125, 0.014473529074075196, 0.0030574061579435887], [0.6720563706690303, 0.29025111418227123, 0.014253424714260261, 0.006734971580092575, 0.013429296498203111, 0.003274822356142404], [0.8174227173826117, 0.14067012832849604, 0.00466143403792216, 0.005774370795996292, 0.026809915417051654, 0.00466143403792216], [0.8539579378874046, 0.11642927643386042, 0.004214923398406877, 0.004970616100581726, 0.016212322781339526, 0.004214923398406877], [0.19218886046140463, 0.5392392419226311, 0.042753540341389756, 0.011300457478951795, 0.21097969071051279, 0.0035382090851099096], [0.4817580428780527, 0.4903533188917961, 0.0030714354056830193, 0.006801426181655613, 0.014944341237129644, 0.0030714354056830193], [0.14800575682178246, 0.4458746830291978, 0.07518181817839299, 0.014750374947222665, 0.3129253682070395, 0.0032619988163646862], [0.818738870833663, 0.10728622645282244, 0.007748207689663893, 0.0168193688092417, 0.045111212572652035, 0.004296113641956818]], [[0.8477383685373802, 0.08264446263385035, 0.003985484694923141, 0.009565283522454393, 0.05208091591646907, 0.003985484694923141], [0.7483056120179125, 0.21423738879139406, 0.010959584954801413, 0.005502950685663877, 0.017830610454186834, 0.0031638530960413367], [0.5752564930257735, 0.4017173218810504, 0.003064531377749635, 0.006778181623162679, 0.01011894071451416, 0.003064531377749635], [0.21089623372830352, 0.6405801099956691, 0.0033095828070180216, 0.007439008616488481, 0.13446548204550304, 0.0033095828070180216], [0.5383205187989367, 0.4342292805982306, 0.003095603650913507, 0.006844423121229707, 0.014414570179775935, 0.003095603650913507], [0.26336653441048347, 0.5966304838388519, 0.0033911630503754577, 0.00761568702464389, 0.12560496862526974, 0.0033911630503754577], [0.2804568610171444, 0.5754857573583919, 0.0033886043200719003, 0.007609650786795031, 0.12967052219752484, 0.0033886043200719003], [0.26354033229257007, 0.5770280448943915, 0.003349925081421518, 0.007522804946037898, 0.1452089677041576, 0.003349925081421518], [0.3085755620595994, 0.5447821642853742, 0.003400816903804491, 0.007635867063874157, 0.1322047727835432, 0.003400816903804491], [0.6311090850820597, 0.34710068141244, 0.0030728255642906775, 0.006791168517046688, 0.008853413859872322, 0.0030728255642906775], [0.2981313794785057, 0.5753180501282451, 0.0033818974234534308, 0.007592458155935725, 0.1121943173904068, 0.0033818974234534308], [0.3346510903353168, 0.5921642049312889, 0.003531394135315903, 0.007926809794660481, 0.05819510666810198, 0.003531394135315903], [0.39855691214618266, 0.5751006722184047, 0.003224957087608298, 0.008129473482766299, 0.011763027977429853, 0.003224957087608298], [0.5342970458945547, 0.44255337718740817, 0.00309765172428023, 0.006763590028369668, 0.01019068344110695, 0.00309765172428023], [0.5927430775453267, 0.38570864562861545, 0.003065703065771124, 0.006692321207500401, 0.008724549487015136, 0.003065703065771124], [0.2977799073997171, 0.6212843155527918, 0.003546221668226117, 0.007959274801510787, 0.06588405890952802, 0.003546221668226117], [0.7054534027936807, 0.275020658312443, 0.0030487725673160318, 0.0059101140168127805, 0.007518279742431495, 0.0030487725673160318], [0.7143906094138631, 0.2661090146976125, 0.0030450084505207913, 0.005902176540500379, 0.007508182446982406, 0.0030450084505207913], [0.6772569220633643, 0.30311406955097636, 0.003065193551320031, 0.005941022603503792, 0.0075575986795154764, 0.003065193551320031], [0.590376539311939, 0.3878988713857807, 0.00306654650609797, 0.006768124337731551, 0.008823371952352888, 0.00306654650609797], [0.5416309248015762, 0.4365882045999458, 0.0030743716675613367, 0.006785761867442967, 0.008846365395912563, 0.0030743716675613367], [0.4967592414609494, 0.48130670046302715, 0.0030960372941811654, 0.006833449438381704, 0.00890853404927949, 0.0030960372941811654], [0.5563529696964261, 0.42189337093353596, 0.0030702647754701383, 0.006777515252593197, 0.008835614566504528, 0.0030702647754701383], [0.400433195702836, 0.4346030888807746, 0.015206115463227405, 0.015206115463227405, 0.019669896240705424, 0.11488158824922924], [0.7204218602476322, 0.26008908370326256, 0.003042865838527386, 0.0058990804606553595, 0.007504243911395183, 0.003042865838527386], [0.7321880281618643, 0.2484889934008825, 0.0030400113402517855, 0.005828498913961143, 0.007414456842788549, 0.0030400113402517855], [0.7211734117728295, 0.25947649011759216, 0.003043836799864459, 0.00583706751513927, 0.0074253569947103585, 0.003043836799864459], [0.2627871687094227, 0.5630939878769774, 0.0038988408651934006, 0.00746919638991704, 0.15885196529329595, 0.0038988408651934006], [0.23702371522269008, 0.6297424596021141, 0.003990346370257473, 0.007730206383023541, 0.11752292605165737, 0.003990346370257473], [0.23249341828792774, 0.6683865932447446, 0.003490301337256592, 0.007834330135083039, 0.08430505565773137, 0.003490301337256592], [0.5665768362413367, 0.4116765796702838, 0.003068291407914417, 0.006776157179472232, 0.008833844093078387, 0.003068291407914417], [0.5722171023916053, 0.4060332801820217, 0.0030676552105051566, 0.006778026258263325, 0.008836280747099374, 0.0030676552105051566], [0.2613798395572235, 0.5973636653629031, 0.0033878913287017686, 0.0076067501215248854, 0.12687396230094497, 0.0033878913287017686], [0.6875368197087927, 0.2776063976992015, 0.01424083809540194, 0.00672902420098898, 0.010612369145232114, 0.0032745511503829454], [0.8467317638665361, 0.11651214788136749, 0.004251877738720684, 0.004251877738720684, 0.024000455035934322, 0.004251877738720684], [0.8290058954244403, 0.13553073269599591, 0.004548093455322512, 0.004548093455322512, 0.021819091513596418, 0.004548093455322512], [0.5216384410620438, 0.38270226839198496, 0.029880862011704683, 0.009279985538563601, 0.05288037897163189, 0.0036180640240711295], [0.4911560034609763, 0.4827934383010811, 0.0030709083355668384, 0.0067935131222946876, 0.013115228444514048, 0.0030709083355668384], [0.6427726244471306, 0.28628625550644116, 0.0343458730235463, 0.009928163302056979, 0.023419230743401253, 0.003247852977423586], [0.8338715104874876, 0.09531630969572498, 0.0053355716827164544, 0.01187145072741262, 0.04946482944164145, 0.004140327965016996]], [[0.849279607056964, 0.07897357136201466, 0.003966653617062109, 0.008617888716639033, 0.055195625630257865, 0.003966653617062109], [0.6901011063613227, 0.26844821683415787, 0.014208566249892975, 0.006713775236848975, 0.017268083620696376, 0.0032602516970810613], [0.5814981572109325, 0.3933630389688806, 0.0030628647701523366, 0.006775263849384101, 0.01223781043049822, 0.0030628647701523366], [0.5174619284532835, 0.45584327099882666, 0.003061005931221117, 0.0067709163427922, 0.013801872342655164, 0.003061005931221117], [0.3970191420845605, 0.5646847182846222, 0.0032043805562039927, 0.008080883380637012, 0.02380649513777211, 0.0032043805562039927], [0.5845216725767168, 0.3902598119419065, 0.0030597163610733727, 0.006764581196637422, 0.012334501562592378, 0.0030597163610733727], [0.3256002362047037, 0.5375344337195422, 0.0034349364261228406, 0.007713256567291257, 0.12228220065621724, 0.0034349364261228406], [0.6307487790864889, 0.34447135955163544, 0.003067371058834465, 0.006781108629505555, 0.011864010614701374, 0.003067371058834465], [0.6262592461414602, 0.35183155186926723, 0.003071213605491847, 0.00678884437491482, 0.008977930403374112, 0.003071213605491847], [0.6290518260154592, 0.34916222753526677, 0.003072223495895181, 0.006789830250232917, 0.008851669207250685, 0.003072223495895181], [0.2701686549886846, 0.5985840455140214, 0.003412671392636322, 0.007661200538454972, 0.11676075617356636, 0.003412671392636322], [0.33119028466435235, 0.5694662285591326, 0.003467930005072832, 0.007784371944795383, 0.0846232548215739, 0.003467930005072832], [0.3240544192350444, 0.6106842263732326, 0.003541792205779444, 0.007949572781482157, 0.05022819719868202, 0.003541792205779444], [0.5922104141528338, 0.3862514843474346, 0.003064089017990954, 0.006689305478776417, 0.008720617984973316, 0.003064089017990954], [0.239162770385758, 0.6409437327027544, 0.003471045701731817, 0.007704712784557526, 0.10524669272346644, 0.003471045701731817], [0.7026370587622768, 0.2778307788057286, 0.0030501060171654426, 0.005911679366991831, 0.007520271030671872, 0.0030501060171654426], [0.7219559286134156, 0.2585610239010878, 0.0030423747756645344, 0.0058968682213124575, 0.007501429712855217, 0.0030423747756645344], [0.7184003502738027, 0.26210872533580465, 0.0030435489006671547, 0.005899301496754747, 0.007504525092303647, 0.0030435489006671547], [0.6956369190773307, 0.28480773311172286, 0.0030537151658915187, 0.005918706810025686, 0.0075292106691377675, 0.0030537151658915187], [0.27792686765608504, 0.6238324834478894, 0.0041152225273791065, 0.007971091533099712, 0.08203911230816764, 0.0041152225273791065], [0.5466504172352291, 0.43162385787335406, 0.0030667313839865466, 0.006768456778909885, 0.008823805344533994, 0.0030667313839865466], [0.26252379066850484, 0.6846108307310267, 0.0035459071467034533, 0.007958125386402943, 0.03781543892065874, 0.0035459071467034533], [0.5592722828499093, 0.4189799188438935, 0.0030696300971360057, 0.006775522034977162, 0.008833016076948093, 0.0030696300971360057], [0.4311381791481153, 0.39962136189163283, 0.015145738542793294, 0.015145738542793294, 0.024524553764730693, 0.11442442810993445], [0.7042772385142252, 0.276193383416938, 0.003049320367329845, 0.005911145472645028, 0.007519591861532198, 0.003049320367329845], [0.29157191044535447, 0.535354611550542, 0.003917983303822631, 0.007505744696556326, 0.157731766699902, 0.003917983303822631], [0.8062419313279054, 0.17930252455207377, 0.003100899490667983, 0.0038913140097643372, 0.004362431128920535, 0.003100899490667983], [0.7278557273362852, 0.2528148597057566, 0.0030413859917243174, 0.005830120854569091, 0.007416520119940473, 0.0030413859917243174], [0.7047420607650828, 0.27572973770907994, 0.003049102293112303, 0.005910819609673459, 0.007519177329939239, 0.003049102293112303], [0.6828899743614475, 0.29750170935116194, 0.0030613671837692448, 0.0059352837099021635, 0.007550298209949855, 0.0030613671837692448], [0.2576001244704071, 0.6183885582449493, 0.0034265971708823616, 0.007691931969589239, 0.1094661909732895, 0.0034265971708823616], [0.6257694426318645, 0.3524648056270341, 0.003071334064001704, 0.006781836102508621, 0.008841247510589427, 0.003071334064001704], [0.6375666719022396, 0.3406308520864499, 0.00307491472605868, 0.006794669103988335, 0.00885797745520486, 0.00307491472605868], [0.6867785478329536, 0.29250260245987514, 0.003056342267395446, 0.0059325539307824695, 0.008673611241597901, 0.003056342267395446], [0.6990856656501818, 0.26506840515015184, 0.014217393344627155, 0.006717946180559787, 0.011641728232645789, 0.0032688614418336687], [0.8552848438125068, 0.11476068854670708, 0.004192682917278772, 0.004192682917278772, 0.017376418888949783, 0.004192682917278772], [0.8100171755119332, 0.1501705864941803, 0.004808471564681348, 0.006149273156884706, 0.02404602170763913, 0.004808471564681348], [0.6362989537660224, 0.32305140487534767, 0.015278397033553387, 0.006857189856693064, 0.015181472007037781, 0.003332582461345867], [0.16281967391965554, 0.4197879923504404, 0.057823217857963384, 0.01326031538702587, 0.34296546020842344, 0.0033433402764913855], [0.8476227705649113, 0.08439144602364224, 0.006100145709182517, 0.01016660286732463, 0.04774748239846478, 0.003971552436474561]], [[0.8470411902613595, 0.08519411121499791, 0.004003614883822578, 0.009204799751309592, 0.050552669004687883, 0.004003614883822578], [0.20322427910197904, 0.3619336721814339, 0.014924307742400632, 0.009266534950596825, 0.406957700359263, 0.003693505664326698], [0.5891952471693884, 0.3888124499495675, 0.003066026657292032, 0.00678033003890083, 0.009079919527559162, 0.003066026657292032], [0.5545974815027969, 0.4198300931772747, 0.003059072986286604, 0.006766197052811073, 0.01268808229454397, 0.003059072986286604], [0.5763698666037311, 0.3982177253236583, 0.0030956931144458084, 0.008862068592619317, 0.010358953251099699, 0.0030956931144458084], [0.591630754066018, 0.3858690942089843, 0.0030700211214934434, 0.006786838608878261, 0.009573270873132542, 0.0030700211214934434], [0.6373792024573582, 0.3399996737503866, 0.0030733604177233622, 0.006793990338189293, 0.009680412618619155, 0.0030733604177233622], [0.3674078226531967, 0.5202387625028972, 0.0034215281996683783, 0.0076815819574849765, 0.09782877648708432, 0.0034215281996683783], [0.45042386307595095, 0.520486623635026, 0.0033023950075250297, 0.008324956323381452, 0.01415976695059166, 0.0033023950075250297], [0.6131133413319415, 0.3634737370423255, 0.0031060574875467232, 0.006861939580224708, 0.010338867070414842, 0.0031060574875467232], [0.3482520974447794, 0.5634082466591194, 0.003563371571081882, 0.007997946116703177, 0.07321496663723433, 0.003563371571081882], [0.6446067248863736, 0.3335825261538159, 0.0030775388429160016, 0.006795982104701899, 0.008859689169276793, 0.0030775388429160016], [0.33367229892064876, 0.597087223600163, 0.0035401599320599567, 0.007945571879040023, 0.05421458573602844, 0.0035401599320599567], [0.305317250109453, 0.6158789667842901, 0.0035936765971572703, 0.00797636772906564, 0.06364006218287685, 0.0035936765971572703], [0.7088216756554039, 0.2717971290272887, 0.0030494351748178027, 0.005845826118500486, 0.007436498849171253, 0.0030494351748178027], [0.714639274995113, 0.26586253962558365, 0.0030449148049611395, 0.005901294882753804, 0.0075070608866272285, 0.0030449148049611395], [0.7186798763193355, 0.2618319874565468, 0.003043453838561977, 0.005898158044671255, 0.0075030705023225895, 0.003043453838561977], [0.7083714765084785, 0.27211515381453893, 0.0030474688238547347, 0.005905729653277563, 0.0075127023759955, 0.0030474688238547347], [0.6869502260058216, 0.2934643816140169, 0.003058783421636488, 0.005927468758261529, 0.007540356778627088, 0.003058783421636488], [0.5855793945740058, 0.39269772232459976, 0.003066581543620074, 0.006767353272778686, 0.008822366741375806, 0.003066581543620074], [0.30153978459838116, 0.6538246913524366, 0.0035697386133338223, 0.00801139275829803, 0.02948465406421653, 0.0035697386133338223], [0.26169001241063183, 0.6949868926028283, 0.003574107181734495, 0.008021205539093072, 0.028153675083977876, 0.003574107181734495], [0.579666496830348, 0.39697691628809023, 0.0031006704627059975, 0.006843763994673904, 0.010311481961475926, 0.0031006704627059975], [0.4430762176961888, 0.39581207790579537, 0.015267205745367902, 0.015267205745367902, 0.015267205745367902, 0.11531008716191213], [0.718161881848868, 0.26234469674062355, 0.0030436304729678206, 0.005900328683672171, 0.007505831780900684, 0.0030436304729678206], [0.7411462945356362, 0.23954966375678569, 0.003037722473898504, 0.0058221792222114925, 0.007406417537569623, 0.003037722473898504], [0.7510502169300741, 0.22965601845092856, 0.0030360605680195586, 0.005819118941171915, 0.007402524541786366, 0.0030360605680195586], [0.8057479781090306, 0.17979425391719198, 0.003101802449443001, 0.0038915110501367227, 0.004362652024754691, 0.003101802449443001], [0.722428025834323, 0.25809077880788966, 0.0030422279061521336, 0.005896182342198916, 0.007500557203284262, 0.0030422279061521336], [0.307313900588321, 0.5655435137427265, 0.004031446431189065, 0.007809147685230768, 0.11127054512134384, 0.004031446431189065], [0.7068843043320917, 0.2735934022581684, 0.0030481221500298257, 0.0059090820880132134, 0.007516967021667166, 0.0030481221500298257], [0.656936040487941, 0.3212183666770441, 0.0030829919045269618, 0.006806373261443231, 0.008873235764517786, 0.0030829919045269618], [0.2542869529315672, 0.5472706563626195, 0.0037828410534559084, 0.0073291137550490475, 0.18354759484385227, 0.0037828410534559084], [0.2023797366585932, 0.5541509607346852, 0.0036489958910215594, 0.0070698812786511335, 0.22910142954602744, 0.0036489958910215594], [0.24172032767364351, 0.5575398147911793, 0.003772790101664212, 0.007310591497738865, 0.18588368583411, 0.003772790101664212], [0.22887129393675212, 0.5081147653664295, 0.016532179327627787, 0.0078545231237988, 0.2349562378820946, 0.0036710003632972514], [0.668430088407796, 0.2964474813512363, 0.014283804093912788, 0.006749326323789779, 0.01080673206343675, 0.0032825677598282586], [0.796453546294721, 0.169256118423333, 0.005118287937903522, 0.005118287937903522, 0.018935471468235657, 0.005118287937903522], [0.7485172234450765, 0.21547041426894387, 0.010956249648423047, 0.00550127598478812, 0.016388399078159314, 0.0031664375746090663], [0.8567844616868268, 0.0814910461769104, 0.004381375379820451, 0.009343896833512274, 0.04410246616362979, 0.0038967537593005337]], [[0.8493864722544485, 0.08129669997500777, 0.003977629910901185, 0.007910130182070098, 0.05345143776667116, 0.003977629910901185], [0.7499362607563831, 0.21536885321314655, 0.01095890404739906, 0.0055026087931677545, 0.015066014413982587, 0.003167358775920999], [0.13900875031174728, 0.5642101950726933, 0.003538983713672878, 0.00686365456728493, 0.28283943262092875, 0.003538983713672878], [0.5992096160580779, 0.3785869166150192, 0.0030659867962385358, 0.00677934404265788, 0.009292149691768064, 0.0030659867962385358], [0.613161536352778, 0.3650071221984778, 0.0030785856297790713, 0.006804012312701689, 0.008870157876484475, 0.0030785856297790713], [0.6411795707714042, 0.3366360066421993, 0.00307554194663076, 0.006798815178376851, 0.009234523514758163, 0.00307554194663076], [0.6428466359043458, 0.3343836692839347, 0.003075137944553374, 0.006797503722092149, 0.009821915200520592, 0.003075137944553374], [0.6312236065159521, 0.34698551681445367, 0.0030728597470366004, 0.00679141803180365, 0.008853739143717362, 0.0030728597470366004], [0.5954108033102388, 0.38280686037577916, 0.003072415239341796, 0.0067880966557784, 0.008849409179520188, 0.003072415239341796], [0.3053248208116358, 0.6098404462623271, 0.0035396735117356067, 0.007944942162775753, 0.06981044373979016, 0.0035396735117356067], [0.6493758190161314, 0.3288008670689121, 0.003079517258035548, 0.00679971881210956, 0.00886456058677589, 0.003079517258035548], [0.6405609282618347, 0.33764023044832353, 0.0030759907137225275, 0.006792157152428683, 0.008854702709968054, 0.0030759907137225275], [0.6200556656423117, 0.3581922926058313, 0.003069958573313893, 0.006777078898549856, 0.008835045706679385, 0.003069958573313893], [0.6111254994247204, 0.3673363533452957, 0.003063980387299021, 0.00668941964101717, 0.008720766814368695, 0.003063980387299021], [0.6948970027495094, 0.2856738122967443, 0.0030573669020806413, 0.005859965516066311, 0.007454485633518716, 0.0030573669020806413], [0.33160414390367465, 0.5726380363632401, 0.004154791960600543, 0.00804762106987494, 0.07940061474200936, 0.004154791960600543], [0.7184126605100406, 0.2620982054423019, 0.003043545741328539, 0.005898516310843423, 0.007503526254156979, 0.003043545741328539], [0.30595341916767255, 0.5883797910501405, 0.004101625321901479, 0.007944564857991221, 0.08951897428039277, 0.004101625321901479], [0.6302268434200446, 0.34800701465503614, 0.003072576429973824, 0.006780926878538928, 0.008840062186432796, 0.003072576429973824], [0.5583964705934495, 0.4198800672152194, 0.0030666034729723607, 0.0067675856117061705, 0.008822669633680068, 0.0030666034729723607], [0.5254896817056374, 0.4527650725072388, 0.003069347025051821, 0.006774659768002412, 0.00883189196901792, 0.003069347025051821], [0.3960933933654894, 0.5785845074292654, 0.003223417922870523, 0.008119770224532238, 0.010755493134971922, 0.003223417922870523], [0.5492120982271174, 0.4290623602235007, 0.0030666220351993766, 0.00676847212642254, 0.008823825352560728, 0.0030666220351993766], [0.46784067053320705, 0.36962341144204763, 0.01528876839465315, 0.01528876839465315, 0.016456549540319273, 0.11550183169511988], [0.6385232484557056, 0.33968731106635375, 0.0030752578114332184, 0.0067887126391387945, 0.0088502122159353, 0.0030752578114332184], [0.7222680378784304, 0.2583895879720422, 0.003043410214305597, 0.005834043538727089, 0.00742151018218921, 0.00304341021