{"prediction": [[[0.9852216748768479, 0.0029556650246305434, 0.0029556650246305434, 0.0029556650246305434, 0.0029556650246305434, 0.0029556650246305434], [0.9852216748768479, 0.0029556650246305434, 0.0029556650246305434, 0.0029556650246305434, 0.0029556650246305434, 0.0029556650246305434], [0.9852216748768479, 0.0029556650246305434, 0.0029556650246305434, 0.0029556650246305434, 0.0029556650246305434, 0.0029556650246305434], [0.9852216748768479, 0.0029556650246305434, 0.0029556650246305434, 0.0029556650246305434, 0.0029556650246305434, 0.0029556650246305434], [0.9852216748768479, 0.0029556650246305434, 0.0029556650246305434, 0.0029556650246305434, 0.0029556650246305434, 0.0029556650246305434], [0.9852216748768479, 0.0029556650246305434, 0.0029556650246305434, 0.0029556650246305434, 0.0029556650246305434, 0.0029556650246305434], [0.9852216748768479, 0.0029556650246305434, 0.0029556650246305434, 0.0029556650246305434, 0.0029556650246305434, 0.0029556650246305434], [0.9852216748768479, 0.0029556650246305434, 0.0029556650246305434, 0.0029556650246305434, 0.0029556650246305434, 0.0029556650246305434], [0.9852216748768479, 0.0029556650246305434, 0.0029556650246305434, 0.0029556650246305434, 0.0029556650246305434, 0.0029556650246305434], [0.9852216748768479, 0.0029556650246305434, 0.0029556650246305434, 0.0029556650246305434, 0.0029556650246305434, 0.0029556650246305434], [0.9852216748768479, 0.0029556650246305434, 0.0029556650246305434, 0.0029556650246305434, 0.0029556650246305434, 0.0029556650246305434], [0.9852216748768479, 0.0029556650246305434, 0.0029556650246305434, 0.0029556650246305434, 0.0029556650246305434, 0.0029556650246305434], [0.9852216748768479, 0.0029556650246305434, 0.0029556650246305434, 0.0029556650246305434, 0.0029556650246305434, 0.0029556650246305434], [0.9852216748768479, 0.0029556650246305434, 0.0029556650246305434, 0.0029556650246305434, 0.0029556650246305434, 0.0029556650246305434], [0.9852216748768479, 0.0029556650246305434, 0.0029556650246305434, 0.0029556650246305434, 0.0029556650246305434, 0.0029556650246305434], [0.9852216748768479, 0.0029556650246305434, 0.0029556650246305434, 0.0029556650246305434, 0.0029556650246305434, 0.0029556650246305434], [0.9852216748768479, 0.0029556650246305434, 0.0029556650246305434, 0.0029556650246305434, 0.0029556650246305434, 0.0029556650246305434], [0.9852216748768479, 0.0029556650246305434, 0.0029556650246305434, 0.0029556650246305434, 0.0029556650246305434, 0.0029556650246305434], [0.9852216748768479, 0.0029556650246305434, 0.0029556650246305434, 0.0029556650246305434, 0.0029556650246305434, 0.0029556650246305434], [0.9852216748768479, 0.0029556650246305434, 0.0029556650246305434, 0.0029556650246305434, 0.0029556650246305434, 0.0029556650246305434], [0.9852216748768479, 0.0029556650246305434, 0.0029556650246305434, 0.0029556650246305434, 0.0029556650246305434, 0.0029556650246305434], [0.9852216748768479, 0.0029556650246305434, 0.0029556650246305434, 0.0029556650246305434, 0.0029556650246305434, 0.0029556650246305434], [0.9852216748768479, 0.0029556650246305434, 0.0029556650246305434, 0.0029556650246305434, 0.0029556650246305434, 0.0029556650246305434], [0.9852216748768479, 0.0029556650246305434, 0.0029556650246305434, 0.0029556650246305434, 0.0029556650246305434, 0.0029556650246305434], [0.9852216748768479, 0.0029556650246305434, 0.0029556650246305434, 0.0029556650246305434, 0.0029556650246305434, 0.0029556650246305434], [0.9852216748768479, 0.0029556650246305434, 0.0029556650246305434, 0.0029556650246305434, 0.0029556650246305434, 0.0029556650246305434], [0.9852216748768479, 0.0029556650246305434, 0.0029556650246305434, 0.0029556650246305434, 0.0029556650246305434, 0.0029556650246305434], [0.9852216748768479, 0.0029556650246305434, 0.0029556650246305434, 0.0029556650246305434, 0.0029556650246305434, 0.0029556650246305434], [0.9852216748768479, 0.0029556650246305434, 0.0029556650246305434, 0.0029556650246305434, 0.0029556650246305434, 0.0029556650246305434], [0.9852216748768479, 0.0029556650246305434, 0.0029556650246305434, 0.0029556650246305434, 0.0029556650246305434, 0.0029556650246305434], [0.9852216748768479, 0.0029556650246305434, 0.0029556650246305434, 0.0029556650246305434, 0.0029556650246305434, 0.0029556650246305434], [0.9852216748768479, 0.0029556650246305434, 0.0029556650246305434, 0.0029556650246305434, 0.0029556650246305434, 0.0029556650246305434], [0.9852216748768479, 0.0029556650246305434, 0.0029556650246305434, 0.0029556650246305434, 0.0029556650246305434, 0.0029556650246305434], [0.9852216748768479, 0.0029556650246305434, 0.0029556650246305434, 0.0029556650246305434, 0.0029556650246305434, 0.0029556650246305434], [0.9852216748768479, 0.0029556650246305434, 0.0029556650246305434, 0.0029556650246305434, 0.0029556650246305434, 0.0029556650246305434], [0.9852216748768479, 0.0029556650246305434, 0.0029556650246305434, 0.0029556650246305434, 0.0029556650246305434, 0.0029556650246305434], [0.9852216748768479, 0.0029556650246305434, 0.0029556650246305434, 0.0029556650246305434, 0.0029556650246305434, 0.0029556650246305434], [0.9852216748768479, 0.0029556650246305434, 0.0029556650246305434, 0.0029556650246305434, 0.0029556650246305434, 0.0029556650246305434], [0.9852216748768479, 0.0029556650246305434, 0.0029556650246305434, 0.0029556650246305434, 0.0029556650246305434, 0.0029556650246305434], [0.9852216748768479, 0.0029556650246305434, 0.0029556650246305434, 0.0029556650246305434, 0.0029556650246305434, 0.0029556650246305434]], [[0.9852216748768479, 0.0029556650246305434, 0.0029556650246305434, 0.0029556650246305434, 0.0029556650246305434, 0.0029556650246305434], [0.9494649554152279, 0.0141891657691968, 0.01280206303861988, 0.0037426390092946387, 0.01679082249095095, 0.003010354276709911], [0.9475154148636086, 0.014415537443089783, 0.013111401128813514, 0.0037479570306119844, 0.018195543008640003, 0.00301414652523618], [0.9436557832068128, 0.014766033320952278, 0.014237798817725668, 0.003946844140712605, 0.020370431512450594, 0.003023109001346114], [0.09507725863753552, 0.022061943883225094, 0.022863644835962704, 0.0066282065830322425, 0.8502976620280857, 0.0030712840321588577], [0.09763256547273254, 0.041058845923169565, 0.026674258114968895, 0.007150139779927625, 0.8243935949702746, 0.0030905957389267503], [0.9048854361815272, 0.02112294982175315, 0.024472158990762025, 0.006285256633728568, 0.04021486331501272, 0.003019335057216436], [0.8868708245373421, 0.021460637109321397, 0.024159711370174326, 0.023666795819246602, 0.04080198956899466, 0.00304004159492086], [0.9034624834754669, 0.020910146416303753, 0.02619193690326419, 0.006446183222651842, 0.03997230428345885, 0.0030169456988544236], [0.09830100676362884, 0.023021479504295967, 0.029568802338689585, 0.007286896098640748, 0.8387422782150169, 0.003079537079727955], [0.1267539320079014, 0.02246449830467693, 0.026957105533921798, 0.007132090856459708, 0.813649771579058, 0.0030426017179820877], [0.9122876176861806, 0.019787877241660423, 0.022789151477952362, 0.005740675545153036, 0.03638039129038005, 0.003014286758673617], [0.04643472145063043, 0.014796731501731884, 0.014210562968639482, 0.004169016008500576, 0.917319201962804, 0.003069766107693557], [0.9517253410787566, 0.013102627003993008, 0.01239167219703413, 0.003577024130904922, 0.016192847359197803, 0.003010488230113625], [0.03611764504972535, 0.012374703840865961, 0.01131778409258761, 0.003854365362447892, 0.9333093243837599, 0.0030261772706132676], [0.9852216748768479, 0.0029556650246305434, 0.0029556650246305434, 0.0029556650246305434, 0.0029556650246305434, 0.0029556650246305434], [0.9852216748768479, 0.0029556650246305434, 0.0029556650246305434, 0.0029556650246305434, 0.0029556650246305434, 0.0029556650246305434], [0.9852216748768479, 0.0029556650246305434, 0.0029556650246305434, 0.0029556650246305434, 0.0029556650246305434, 0.0029556650246305434], [0.9852216748768479, 0.0029556650246305434, 0.0029556650246305434, 0.0029556650246305434, 0.0029556650246305434, 0.0029556650246305434], [0.945753774843639, 0.013765540351687762, 0.013567038252997692, 0.0036924997616032563, 0.020194945573300045, 0.0030262012167722742], [0.9143133668513367, 0.01931678230368265, 0.020994845488196037, 0.005564057602544117, 0.03679246276364307, 0.0030184849905974804], [0.9075445013415044, 0.020261028176603538, 0.025648198404203737, 0.00612230383353224, 0.03741144856600578, 0.0030125196781503032], [0.09672486614804927, 0.023003150328579504, 0.04482607121175479, 0.007139803732991124, 0.8252090479354083, 0.00309706064321711], [0.09723369618627352, 0.023126854370832266, 0.02927638887204533, 0.007571506482520649, 0.8397039284376531, 0.0030876256506752707], [0.907230730037328, 0.020338959345974933, 0.023503302743405206, 0.00621190677000392, 0.03969359853538654, 0.0030215025679013376], [0.9429713662065629, 0.014416510423345128, 0.014654216606143595, 0.004106921008754074, 0.0208143345916757, 0.003036651163518658], [0.912895946123151, 0.019235315581061178, 0.020898686327189924, 0.0057996724608198, 0.03814568342067142, 0.0030246960871067974], [0.8634713478516172, 0.019370681666600505, 0.022344309293534183, 0.005962175489978634, 0.08584660424683419, 0.0030048814514353653], [0.9056511635435461, 0.020526717000428376, 0.02437179340653544, 0.006291824419131418, 0.040136607944658995, 0.003021893685699681], [0.9078919451278329, 0.020228342288520117, 0.02445669168152919, 0.006138281798612438, 0.0382687313952726, 0.0030160077082327427], [0.08803231154034288, 0.020740944632114018, 0.02277158746745599, 0.006308129631516712, 0.8590950902353628, 0.0030519364932076005], [0.04758825456258485, 0.014641019214687771, 0.014699505992271846, 0.004147780581753335, 0.9158340481897579, 0.0030893914589443534], [0.04555750830117596, 0.013894502437685002, 0.013828765236084554, 0.004008690404342051, 0.9196379453123971, 0.003072588308315398], [0.9852216748768479, 0.0029556650246305434, 0.0029556650246305434, 0.0029556650246305434, 0.0029556650246305434, 0.0029556650246305434], [0.9852216748768479, 0.0029556650246305434, 0.0029556650246305434, 0.0029556650246305434, 0.0029556650246305434, 0.0029556650246305434], [0.9513546615464927, 0.013461983539578478, 0.011477168869768054, 0.0036619351410087987, 0.017029984548362315, 0.003014266354789733], [0.9527034564683625, 0.01312060849460655, 0.012483988007789326, 0.0036547827548119634, 0.015029108657265039, 0.0030080556171646275], [0.9773449922574375, 0.0072339402201545945, 0.004809834945146433, 0.0030045826174502506, 0.004602067342360876, 0.0030045826174502506], [0.9769505120911834, 0.007515208533104609, 0.004886477792181895, 0.0030047787027206087, 0.00463824417808873, 0.0030047787027206087], [0.9852216748768479, 0.0029556650246305434, 0.0029556650246305434, 0.0029556650246305434, 0.0029556650246305434, 0.0029556650246305434]], [[0.9852216748768479, 0.0029556650246305434, 0.0029556650246305434, 0.0029556650246305434, 0.0029556650246305434, 0.0029556650246305434], [0.9471442409323246, 0.01423070043708016, 0.013189417052998054, 0.003750500074046067, 0.018668988643351883, 0.0030161528601992315], [0.9261722420856326, 0.04193082977042999, 0.0030117998908893123, 0.004333052202852522, 0.02154027615930632, 0.0030117998908893123], [0.8793087424237355, 0.06651102083161048, 0.003006188419789875, 0.006191382774039163, 0.04197647713103497, 0.003006188419789875], [0.866909553691655, 0.07633557092944178, 0.003025613480686039, 0.006532921087796232, 0.0441707273297349, 0.003025613480686039], [0.10783737770282231, 0.08015849131015626, 0.003083405346380302, 0.007138237340042266, 0.7986990829542185, 0.003083405346380302], [0.8637195984527773, 0.07646399981734847, 0.0030310856818520594, 0.007075357514724998, 0.04667887285144516, 0.0030310856818520594], [0.8399204741923852, 0.10034355420903221, 0.0030146432426210864, 0.006988058070137124, 0.04671862704320328, 0.0030146432426210864], [0.8367067958960461, 0.10250012490588027, 0.0030198395467915464, 0.006881421408469251, 0.04787197869602134, 0.0030198395467915464], [0.5948002797598295, 0.12841192507741658, 0.0030139728375992475, 0.01110759234198084, 0.2596522571455745, 0.0030139728375992475], [0.8721527344326664, 0.07098348913768558, 0.0030150084139565245, 0.0064554598131095564, 0.044378299788625425, 0.0030150084139565245], [0.8570358733407628, 0.0904470511700759, 0.003002857247094761, 0.006030735543814325, 0.04048062545115747, 0.003002857247094761], [0.09421077255246799, 0.0585276555264713, 0.0030173936828874225, 0.00611540978432555, 0.8351113747709603, 0.0030173936828874225], [0.9407383501701789, 0.030809997657572294, 0.0030068946660302886, 0.0041334508831309714, 0.018304411957057235, 0.0030068946660302886], [0.9465559188766395, 0.0268380202302668, 0.0030095595705273226, 0.004137417685587144, 0.01644952406645195, 0.0030095595705273226], [0.03783666923846663, 0.012981259427534655, 0.011054249631675528, 0.003946840516261534, 0.9311506736307157, 0.0030303075553459015], [0.9507136422326645, 0.01345604518921038, 0.012471621168425009, 0.0036589020430529908, 0.016688413046921424, 0.0030113763197256484], [0.9852216748768479, 0.0029556650246305434, 0.0029556650246305434, 0.0029556650246305434, 0.0029556650246305434, 0.0029556650246305434], [0.9852216748768479, 0.0029556650246305434, 0.0029556650246305434, 0.0029556650246305434, 0.0029556650246305434, 0.0029556650246305434], [0.9147364200948632, 0.019388088091126323, 0.020259170585516465, 0.0055854130903371735, 0.0370107040797015, 0.0030202040584551516], [0.8753509637115566, 0.06831681545131339, 0.0030164745498113188, 0.006096014655477445, 0.04420325708202971, 0.0030164745498113188], [0.8492674051537196, 0.06973287402620161, 0.0030097455417629985, 0.006365762437219548, 0.0686144672993333, 0.0030097455417629985], [0.5758781416664511, 0.15662649484049151, 0.0030119991597936423, 0.011125242862007303, 0.2503461223114627, 0.0030119991597936423], [0.10234039061465128, 0.10242928237798532, 0.0030547321315845593, 0.007065315362881958, 0.7820555473813123, 0.0030547321315845593], [0.8396250551589894, 0.10253818116037401, 0.0030200926873052976, 0.0065278706602266935, 0.045268707645799426, 0.0030200926873052976], [0.8714137059763374, 0.07234792237647174, 0.003039713782268803, 0.006209376892794993, 0.04394956718985843, 0.003039713782268803], [0.8731796181823178, 0.06964825446659023, 0.0030343038635314776, 0.006402434339286102, 0.04470108528474309, 0.0030343038635314776], [0.8738355585810512, 0.06909436942729649, 0.003032351269123701, 0.006466127890801272, 0.044539241562603575, 0.003032351269123701], [0.5804040091882813, 0.12359067983781764, 0.0030124119316076517, 0.011114057298429923, 0.27886642981225596, 0.0030124119316076517], [0.8728991081782581, 0.0690844562811682, 0.003020242580901543, 0.006541015340313136, 0.045434935038457525, 0.003020242580901543], [0.87490225873088, 0.06883477236658465, 0.0030166692304084775, 0.006236106143060521, 0.04399352429865802, 0.0030166692304084775], [0.0972117168195772, 0.06141800811747135, 0.0030308705638042817, 0.00600587109754039, 0.8293026628378025, 0.0030308705638042817], [0.8858601718830532, 0.05986710721851047, 0.003006027060465655, 0.005960954450086031, 0.04229971232741875, 0.003006027060465655], [0.9143797926319113, 0.020039559014383843, 0.018941379298121775, 0.005610591903552289, 0.03800418081817039, 0.003024496333860499], [0.9001188872456463, 0.03545029653716662, 0.01916787137044009, 0.005388011429246938, 0.03683206549646552, 0.003042867921034681], [0.9852216748768479, 0.0029556650246305434, 0.0029556650246305434, 0.0029556650246305434, 0.0029556650246305434, 0.0029556650246305434], [0.9509036793223665, 0.01332152850803961, 0.011607969276490878, 0.0036639768933006134, 0.017487068285120692, 0.003015777714681721], [0.9422075107946898, 0.029188976452152696, 0.0030093770586566452, 0.004230565269093725, 0.018354193366750517, 0.0030093770586566452], [0.9768826044882516, 0.007249234778242809, 0.00488986452937196, 0.00300716822072341, 0.004963959762686762, 0.00300716822072341], [0.9852216748768479, 0.0029556650246305434, 0.0029556650246305434, 0.0029556650246305434, 0.0029556650246305434, 0.0029556650246305434]], [[0.9852216748768479, 0.0029556650246305434, 0.0029556650246305434, 0.0029556650246305434, 0.0029556650246305434, 0.0029556650246305434], [0.9462340970821626, 0.014375928791230189, 0.013625443318184716, 0.0037512722778335105, 0.018996428273699698, 0.0030168302568892814], [0.09630033669732593, 0.06292628461725351, 0.0030213670045657237, 0.006123976081999762, 0.8286066685942894, 0.0030213670045657237], [0.8743751107633583, 0.07076585111885869, 0.0030120633210225078, 0.006219734834268667, 0.0426151766414693, 0.0030120633210225078], [0.8432467502349756, 0.07286407530442399, 0.0030117452556029053, 0.0066274841094659245, 0.07123819983992877, 0.0030117452556029053], [0.5662385049036077, 0.16321966443747776, 0.003015437618674181, 0.011329146995762146, 0.2531818084258041, 0.003015437618674181], [0.8360089241119263, 0.1022392267617733, 0.0030222295941012747, 0.006954860336884559, 0.04875252960121331, 0.0030222295941012747], [0.10961026576416713, 0.0772897974325073, 0.0030832242208678634, 0.00729503370741245, 0.7996384546541775, 0.0030832242208678634], [0.13907642199349923, 0.07996726741942492, 0.0030638541099380317, 0.007304228866399938, 0.7675243735007998, 0.0030638541099380317], [0.8356977757318294, 0.10478833472679404, 0.0030187847466162433, 0.006933366903139269, 0.04654295314500489, 0.0030187847466162433], [0.8687639101414376, 0.07380693818083128, 0.0030202866689778662, 0.006808078075078334, 0.04458050026469711, 0.0030202866689778662], [0.8784775320439399, 0.06842307726086255, 0.0030073309375718634, 0.006028706262784487, 0.04105602255726933, 0.0030073309375718634], [0.05166995928278478, 0.04075367116019073, 0.003043676483081523, 0.00456812496127653, 0.8969208916295849, 0.003043676483081523], [0.9415558365222383, 0.029989676004877987, 0.003007820880602001, 0.004134421996857652, 0.01830442371482205, 0.003007820880602001], [0.9466931729133066, 0.027144875763542377, 0.003008709747814029, 0.004135555310130346, 0.016008976517392744, 0.003008709747814029], [0.012346915494212796, 0.014324040537180269, 0.003040569565056439, 0.003040569565056439, 0.9642073352734377, 0.003040569565056439], [0.014221054467688846, 0.007504130224126858, 0.004779476338074911, 0.003073272603163594, 0.9673487937637822, 0.003073272603163594], [0.9852216748768479, 0.0029556650246305434, 0.0029556650246305434, 0.0029556650246305434, 0.0029556650246305434, 0.0029556650246305434], [0.9852216748768479, 0.0029556650246305434, 0.0029556650246305434, 0.0029556650246305434, 0.0029556650246305434, 0.0029556650246305434], [0.9852216748768479, 0.0029556650246305434, 0.0029556650246305434, 0.0029556650246305434, 0.0029556650246305434, 0.0029556650246305434], [0.9077098678699708, 0.021852585367983113, 0.02227302814134587, 0.006019349019180393, 0.03912491813286863, 0.0030202514686511104], [0.8466668187540298, 0.07101745348718691, 0.0030125913621899545, 0.006374021748085934, 0.0699165232863174, 0.0030125913621899545], [0.8432245500661153, 0.09886361028599769, 0.003015770338941887, 0.006603784699138001, 0.045276514270865355, 0.003015770338941887], [0.8395345971554149, 0.10317177028255678, 0.003019605245585614, 0.006532816596101225, 0.044721605474755885, 0.003019605245585614], [0.8670524558822695, 0.07541408754881375, 0.0030331160498872655, 0.006548773448374801, 0.044918451020767414, 0.0030331160498872655], [0.8731606716608936, 0.07012226816540594, 0.0030341881469444516, 0.00637322878510173, 0.04427545509470989, 0.0030341881469444516], [0.8695794657431555, 0.07217075025176241, 0.003044479379380502, 0.006555973032880675, 0.045604852213440426, 0.003044479379380502], [0.10290773288166692, 0.0732185437381887, 0.003096492891790778, 0.007263578571526182, 0.8104171590250366, 0.003096492891790778], [0.8654272342146447, 0.07456275017905066, 0.0030354966571112924, 0.007200210265130017, 0.046738812026951994, 0.0030354966571112924], [0.8668427523967335, 0.07302196471503611, 0.0030326975590561035, 0.006993325580041414, 0.0470765621900769, 0.0030326975590561035], [0.8744326422013154, 0.0675989261620983, 0.003018083093859351, 0.006471258837073599, 0.04546100661179412, 0.003018083093859351], [0.10099973108555767, 0.06844158419742422, 0.0030482446728947983, 0.006380604406506837, 0.8180815909647218, 0.0030482446728947983], [0.8794122359168141, 0.0646996576195743, 0.0030104013716028746, 0.006329593649735922, 0.043537710070669915, 0.0030104013716028746], [0.8532239965642966, 0.08924378261125285, 0.0030117555501877995, 0.0062037875902766736, 0.04530492213379828, 0.0030117555501877995], [0.8790687951467931, 0.06474046781301598, 0.003011535994075599, 0.006180375799331562, 0.043987289252708214, 0.003011535994075599], [0.8862373972394332, 0.01998289303574405, 0.019875002569000357, 0.00569371508403981, 0.06519762950361535, 0.0030133625681672727], [0.9852216748768479, 0.0029556650246305434, 0.0029556650246305434, 0.0029556650246305434, 0.0029556650246305434, 0.0029556650246305434], [0.04320021859423686, 0.013707924229318767, 0.01237615293351584, 0.00398226629233178, 0.9236766892045303, 0.003056748746066572], [0.9507222814559758, 0.013465043400173017, 0.012826038091481175, 0.003656983099441056, 0.016319910195665505, 0.0030097437572634543], [0.9852216748768479, 0.0029556650246305434, 0.0029556650246305434, 0.0029556650246305434, 0.0029556650246305434, 0.0029556650246305434]], [[0.9852216748768479, 0.0029556650246305434, 0.0029556650246305434, 0.0029556650246305434, 0.0029556650246305434, 0.0029556650246305434], [0.04506860190752417, 0.013999681555012237, 0.013149257708336935, 0.00408104436511066, 0.920639940555224, 0.0030614739087920714], [0.054313372905473646, 0.045359722644360785, 0.003063232648889188, 0.00459830154479394, 0.8896021376075932, 0.003063232648889188], [0.8783981154944591, 0.06755708931931056, 0.0030073415343647345, 0.006057393730866812, 0.041972718386634036, 0.0030073415343647345], [0.8688212640251518, 0.07224939803930479, 0.003020963103679989, 0.006656752464871803, 0.046230659263311706, 0.003020963103679989], [0.8656777309947036, 0.07252118594812601, 0.00302912143049278, 0.006783704022959347, 0.04895913617322561, 0.00302912143049278], [0.8649690410934465, 0.07263288219135952, 0.0030301989569067583, 0.007064623008260223, 0.049273055793120205, 0.0030301989569067583], [0.8618697817579761, 0.07590955398898183, 0.0030362471967349007, 0.007203616818070145, 0.04894455304150213, 0.0030362471967349007], [0.8578591536979987, 0.07882583850422815, 0.003048293859957606, 0.0071275651518218925, 0.050090854926035974, 0.003048293859957606], [0.8356751532117792, 0.10623438111264677, 0.0030172347938725586, 0.0069962197257320505, 0.04505977636209707, 0.0030172347938725586], [0.8715844161200549, 0.07206647678548589, 0.0030157285157000635, 0.0065202815122185065, 0.04379736855084068, 0.0030157285157000635], [0.9182286183053515, 0.04871449247483512, 0.0030277498807341945, 0.004356164932301953, 0.022645224526042996, 0.0030277498807341945], [0.05100594775418625, 0.03717691453432435, 0.0030404246071951257, 0.004562958994138384, 0.9011733295029608, 0.0030404246071951257], [0.9420986991401176, 0.02978722211801173, 0.0030073616901150598, 0.004133897830307981, 0.017965457531332666, 0.0030073616901150598], [0.9715242970550446, 0.014020284073439623, 0.003011520739049839, 0.003011520739049839, 0.0054208566543661706, 0.003011520739049839], [0.9709645568273908, 0.01442317282881501, 0.003013304763361597, 0.003013304763361597, 0.005572356053709432, 0.003013304763361597], [0.9400124432868978, 0.030118389014536125, 0.0030109488480433277, 0.004232863540187448, 0.019614406462291987, 0.0030109488480433277], [0.9480659204337323, 0.013995519856220672, 0.01209340118805874, 0.0036720995203000646, 0.019151194820585905, 0.003021864181102172], [0.9461486845790029, 0.014484997281396074, 0.013228254788052746, 0.0037680019142798658, 0.01934933231002534, 0.003020729127243064], [0.0504297704473573, 0.015351838239971431, 0.014062974254998101, 0.0044755432237962795, 0.9125603219104081, 0.00311955192346872], [0.8737356091838642, 0.07055406080497259, 0.003018844843507526, 0.0061381556049589685, 0.043534484719189095, 0.003018844843507526], [0.8702736860034425, 0.0719867756654246, 0.0030254513298580785, 0.006435220288342349, 0.04525341538307447, 0.0030254513298580785], [0.8665271039865369, 0.07525747913347895, 0.0030349802830811415, 0.006391609272867448, 0.045753847040954566, 0.0030349802830811415], [0.10229531175770339, 0.07635604646531469, 0.003068572906714276, 0.006634329507597134, 0.8085771664559563, 0.003068572906714276], [0.13197672972810703, 0.07663908975227317, 0.003052172793176863, 0.0066448538066913, 0.7786349811265749, 0.003052172793176863], [0.8740624242887242, 0.07014961276602544, 0.0030324394350165628, 0.006108437377664826, 0.04361464669755257, 0.0030324394350165628], [0.1035126903819034, 0.07342705011027181, 0.0031000397568256843, 0.00708982863978076, 0.8097703513543927, 0.0031000397568256843], [0.5719314557668358, 0.1469511717315261, 0.003009965333090818, 0.011231187175374692, 0.2638662546600817, 0.003009965333090818], [0.8613990183852357, 0.07707649233066612, 0.0030473905070416705, 0.007305529779862753, 0.048124178490152256, 0.0030473905070416705], [0.8681017230946829, 0.07195675545709658, 0.003029508943255899, 0.007039781912113374, 0.04684272164959537, 0.003029508943255899], [0.8688642735160008, 0.07262011411904756, 0.0030284028203822325, 0.006588033098918931, 0.0458707736252683, 0.0030284028203822325], [0.10569972667168001, 0.06557225792169097, 0.0030632542152496923, 0.006507956049519966, 0.8160935509266097, 0.0030632542152496923], [0.8726512046918481, 0.06953881935292233, 0.0030207293032243187, 0.006468343739014831, 0.04530017360976628, 0.0030207293032243187], [0.5810455604231702, 0.1275430910660206, 0.003019295448502192, 0.01117366036426446, 0.2741990972495402, 0.003019295448502192], [0.8483600837007736, 0.09321808719658221, 0.003014886168826002, 0.006190278044519397, 0.046201778720472805, 0.003014886168826002], [0.8756336378892364, 0.06553624630867813, 0.0030193165559414203, 0.006110954890384098, 0.046680527799818496, 0.0030193165559414203], [0.9104812796403835, 0.020859820821172853, 0.020206116999762946, 0.005833630095353062, 0.03959320860817963, 0.0030259438351480086], [0.9852216748768479, 0.0029556650246305434, 0.0029556650246305434, 0.0029556650246305434, 0.0029556650246305434, 0.0029556650246305434], [0.9497191613193191, 0.013832161602177463, 0.011620252382013902, 0.0036665300576467596, 0.018144013878835078, 0.003017880760007738], [0.9852216748768479, 0.0029556650246305434, 0.0029556650246305434, 0.0029556650246305434, 0.0029556650246305434, 0.0029556650246305434]], [[0.9852216748768479, 0.0029556650246305434, 0.0029556650246305434, 0.0029556650246305434, 0.0029556650246305434, 0.0029556650246305434], [0.949411147763006, 0.013524750143064949, 0.01253042207580822, 0.0037479174744355524, 0.017771210446912163, 0.0030145520967731192], [0.9285894054007676, 0.039997343688910475, 0.0030089989246139173, 0.004328511156227505, 0.021066741904866557, 0.0030089989246139173], [0.056679468836539945, 0.047596460532744335, 0.0030835617084841826, 0.004628540360617815, 0.8849284068531296, 0.0030835617084841826], [0.8757609712362115, 0.06719215748137289, 0.00301113118888967, 0.006249078793770349, 0.04477553011086601, 0.00301113118888967], [0.8724091867406305, 0.06683202922615972, 0.003018769888213948, 0.006566000745885801, 0.048155243510896235, 0.003018769888213948], [0.8725121149086271, 0.0662634472071371, 0.003019188985253239, 0.006686563808726022, 0.04849949610500339, 0.003019188985253239], [0.8642016506363048, 0.07286249804166671, 0.003032970461046785, 0.006946946675867037, 0.04992296372406789, 0.003032970461046785], [0.5675914267192198, 0.1351571287634675, 0.003027521717432006, 0.011353045149760667, 0.279843355932688, 0.003027521717432006], [0.10806781917147609, 0.08329220340108551, 0.0030943286256848706, 0.007296270523922128, 0.7951550496521467, 0.0030943286256848706], [0.8702319563535593, 0.07383556082436861, 0.00301926243209438, 0.006223903902118778, 0.04367005405576453, 0.00301926243209438], [0.8867642122284229, 0.05991830210112194, 0.0030033382273476376, 0.00602030046535421, 0.0412905087504056, 0.0030033382273476376], [0.9341061849592378, 0.03524895174241603, 0.0030073891821869366, 0.00432585613794615, 0.020304228796026263, 0.0030073891821869366], [0.9414158638411815, 0.030096977946286286, 0.0030077664997368607, 0.004134558848357394, 0.01833706636470124, 0.0030077664997368607], [0.04543583832872762, 0.029385869638745926, 0.0030313484656363265, 0.004347118793612284, 0.9147684763076416, 0.0030313484656363265], [0.9379774126994495, 0.03245240581215017, 0.003007539439414777, 0.004227429960924367, 0.019327672648646432, 0.003007539439414777], [0.04997480027821018, 0.03624198218276721, 0.0030420686317931315, 0.004461260559510453, 0.9032378197159259, 0.0030420686317931315], [0.053013613804236595, 0.04312097082028554, 0.003062947535209887, 0.00449252031261679, 0.8932469999924414, 0.003062947535209887], [0.05396164251178174, 0.04768499128271683, 0.00307702627112597, 0.004513708459653172, 0.8876856052035964, 0.00307702627112597], [0.8819782927893549, 0.06417191596970004, 0.0030074804723941493, 0.00595055935919717, 0.0418842709369596, 0.0030074804723941493], [0.10412748390570896, 0.07146450038089937, 0.003064854385012262, 0.00642017987313976, 0.8118581270702274, 0.003064854385012262], [0.8743879972673816, 0.06942972354194551, 0.0030176782828675807, 0.006175343376870035, 0.0439715792480677, 0.0030176782828675807], [0.8734234917262671, 0.06928578895631315, 0.0030199246960705937, 0.006199079193339212, 0.04505179073193931, 0.0030199246960705937], [0.9146572719511782, 0.0506346850230797, 0.0030498249249991563, 0.004528604527635535, 0.02407978864810829, 0.0030498249249991563], [0.002955665024630542, 0.002955665024630542, 0.002955665024630542, 0.002955665024630542, 0.002955665024630542, 0.9852216748768474], [0.88100339644224, 0.06357294015059257, 0.0030184416823560525, 0.006044684227418669, 0.0433420958150367, 0.0030184416823560525], [0.8490602959096385, 0.07085717186503593, 0.0030222148067727468, 0.00635478401745176, 0.06768331859432826, 0.0030222148067727468], [0.8183255863093023, 0.12262553089539552, 0.0030248085649172674, 0.0069395066570615855, 0.04605975900840611, 0.0030248085649172674], [0.8645591444346306, 0.07464894740898792, 0.003038268500729976, 0.007180813448644615, 0.04753455770627675, 0.003038268500729976], [0.8678605744557711, 0.07347627204437145, 0.00302993766424874, 0.006857617286618395, 0.0457456608847415, 0.00302993766424874], [0.10381989944149479, 0.06589104343516392, 0.0030558092422164874, 0.006499233088182969, 0.8176782055507253, 0.0030558092422164874], [0.10298683293185809, 0.06358965175872208, 0.0030508878380272214, 0.00632921095108885, 0.8209925286822766, 0.0030508878380272214], [0.10130124401263021, 0.0679391625801316, 0.0030486497881933514, 0.006398796113519867, 0.8182634977173316, 0.0030486497881933514], [0.8721251179941949, 0.06892856808209218, 0.00302288413760142, 0.0064500745221841875, 0.046450471126325964, 0.00302288413760142], [0.8471979476971445, 0.09468730832641675, 0.003013693953595756, 0.006462512542208704, 0.045624843527038605, 0.003013693953595756], [0.8741334509763145, 0.06829600444422641, 0.003018680349406804, 0.006300056408588535, 0.04523312747205685, 0.003018680349406804], [0.8727010384071077, 0.06895001467559242, 0.0030220107957750694, 0.006239938468679028, 0.04606498685707091, 0.0030220107957750694], [0.9104423855410743, 0.02076696136617547, 0.02122385807937606, 0.005807896363595875, 0.03873737663603852, 0.00302152201373978], [0.9852216748768479, 0.0029556650246305434, 0.0029556650246305434, 0.0029556650246305434, 0.0029556650246305434, 0.0029556650246305434], [0.9852216748768479, 0.0029556650246305434, 0.0029556650246305434, 0.0029556650246305434, 0.0029556650246305434, 0.0029556650246305434]], [[0.9852216748768479, 0.0029556650246305434, 0.0029556650246305434, 0.0029556650246305434, 0.0029556650246305434, 0.0029556650246305434], [0.9755870831600452, 0.007540172450815483, 0.005009648803539068, 0.0030167753383120157, 0.005829544908976331, 0.0030167753383120157], [0.9338710268190263, 0.03522844220123972, 0.0030081437562562907, 0.004327032065224995, 0.020557211401996383, 0.0030081437562562907], [0.9260117831835157, 0.041418881364671166, 0.0030141777277404042, 0.004336096250791447, 0.022204883745540836, 0.0030141777277404042], [0.9213365567104489, 0.043491231163362, 0.0030297829956953287, 0.004420236320590492, 0.02469240981420794, 0.0030297829956953287], [0.8797126194063132, 0.06067387807414075, 0.003013740906126453, 0.006267280797147628, 0.047318739910145506, 0.003013740906126453], [0.10917009296468681, 0.06141285275512836, 0.0030624641400892375, 0.006747451395510976, 0.8165446746044954, 0.0030624641400892375], [0.8698181416667662, 0.07022077826375821, 0.003020433464928034, 0.00660872522744764, 0.04731148791217194, 0.003020433464928034], [0.8642099342939626, 0.07522637121787283, 0.003031451249877301, 0.006671934177910213, 0.04782885781049986, 0.003031451249877301], [0.10420452834061512, 0.07814411154482641, 0.0030641827896443086, 0.006730346316916028, 0.8047926482183538, 0.0030641827896443086], [0.09749008179414544, 0.06678937795733882, 0.0030259490637451016, 0.006143062329516815, 0.8235255797915088, 0.0030259490637451016], [0.05338249501161142, 0.03989972250793456, 0.0030536116544129205, 0.004583272837819045, 0.8960272863338092, 0.0030536116544129205], [0.9348183901046884, 0.03394343301908278, 0.0030101444200273373, 0.004329937403521872, 0.02088795063265234, 0.0030101444200273373], [0.0461203874805533, 0.03027876184815681, 0.003033141249063101, 0.004350081665619984, 0.9131844865075438, 0.003033141249063101], [0.9229277121561527, 0.048042443377604785, 0.0030230947175252597, 0.004155783981448775, 0.018827871049743233, 0.0030230947175252597], [0.9343582168741006, 0.03539601550326042, 0.0030074776353594596, 0.004227681979372646, 0.020003130372547463, 0.0030074776353594596], [0.9251889770913403, 0.04300152461790169, 0.0030167320972004467, 0.00424131369339699, 0.021534720402960093, 0.0030167320972004467], [0.09658874023966281, 0.06895673888751108, 0.003035212018827745, 0.006036585367680781, 0.8223475114674899, 0.003035212018827745], [0.09896511778911332, 0.07008997856727564, 0.0030439041292495716, 0.006246105576584435, 0.8186109898085275, 0.0030439041292495716], [0.8689194605493228, 0.07377998054561809, 0.0030277089113863094, 0.006705738175779519, 0.04453940290650716, 0.0030277089113863094], [0.10610020558750255, 0.0733892595911396, 0.0030767572910326718, 0.006801352092226118, 0.8075556681470664, 0.0030767572910326718], [0.869356846481054, 0.07316781816881417, 0.0030268679033750184, 0.006626081037773679, 0.04479551850560818, 0.0030268679033750184], [0.8783885125406303, 0.06576838621637426, 0.0030119142122327584, 0.00615775514109497, 0.0436615176774349, 0.0030119142122327584], [0.9201586166937461, 0.04548231937611703, 0.0030346177377120046, 0.00431061369814837, 0.023979214756564563, 0.0030346177377120046], [0.002955665024630542, 0.002955665024630542, 0.002955665024630542, 0.002955665024630542, 0.002955665024630542, 0.9852216748768474], [0.8649278557873962, 0.0811942697697204, 0.0030107003730001306, 0.005644693950388595, 0.04221177974649457, 0.0030107003730001306], [0.10019493986727396, 0.06992734325437497, 0.0030753488116027805, 0.0063657256351593175, 0.8173612936199862, 0.0030753488116027805], [0.8714757605166068, 0.07184862954356168, 0.0030383594479895725, 0.006532647703127347, 0.04406624334072508, 0.0030383594479895725], [0.6022032530727345, 0.12868338770410878, 0.0030201309937971, 0.011014492936177369, 0.25205860429938526, 0.0030201309937971], [0.10381721907884195, 0.07440614446552378, 0.0030694085006785763, 0.007057617963734181, 0.8085802014905429, 0.0030694085006785763], [0.13078130336435592, 0.06339581869795358, 0.003027843388788215, 0.006393059329567871, 0.7933741318305462, 0.003027843388788215], [0.8866166204800215, 0.05909861076387704, 0.0030060256392976455, 0.005938536654597093, 0.042334180822908976, 0.0030060256392976455], [0.09913332656897776, 0.06115072803145571, 0.0030366410974216546, 0.0060153308212407865, 0.8276273323834825, 0.0030366410974216546], [0.8777380281547562, 0.06539720771209248, 0.0030134528788386705, 0.006247986003588234, 0.044589872371885775, 0.0030134528788386705], [0.8509373805942176, 0.09185898554366496, 0.003010749344303319, 0.00634520667032504, 0.04483692850318578, 0.003010749344303319], [0.84050361324289, 0.10075725752135015, 0.00301976190224255, 0.006675492249876779, 0.0460241131813981, 0.00301976190224255], [0.8419796168633893, 0.09969534198403915, 0.003018272711535469, 0.006439617215485401, 0.04584887851401537, 0.003018272711535469], [0.8693556707833945, 0.07444601930834902, 0.003027160400915672, 0.0066511098882858334, 0.043492879218139296, 0.003027160400915672], [0.0931952429479745, 0.0209720364502675, 0.02173670388452579, 0.006462263654280418, 0.8545586074783271, 0.0030751455846247154], [0.9852216748768479, 0.0029556650246305434, 0.0029556650246305434, 0.0029556650246305434, 0.0029556650246305434, 0.0029556650246305434]], [[0.9852216748768479, 0.0029556650246305434, 0.0029556650246305434, 0.0029556650246305434, 0.0029556650246305434, 0.0029556650246305434], [0.9509176827067539, 0.013321425472070731, 0.012225123935727071, 0.0037450277291896077, 0.0167783458357993, 0.0030123943204594175], [0.050964807272600325, 0.03548639687883594, 0.003041169502887557, 0.004564067256331312, 0.9029023895864573, 0.003041169502887557], [0.9244761482425173, 0.04255517163313722, 0.0030168685082031543, 0.004340055436861576, 0.022594887671077524, 0.0030168685082031543], [0.87905287712894, 0.06398968458857199, 0.003009179287967167, 0.006077301998916565, 0.04486177770763718, 0.003009179287967167], [0.10893684602091751, 0.08618704388599452, 0.003063021872345337, 0.0063702512088331525, 0.7923798151395642, 0.003063021872345337], [0.8816305730949412, 0.05989284989433201, 0.0030112472179444657, 0.006178570223251656, 0.04627551235158639, 0.0030112472179444657], [0.8807314404258111, 0.061203342155701154, 0.0030102933536513116, 0.006188629184865514, 0.04585600152631968, 0.0030102933536513116], [0.8785894137151824, 0.0631553006899084, 0.0030109283794872007, 0.006262082688520317, 0.04597134614741454, 0.0030109283794872007], [0.8804097576329902, 0.06441196303549376, 0.0030065039908099356, 0.006027192999372812, 0.04313807835052326, 0.0030065039908099356], [0.05433596910663269, 0.041493801566716663, 0.0030601647180672343, 0.004593364885753722, 0.8934565350047624, 0.0030601647180672343], [0.9316476531838704, 0.03628403944026696, 0.0030116114945675796, 0.004332338478443184, 0.021712745908284186, 0.0030116114945675796], [0.9329931273329094, 0.03488308925685974, 0.0030125983278717883, 0.004333564451834287, 0.021765022302652946, 0.0030125983278717883], [0.9369949921237946, 0.03276384928801904, 0.003010387509058135, 0.004138386131496222, 0.02008199743857397, 0.003010387509058135], [0.9178375643964539, 0.05218841653197072, 0.003019046273979153, 0.004150326462850285, 0.01978560006076679, 0.003019046273979153], [0.05202414676205788, 0.04262300617066572, 0.0030559038307763986, 0.004482329918737922, 0.8947587094869857, 0.0030559038307763986], [0.0970038413260506, 0.06715964560236504, 0.00303418575809122, 0.006010150834475295, 0.8237579907209266, 0.00303418575809122], [0.12646304755563692, 0.073430299737131, 0.003032314204380351, 0.006387654147866483, 0.787654370150605, 0.003032314204380351], [0.10282071063068585, 0.07732468149071746, 0.003073186959226208, 0.006747208028836001, 0.8069610259313083, 0.003073186959226208], [0.8665253931179041, 0.07442229530235005, 0.0030330282392543417, 0.006980861204226629, 0.04600539389701066, 0.0030330282392543417], [0.5971743411985622, 0.13633250495633362, 0.003036760303477097, 0.01146802795960029, 0.24895160527854976, 0.003036760303477097], [0.10457647439404644, 0.07401497265197603, 0.0030717230908849035, 0.006717317063380044, 0.8085