{"prediction": [[[0.9616509268375946, 0.009955895384537502, 0.005085354611825746, 0.005085354611825746, 0.013137113942390635, 0.005085354611825746], [0.9500170659192999, 0.01768436355638677, 0.006479497420237189, 0.005268130820033862, 0.015282811464008427, 0.005268130820033862], [0.9531651821269573, 0.014555865678540883, 0.005223057008783554, 0.005223057008783554, 0.01660978116815102, 0.005223057008783554], [0.9547873706105552, 0.01570898962865473, 0.005190037501958745, 0.005190037501958745, 0.013933527254913805, 0.005190037501958745], [0.9607423357965379, 0.010663009895709029, 0.005095365611518615, 0.005095365611518615, 0.013308557473197239, 0.005095365611518615], [0.9537161688251519, 0.015146958283450331, 0.005209743390979415, 0.005209743390979415, 0.015507642718459497, 0.005209743390979415], [0.9568996598825653, 0.010470909169394976, 0.0059532587631889195, 0.005157847171503771, 0.016360477841843267, 0.005157847171503771], [0.9568009261043281, 0.012012263621222487, 0.005159586811283798, 0.005159586811283798, 0.015708049840597947, 0.005159586811283798], [0.9535410505215881, 0.0125369704598601, 0.006670082078739991, 0.005197759638372235, 0.016856377663067277, 0.005197759638372235], [0.9519249398884743, 0.013820379125253612, 0.006811911023050996, 0.0052226391781517644, 0.016997491606917582, 0.0052226391781517644], [0.9517642215451539, 0.013098328849141428, 0.006803205596197466, 0.0052338351261164645, 0.017866573757274237, 0.0052338351261164645], [0.9449966618880182, 0.0150791494372809, 0.007367922637108912, 0.00555450717540284, 0.021607970397543325, 0.005393788464645772], [0.9380266172222309, 0.014579274323663238, 0.01126077062281704, 0.007334043302843109, 0.02331492681448264, 0.005484367713963062], [0.9350511010322796, 0.014615416772007733, 0.011207550962811555, 0.008442840658108247, 0.02511549778004917, 0.005567592794743619], [0.9402440213240746, 0.013456599556761317, 0.010999960306485, 0.007411302374979258, 0.022459784030251947, 0.005428332407448015], [0.9339411639198189, 0.013938382082341919, 0.011991702040274872, 0.010102551090250137, 0.02273964224835626, 0.007286558618958023], [0.9361599440251661, 0.012738754854093374, 0.010442799570182125, 0.008842700279302172, 0.025263104950549915, 0.006552696320706285], [0.9339643077785237, 0.01211580539989302, 0.011480622573476214, 0.008232611385830414, 0.02782427394873705, 0.006382378913539752], [0.9321503797141429, 0.013171406789382634, 0.01167303343977421, 0.008801668774118216, 0.028186883008643526, 0.006016628273938629], [0.9231517282822532, 0.014817416863775204, 0.012348807204712589, 0.011415420086918105, 0.029577308726767063, 0.00868931883557396], [0.923564407504515, 0.01565660924518111, 0.012833730127711426, 0.012100207632128516, 0.027312681580778365, 0.008532363909685595], [0.9216869115055547, 0.015058151860235722, 0.014055857452134442, 0.012208004543005264, 0.02734599098181829, 0.009645083657251452], [0.9224629019967738, 0.01682094613678406, 0.013602858709495324, 0.013447564950484884, 0.0237153524973668, 0.009950375709094982], [0.9204060852185612, 0.016384285223603027, 0.015030117158314664, 0.014408899015397072, 0.023148426837503212, 0.01062218654662069], [0.9246093544614041, 0.014727235060437162, 0.013719074267054541, 0.012504996052530077, 0.024408706874624764, 0.010030633283949346], [0.925379550439658, 0.014762132615531014, 0.012488312708847751, 0.012025426965496555, 0.026181490513472638, 0.009163086756994088], [0.9272576147252505, 0.012903120171987066, 0.014155809119239002, 0.010248614981839205, 0.027988039705585343, 0.007446801296098954], [0.9299260178482955, 0.01295715710624244, 0.012784371965331744, 0.009847313660323034, 0.026966029750768335, 0.007519109669038869], [0.9289159251752522, 0.013793097557915093, 0.013118968144781393, 0.010814327122227095, 0.025210623978083577, 0.00814705802174068], [0.9261344425431676, 0.01362913202966028, 0.012077648711232163, 0.011168577518638437, 0.028229982528530394, 0.008760216668771135], [0.9220409329124796, 0.015152005773403577, 0.014452119936608844, 0.012865696091793125, 0.025875916066958368, 0.009613329218756461], [0.9216376121443248, 0.016383543929207708, 0.013991047534853458, 0.013292881459859742, 0.024724795840839083, 0.009970119090915145], [0.9285463041403517, 0.016144584445670757, 0.01348875810292306, 0.012896011734311832, 0.02007751779430586, 0.008846823782436876], [0.9332746385083404, 0.013058888335121647, 0.01338579197368429, 0.009771443075542747, 0.023004632392177995, 0.007504605715132997], [0.93579596193812, 0.013654508121809527, 0.013247401079992966, 0.010583619403502477, 0.01920103238236497, 0.007517477074210175], [0.9355816686215577, 0.014357030169152765, 0.012378969780553946, 0.009268221959613453, 0.022248202040382553, 0.006165907428739626], [0.945656277991837, 0.014090837001595335, 0.010807961695980828, 0.008190007360652212, 0.01601440401827981, 0.0052405119316547635], [0.9392682680175604, 0.013635105009133628, 0.010709711312210508, 0.007660736362153017, 0.023264321888291733, 0.005461857410650874], [0.9397177523337576, 0.014454767692034805, 0.010457875495405779, 0.0063926425687032724, 0.023498176703709513, 0.005478785206388994], [0.9547718707124383, 0.009339962262897699, 0.006723092466964901, 0.0052150090991895486, 0.018735056359320094, 0.0052150090991895486]], [[0.9589100280260189, 0.012746025085533734, 0.006106046333100334, 0.0051046947189581, 0.0120285111174309, 0.0051046947189581], [0.010431556103354035, 0.018873772636014984, 0.010062246026257786, 0.005004997276427895, 0.9506224306815174, 0.005004997276427895], [0.01032714430333789, 0.019374415054770285, 0.009432695479232315, 0.005006140132070594, 0.9508534648985183, 0.005006140132070594], [0.9594975567759388, 0.01612751896817703, 0.009339292709205528, 0.005011877182226181, 0.005011877182226181, 0.005011877182226181], [0.9587433140811422, 0.016890339530812554, 0.009335086009676865, 0.00501042012612274, 0.00501042012612274, 0.00501042012612274], [0.007561643190282618, 0.013411915826401326, 0.009436423063483048, 0.005017078625150251, 0.9595558606695325, 0.005017078625150251], [0.9599790774949682, 0.015642783271120054, 0.009339509748011385, 0.0050128764953001, 0.0050128764953001, 0.0050128764953001], [0.9599599912611556, 0.015660637173658783, 0.009340834472065684, 0.005012845697706642, 0.005012845697706642, 0.005012845697706642], [0.007704041498763511, 0.014286880209769393, 0.009439784318409153, 0.005014840584057197, 0.9585396128049435, 0.005014840584057197], [0.00784231300659072, 0.015393587254198909, 0.009437602678963325, 0.0050124199155627686, 0.9573016572291215, 0.0050124199155627686], [0.007632376607248206, 0.016213045017761538, 0.00943805312763769, 0.005011405202502262, 0.956693714842348, 0.005011405202502262], [0.9559224525989579, 0.019714953106326268, 0.00934260373288576, 0.005006663520609995, 0.005006663520609995, 0.005006663520609995], [0.010055161049970927, 0.02013508023210316, 0.011632526070532136, 0.005001691667474725, 0.9481738493124443, 0.005001691667474725], [0.9476566021515268, 0.023015867693161853, 0.014329178501555245, 0.00499945055125202, 0.00499945055125202, 0.00499945055125202], [0.030692428368195364, 0.03465429682314486, 0.03371871726535248, 0.006044108386541597, 0.8898699341465649, 0.005020515010200875], [0.900044940501674, 0.038910423621848385, 0.036857793798058064, 0.005956568724631028, 0.013223720397905833, 0.005006552955882647], [0.8792032877404785, 0.04101028506633496, 0.04800710233924224, 0.0063099508956923605, 0.02046225667404584, 0.005007117284206042], [0.03881038584344059, 0.04079107898474181, 0.04171504818048237, 0.00602703370113765, 0.8676557772797467, 0.005000676010450906], [0.8864160877143485, 0.04329395976436661, 0.041648506233849525, 0.0063273015462082995, 0.01731380198346751, 0.005000342757759376], [0.8905857499620514, 0.04317643054813705, 0.03952559630122235, 0.0059548195897815214, 0.0157561329052849, 0.005001270693522648], [0.864739600124003, 0.04858737889080727, 0.052141389155729155, 0.0076797405129692435, 0.021828171753365728, 0.005023719563125637], [0.07146323586846202, 0.07690956601571865, 0.10019426269971389, 0.011775732543956547, 0.7346520802923898, 0.005005122579759001], [0.7627069307778329, 0.07457934435082343, 0.10673621332176272, 0.013343704264118359, 0.03760729458403822, 0.005026512701424229], [0.10414963738928767, 0.08289651922345445, 0.10962491017395787, 0.014109858404459847, 0.684169613252221, 0.00504946155661917], [0.7832156781459788, 0.06675573464604782, 0.09321401002316625, 0.012517170516768454, 0.03929106631992174, 0.005006340348116939], [0.7997560950760828, 0.06129260811083155, 0.07551212782090909, 0.0230566374374109, 0.035344919553796, 0.0050376120009695095], [0.09662276081808117, 0.07171682099148068, 0.07187769475605695, 0.009258301283042534, 0.7454500261785714, 0.00507439597276727], [0.04371904961337203, 0.03700677277647083, 0.03659177296802353, 0.005807764107977318, 0.8718659130907086, 0.005008727443447689], [0.8905091561323407, 0.04146510145945035, 0.036904881616120336, 0.0063210255348159685, 0.01979631425619248, 0.005003521001080198], [0.8167609062608924, 0.06113922629323135, 0.07516148763272341, 0.010040199424520481, 0.0318937543628163, 0.005004426025816062], [0.801478503253078, 0.06909093177657995, 0.08272851031922367, 0.010993425403574003, 0.03070751360091859, 0.005001115646625826], [0.8010006317242796, 0.06135537619754165, 0.08873481653691376, 0.010602166947617413, 0.03330116915394441, 0.005005839439702989], [0.8060182090256088, 0.06363054027023028, 0.08261437748399578, 0.010811297292282751, 0.03192436977092372, 0.005001206156958702], [0.04740753706104122, 0.054246676369410676, 0.04582072942319953, 0.005984336887183393, 0.841508968133812, 0.005031752125353103], [0.8714341097356262, 0.042292981312202514, 0.03661437385140896, 0.006211156933339019, 0.03843955885105268, 0.005007819316370625], [0.8950965327013839, 0.023693048287632745, 0.023115593280813508, 0.0173881048488955, 0.029276160224038405, 0.01143056065723594], [0.9146700520868294, 0.0349843012091124, 0.02831335852256671, 0.005741806301097914, 0.011272385063388216, 0.005018096817005321], [0.9488316614807248, 0.022499016984339405, 0.013669686587724293, 0.004999878315737165, 0.004999878315737165, 0.004999878315737165], [0.9510921285188176, 0.021351113955533307, 0.012558014955962114, 0.004999580856562317, 0.004999580856562317, 0.004999580856562317], [0.9442256448278944, 0.013402425905404225, 0.009724560913323252, 0.00671178016035513, 0.020591529022360947, 0.005344059170661967]], [[0.9579397666128847, 0.011840128116735966, 0.005137698114494641, 0.005137698114494641, 0.014807010926895415, 0.005137698114494641], [0.9573006261078021, 0.01833507686379646, 0.009339701171721724, 0.00500819861889322, 0.00500819861889322, 0.00500819861889322], [0.940735750208277, 0.015643862604229116, 0.006524343273416598, 0.005584812564323337, 0.025926418785430606, 0.005584812564323337], [0.9596372953614201, 0.015984872173399826, 0.009341307877967667, 0.0050121748624041606, 0.0050121748624041606, 0.0050121748624041606], [0.008804357312285746, 0.024165730138510984, 0.005016627845100502, 0.005016627845100502, 0.9519800290139018, 0.005016627845100502], [0.9564330176271455, 0.023532747863138664, 0.005008558627428937, 0.005008558627428937, 0.005008558627428937, 0.005008558627428937], [0.9580519715459391, 0.021899387534800707, 0.005012160229815047, 0.005012160229815047, 0.005012160229815047, 0.005012160229815047], [0.957462633060786, 0.022494179885881243, 0.005010796763333161, 0.005010796763333161, 0.005010796763333161, 0.005010796763333161], [0.9554891794201704, 0.024484013789369482, 0.005006701697615028, 0.005006701697615028, 0.005006701697615028, 0.005006701697615028], [0.9529882528758444, 0.02700095646838484, 0.005002697663942674, 0.005002697663942674, 0.005002697663942674, 0.005002697663942674], [0.9539250684398247, 0.026058742399721734, 0.005004047290113385, 0.005004047290113385, 0.005004047290113385, 0.005004047290113385], [0.949310611461126, 0.030692251852390526, 0.004999284171620862, 0.004999284171620862, 0.004999284171620862, 0.004999284171620862], [0.011187267050770102, 0.03787738726979588, 0.004999350641429333, 0.004999350641429333, 0.9359372937551461, 0.004999350641429333], [0.8933462449289159, 0.07591316925857654, 0.005020176252464727, 0.007160772087685364, 0.013539461219892768, 0.005020176252464727], [0.8849287111083648, 0.08277426827406638, 0.005012364216967124, 0.0071519923498213804, 0.015120299833813307, 0.005012364216967124], [0.8654015075755038, 0.09398302978598166, 0.005006315066276598, 0.007152370459521644, 0.02345046204643975, 0.005006315066276598], [0.789141255382482, 0.1514003731921199, 0.005007576249579751, 0.01046755164404288, 0.03897566728219565, 0.005007576249579751], [0.8483935507590161, 0.1045330969899531, 0.005026273147161215, 0.008717054614486762, 0.028303751342221538, 0.005026273147161215], [0.8649190991449894, 0.09345026757096328, 0.005005288859328901, 0.007590197126322459, 0.02402985843906708, 0.005005288859328901], [0.8474382935411664, 0.10165739352041574, 0.005028523681197445, 0.00910668503524745, 0.0317405805407756, 0.005028523681197445], [0.7809394066520312, 0.15649580658581624, 0.005004386890625533, 0.011785301064581139, 0.04077071191632031, 0.005004386890625533], [0.09188046150121, 0.17320915089282823, 0.005010603043213167, 0.013069490313004948, 0.7118196912065304, 0.005010603043213167], [0.7403397498051976, 0.18808893126976298, 0.005044670903838756, 0.014273554197742181, 0.04720842291961968, 0.005044670903838756], [0.4430560287738281, 0.30990563126711684, 0.005030210557257938, 0.02502697858576622, 0.21195094025877306, 0.005030210557257938], [0.12159829953568356, 0.17190692973818966, 0.005029510303103941, 0.015080724330426768, 0.6813550257894921, 0.005029510303103941], [0.7681302237319345, 0.14193166714468677, 0.005002145517274659, 0.0125327577981683, 0.06740106029066108, 0.005002145517274659], [0.11547911365263656, 0.12737365287418098, 0.0050192188882584275, 0.011112144553280967, 0.7359966511433846, 0.0050192188882584275], [0.8058563524519772, 0.12396177547340945, 0.005012438629831951, 0.01123979203797833, 0.04891720277697106, 0.005012438629831951], [0.10373947379740169, 0.14449371156922003, 0.0050036640049978525, 0.013488486843627162, 0.7282709997797554, 0.0050036640049978525], [0.7712359381528188, 0.16897166890007806, 0.005003526200346058, 0.010703451613469998, 0.039081888932941004, 0.005003526200346058], [0.10825969248753431, 0.177724461936429, 0.0050349395540979155, 0.01380067215574948, 0.6901452943120913, 0.0050349395540979155], [0.11970494414130863, 0.17444038489045358, 0.0050719900608346, 0.03004379849421641, 0.6656668923523522, 0.0050719900608346], [0.7891598385097404, 0.06529871688462431, 0.08886693230169324, 0.012155804245770901, 0.03950829390799915, 0.005010414150171952], [0.890474036090055, 0.02504260996657973, 0.020892806265006076, 0.019995440679936083, 0.02769433896891055, 0.015900768029512555], [0.8959635169016654, 0.024407688144827553, 0.021077304089556482, 0.01851301865001337, 0.025944125170862635, 0.014094347043074664], [0.8861624996180022, 0.040927008788435304, 0.04237061611276226, 0.0060058153785980456, 0.019529446275977632, 0.005004613826224623], [0.8858924999291514, 0.08049881659193436, 0.005005799515141217, 0.006872536908665795, 0.016724547539965957, 0.005005799515141217], [0.8798039225628266, 0.08822989014330668, 0.005027462315374366, 0.006899859822573802, 0.015011402840544094, 0.005027462315374366], [0.012374650288627564, 0.019358146320231834, 0.012953481902452851, 0.0050035542576507734, 0.9453066129733863, 0.0050035542576507734], [0.941329097980935, 0.011598610004259777, 0.008964842531178475, 0.0061355302912913705, 0.026414589524417994, 0.0055573296679174485]], [[0.9543832332169769, 0.010246733295739116, 0.005513007878037936, 0.005240351620321253, 0.019376322368603493, 0.005240351620321253], [0.9443353096736712, 0.017775818369138555, 0.007943496404228173, 0.0053767656283399985, 0.019191844296282148, 0.0053767656283399985], [0.9380015046514455, 0.017270600514228327, 0.006385530040181261, 0.00567216464152224, 0.026998035511100308, 0.00567216464152224], [0.9388779561453515, 0.020374381823676447, 0.00882941809886285, 0.005513710625212197, 0.020890822681684785, 0.005513710625212197], [0.9553865954329043, 0.020246325655848767, 0.00934830756854602, 0.005006257114233653, 0.005006257114233653, 0.005006257114233653], [0.0075634512977147865, 0.01364193597711195, 0.009438679460174194, 0.005016533695855672, 0.9593228658732877, 0.005016533695855672], [0.954054240858313, 0.02592882643520987, 0.005004233176619266, 0.005004233176619266, 0.005004233176619266, 0.005004233176619266], [0.9559040323937513, 0.02406592615678816, 0.005007510362365123, 0.005007510362365123, 0.005007510362365123, 0.005007510362365123], [0.9521544734977827, 0.027838860644787244, 0.005001666464357505, 0.005001666464357505, 0.005001666464357505, 0.005001666464357505], [0.008059611234098282, 0.025351764232356327, 0.005015214293219731, 0.005015214293219731, 0.9515429816538862, 0.005015214293219731], [0.9514471814167795, 0.028549126810275886, 0.00500092294323614, 0.00500092294323614, 0.00500092294323614, 0.00500092294323614], [0.9475053871390035, 0.03249954043080564, 0.0049987681075477275, 0.0049987681075477275, 0.0049987681075477275, 0.0049987681075477275], [0.03190473453616237, 0.06639125985286369, 0.005053883985652124, 0.007342918402575339, 0.8842533192370944, 0.005053883985652124], [0.03700558328945446, 0.08149928705112568, 0.005020813846272415, 0.007298820131452804, 0.8641546818354222, 0.005020813846272415], [0.8588003156098905, 0.10078628794221534, 0.005015567963383991, 0.007251555414814782, 0.02313070510631157, 0.005015567963383991], [0.7844459441379603, 0.16000271858378098, 0.005015001648647961, 0.010396153682865315, 0.035125180298097435, 0.005015001648647961], [0.7634746239394654, 0.16878243870694393, 0.005010261758435816, 0.013478788695202736, 0.04424362514151624, 0.005010261758435816], [0.10219053367723957, 0.1670845037313503, 0.0050033927034965255, 0.014832985900666939, 0.7058851912837502, 0.0050033927034965255], [0.8399762543348969, 0.10757003931084103, 0.005044478043109194, 0.009882185262818805, 0.03248256500522484, 0.005044478043109194], [0.060797010898689934, 0.0969854419164167, 0.005011068420320502, 0.008984066568318703, 0.8232113437759336, 0.005011068420320502], [0.8500801654315855, 0.10278638480599482, 0.005022517588964863, 0.008830833499303314, 0.02825758108518656, 0.005022517588964863], [0.08673836207365995, 0.16479575028302432, 0.00500949488128148, 0.0131730424623753, 0.7252738554183774, 0.00500949488128148], [0.745481932123354, 0.18434245687765757, 0.005035590163493901, 0.01436362203544117, 0.045740808636559355, 0.005035590163493901], [0.7424682898858683, 0.18024738186673922, 0.0050334736129066604, 0.014918834479550974, 0.052298546542028146, 0.0050334736129066604], [0.7536137629754923, 0.16767056566948588, 0.005016474020945161, 0.01487828793830236, 0.05380443537482919, 0.005016474020945161], [0.7888086713686818, 0.13981167438123762, 0.005002535251831814, 0.013038020622995089, 0.04833656312342182, 0.005002535251831814], [0.8002678561017158, 0.11833434766312387, 0.005037840919612857, 0.01220596058932688, 0.05911615380660762, 0.005037840919612857], [0.8031461948721706, 0.12613236932021635, 0.005009571852765554, 0.011899363466138475, 0.04880292863594345, 0.005009571852765554], [0.7747580493073207, 0.15751542757841372, 0.005005521097905862, 0.01248824176632224, 0.045227239152131504, 0.005005521097905862], [0.770566411776374, 0.157006357348765, 0.005014599007172217, 0.012247859769519222, 0.050150173090997285, 0.005014599007172217], [0.7385344081726067, 0.18830092085043937, 0.005014361252525694, 0.01248628502094956, 0.05064966345095294, 0.005014361252525694], [0.4857248515910836, 0.09908032357380625, 0.17173266947698032, 0.01797522801283621, 0.2204715110969861, 0.005015416248307537], [0.8880046121065576, 0.025376648795004366, 0.021360300683517484, 0.021213945355537743, 0.027495892420895132, 0.01654860063848767], [0.891467295908988, 0.025470894056621736, 0.019807995966448513, 0.0201012238799687, 0.02711011250656722, 0.01604247768140587], [0.09091080186091846, 0.06651241492990487, 0.08341542055554409, 0.011755249511560971, 0.7423890818460986, 0.005017031295972883], [0.7992710299831584, 0.14082725536653198, 0.005003610375417317, 0.010207873276938072, 0.039686620622537, 0.005003610375417317], [0.8692362381566969, 0.09250277164168116, 0.005011207165263648, 0.006882496908041783, 0.0213560789630529, 0.005011207165263648], [0.06058698503222635, 0.08251026708819331, 0.005020010802557679, 0.007021878580672789, 0.8398408476937922, 0.005020010802557679], [0.898431355722169, 0.048020169570599215, 0.030344087993090324, 0.005765770139177146, 0.01239957831231291, 0.005039038262651412], [0.9371608810741096, 0.011826566289451414, 0.008774196869439779, 0.006750425092735554, 0.02975000110508931, 0.005737929569174377]], [[0.9575277365025594, 0.010877823597446564, 0.006761689521171733, 0.005124653524011087, 0.01458344333080015, 0.005124653524011087], [0.01062074372470262, 0.018521841945498396, 0.01171280391553853, 0.005002385709210833, 0.9491398389958388, 0.005002385709210833], [0.9505068521118302, 0.023979993567887038, 0.01050304120591715, 0.0050033710381218646, 0.0050033710381218646, 0.0050033710381218646], [0.02730637016873669, 0.03287229584613064, 0.025531907355911994, 0.0060777516510155775, 0.9031621239957757, 0.005049550982429357], [0.9404610732355259, 0.021284045067173105, 0.011451090945356249, 0.005430703271196453, 0.0159423842095518, 0.005430703271196453], [0.9256890586498585, 0.021718113678571065, 0.010032425590033225, 0.006002161315489052, 0.030556079450559107, 0.006002161315489052], [0.9520307266997486, 0.021630771117170596, 0.011333461130729451, 0.005001680350783777, 0.005001680350783777, 0.005001680350783777], [0.9160459615983795, 0.0538487971754251, 0.005062496682178085, 0.007210889108772924, 0.012769358753066392, 0.005062496682178085], [0.9509788219995718, 0.029019343657970636, 0.005000458585614368, 0.005000458585614368, 0.005000458585614368, 0.005000458585614368], [0.9471202599570329, 0.03288483012259403, 0.004998727480093301, 0.004998727480093301, 0.004998727480093301, 0.004998727480093301], [0.9445638945777558, 0.035437939268603856, 0.0049995415384100775, 0.0049995415384100775, 0.0049995415384100775, 0.0049995415384100775], [0.9042178120996731, 0.06493777275674135, 0.005034652449754039, 0.007180652581503793, 0.013594457662573662, 0.005034652449754039], [0.8931533841266303, 0.0741556373071142, 0.005016412662360697, 0.007156310662169978, 0.015501842579364142, 0.005016412662360697], [0.8690221737700072, 0.09226763720315326, 0.00500528042565287, 0.007149781609673781, 0.02154984656586003, 0.00500528042565287], [0.7861879633849226, 0.1589015708282472, 0.005015594680609919, 0.010649254006090304, 0.03423002241951996, 0.005015594680609919], [0.7370191162157094, 0.19458615525188008, 0.005060034279520211, 0.014163204763503625, 0.044111455209866514, 0.005060034279520211], [0.7278205134505226, 0.19604753464394606, 0.005069740061215799, 0.015082368954911881, 0.05091010282818788, 0.005069740061215799], [0.7507859154578425, 0.17954837347393873, 0.005026044464887226, 0.014339963587132175, 0.04527365855131222, 0.005026044464887226], [0.7755611870667659, 0.1569620636801982, 0.005001864981310386, 0.012574520327359222, 0.04489849896305584, 0.005001864981310386], [0.06792488938051154, 0.09998827107868492, 0.0050290192725694505, 0.009209225339726247, 0.8128195756559384, 0.0050290192725694505], [0.8612677598209565, 0.09445009191799207, 0.00500699004544472, 0.008147689333890942, 0.026120478836270944, 0.00500699004544472], [0.8353052396003534, 0.11225675858057656, 0.005057965171897549, 0.009678309250392033, 0.03264376222488286, 0.005057965171897549], [0.7634905026241808, 0.1666127890083823, 0.005008353227397796, 0.013236392093199236, 0.046643609819442135, 0.005008353227397796], [0.10373712143658288, 0.17070626349827314, 0.005006794140124102, 0.013993033729745138, 0.7015499930551505, 0.005006794140124102], [0.09746937674367782, 0.15695515428211418, 0.005000919927643017, 0.013193885367888687, 0.7223797437510333, 0.005000919927643017], [0.1475775365724156, 0.13580153224588593, 0.0050185304735902965, 0.01323774930998049, 0.6933461209245374, 0.0050185304735902965], [0.4965871155160163, 0.23663678897054988, 0.005048913661215619, 0.020081620823451746, 0.23659664736755084, 0.005048913661215619], [0.79653043870715, 0.12921712860199025, 0.005010839421538201, 0.012406958202380955, 0.05182379564540242, 0.005010839421538201], [0.10699314426980228, 0.15240118695623683, 0.005021046114807951, 0.01220177087528796, 0.7183618056690569, 0.005021046114807951], [0.4858185638118091, 0.2581751037773512, 0.0050168878333736585, 0.01992690498866029, 0.22604565175543206, 0.0050168878333736585], [0.763208435182352, 0.1625186840395277, 0.005023545058728069, 0.012897515082340657, 0.05132827557832342, 0.005023545058728069], [0.7683882392549831, 0.06328710352844531, 0.08767349256283233, 0.011681128126687285, 0.06396626690629321, 0.0050037696207587195], [0.8857675076015189, 0.02639736597223276, 0.021311073200082502, 0.021062328374280084, 0.02909069468326544, 0.01637103016862039], [0.8877313002593784, 0.024651240723031837, 0.022908170153198733, 0.020901597762839317, 0.027359408240288412, 0.016448282861263215], [0.7875277450961148, 0.066361452224203, 0.08561412400086783, 0.011546189007663653, 0.043932912947499486, 0.005017576723651199], [0.7792586318975466, 0.16165047019405898, 0.005007040428381685, 0.010734218567862448, 0.038342598483768586, 0.005007040428381685], [0.08075913401913595, 0.13630943504101167, 0.005017693162123988, 0.00989508051213025, 0.7630009641034742, 0.005017693162123988], [0.8574878597199633, 0.09160103273529792, 0.005050090891120618, 0.017398986901455377, 0.023411938861042102, 0.005050090891120618], [0.8914686955301308, 0.03675349818779289, 0.0466734764547137, 0.00575905582896291, 0.014314283803562425, 0.005030990194837265], [0.9413128627302272, 0.012649987624494038, 0.008591321698659515, 0.00791347834646852, 0.024067093139630846, 0.005465256460520005]], [[0.9476125283754377, 0.013243655229557328, 0.008347835551466908, 0.005820736248083273, 0.01967640463820882, 0.005298839957246058], [0.9443808990247552, 0.026373792152739457, 0.01423866768625726, 0.005002213712082703, 0.005002213712082703, 0.005002213712082703], [0.037086577531543555, 0.08017898007690274, 0.005021523660935197, 0.007298426270319197, 0.8653929687993641, 0.005021523660935197], [0.8783468427240219, 0.0890386211067262, 0.005012469252506073, 0.007154391586299372, 0.01543520607794028, 0.005012469252506073], [0.03519914314562933, 0.0398708348064191, 0.03579940009905888, 0.006030250035558909, 0.8780936727561747, 0.005006699157159069], [0.9281146916842502, 0.023421142713890383, 0.014615056803568578, 0.009075846225560588, 0.019121936255632698, 0.005651326317097622], [0.028891882777574346, 0.035731105591149365, 0.02739035083749561, 0.006061752329981451, 0.8968887359571094, 0.005036172506689907], [0.02596175374054067, 0.059678455210661896, 0.005088800529585305, 0.007392076466559928, 0.8967901135230669, 0.005088800529585305], [0.9084621658566169, 0.06153716103155826, 0.0050440365819267325, 0.0071864749168812905, 0.012726125031090113, 0.0050440365819267325], [0.9449003301592274, 0.03510244691143179, 0.00499930573233523, 0.00499930573233523, 0.00499930573233523, 0.00499930573233523], [0.8970975414238462, 0.07030470818765507, 0.005021158008380784, 0.007163018936871309, 0.015392415434865851, 0.005021158008380784], [0.8899070565083197, 0.07371149445975209, 0.0050094945995496605, 0.007150319476068946, 0.019212140356759833, 0.0050094945995496605], [0.8754014000404817, 0.08314880491416947, 0.005001205646648739, 0.007143851904611824, 0.02430353184743943, 0.005001205646648739], [0.09234910651312388, 0.13349213110563518, 0.005024559955118055, 0.010943053880227128, 0.7531665885907777, 0.005024559955118055], [0.7598017566065822, 0.1682931932524138, 0.005010340501207828, 0.014317123184192405, 0.04756724595439589, 0.005010340501207828], [0.11466688765462778, 0.19788733269560654, 0.0050673353230019915, 0.016404460484506993, 0.6609066485192547, 0.0050673353230019915], [0.44187398331470423, 0.31895403506060516, 0.005045146810723412, 0.024427043062622656, 0.2046546449406211, 0.005045146810723412], [0.7436605866317578, 0.1819315525656521, 0.005033616649142394, 0.014337058162413109, 0.05000356934189209, 0.005033616649142394], [0.10605918729310879, 0.16043232321339326, 0.005001687612542107, 0.014550060166411981, 0.7089550541020017, 0.005001687612542107], [0.7877355893795601, 0.14291836782508266, 0.005002076630830554, 0.012660206728881579, 0.04668168280481457, 0.005002076630830554], [0.849689709293918, 0.09646830903945235, 0.0050281180964390215, 0.00973554491226831, 0.03405020056148331, 0.0050281180964390215], [0.8650704175911346, 0.09102738100629836, 0.0050036966008651694, 0.008018892830084133, 0.025875915370752654, 0.0050036966008651694], [0.8486660944007863, 0.10281801631303578, 0.005025058726387771, 0.00894192006265763, 0.029523851770744684, 0.005025058726387771], [0.7789360900288556, 0.15006886899828029, 0.00500096346719243, 0.012719125427056704, 0.04827398861142261, 0.00500096346719243], [0.7902427042657955, 0.13778504405002512, 0.0050058988653308495, 0.01256520737764708, 0.049395246575870556, 0.0050058988653308495], [0.801153202833193, 0.13216113771443225, 0.005003587521952568, 0.011415212747387958, 0.04526327166108156, 0.005003587521952568], [0.8102064813273163, 0.12317897864097425, 0.0050106892469808624, 0.011407544497565725, 0.04518561704018191, 0.0050106892469808624], [0.772489008786579, 0.14253533790077327, 0.005032796365472911, 0.012023721265281543, 0.06288633931642033, 0.005032796365472911], [0.7612686169486459, 0.1520257032292926, 0.0050173235809630986, 0.011543744310204797, 0.0651272883499304, 0.0050173235809630986], [0.788996893628873, 0.1417919681639243, 0.00500267830578743, 0.011685389289001723, 0.047520392306626025, 0.00500267830578743], [0.7807260058743413, 0.15017193063015757, 0.005004938437913776, 0.012098525028488691, 0.04699366159118497, 0.005004938437913776], [0.11491048343921774, 0.1736834328623316, 0.005018898997437356, 0.013393509575930171, 0.6879747761276457, 0.005018898997437356], [0.7998544433176951, 0.06370529487191713, 0.08029365455327478, 0.011553320176246013, 0.03958725346999046, 0.005006033610876591], [0.10924824687918906, 0.06924630970383498, 0.08185951847913682, 0.025442698975703563, 0.709112188426296, 0.005091037535839578], [0.46522444903610627, 0.2624435980155611, 0.005010038393093348, 0.0229317651752506, 0.23938011098689527, 0.005010038393093348], [0.7702882838591171, 0.13925836416191603, 0.005002125502167225, 0.011851629180367388, 0.06859747179426504, 0.005002125502167225], [0.8004595234975804, 0.1367695896050078, 0.005001624587381116, 0.011465764067755653, 0.04130187365489374, 0.005001624587381116], [0.7996428363242579, 0.1286602663904923, 0.0050371225364359605, 0.009699545073347438, 0.05192310713903037, 0.0050371225364359605], [0.8762290523666918, 0.05677071834877961, 0.039086319042951234, 0.0057397917215462925, 0.01716407841236955, 0.005010040107661449], [0.9317136034091984, 0.01280360805369616, 0.010713127459386504, 0.009338558252114616, 0.02850428578430155, 0.006926817041302709]], [[0.9438043841480755, 0.012192663182068858, 0.01082845968757444, 0.007582139895455228, 0.020264015584487448, 0.005328337502338477], [0.8969097503687103, 0.04315178769088773, 0.03659140098407161, 0.005957945648233405, 0.012381430955191938, 0.005007684352904952], [0.04622098930334329, 0.10224336967721478, 0.005015405639236267, 0.0072954391705317536, 0.8342093905704376, 0.005015405639236267], [0.8500939842408144, 0.10690978775908759, 0.00502782023145736, 0.008189539213650796, 0.02475104832353248, 0.00502782023145736], [0.8582936314008552, 0.10355892179283463, 0.005021671583110486, 0.007174371327652138, 0.020929732312437065, 0.005021671583110486], [0.8861140842234329, 0.04503477466044613, 0.041888283358055105, 0.0059574088503286105, 0.016003523314003797, 0.0050019255937334825], [0.9087693409616406, 0.028365552990950456, 0.011488463580976199, 0.014145795569448656, 0.02848976613875492, 0.00874108075822907], [0.8963904941624563, 0.03786215713718745, 0.03880025555166965, 0.005953950255653915, 0.015990623193640377, 0.00500251969939231], [0.8971844045699272, 0.07160436779732213, 0.005023299629485415, 0.007167475695582709, 0.01399715267819697, 0.005023299629485415], [0.03413774526596725, 0.06667685840531921, 0.005047020811883835, 0.007335444590210282, 0.8817559101147355, 0.005047020811883835], [0.9399984253797776, 0.03965906101775623, 0.005004734289321253, 0.005004734289321253, 0.005328310734502223, 0.005004734289321253], [0.8909768701645752, 0.07328612551446788, 0.005010937990653857, 0.007151759592652526, 0.018563368746996683, 0.005010937990653857], [0.8874682788962325, 0.07432625897190959, 0.005006729067970903, 0.007147812721289134, 0.021044191274626957, 0.005006729067970903], [0.8683947208738365, 0.08658762348003944, 0.0050027265870746665, 0.00787087335039907, 0.0271413291215756, 0.0050027265870746665], [0.8002404418909975, 0.13865206363472798, 0.005009863843982292, 0.011640980156385644, 0.03944678662992426, 0.005009863843982292], [0.7509114622420182, 0.17389391364069812, 0.005020253516902351, 0.014517580594183703, 0.050636536489295336, 0.005020253516902351], [0.7386088786848887, 0.18102851394790867, 0.005040444152502221, 0.014889323929822385, 0.05539239513237587, 0.005040444152502221], [0.7585698662039729, 0.16960734555198154, 0.005012360791336569, 0.013506966332919808, 0.048291100328452644, 0.005012360791336569], [0.7856656334359464, 0.14585297090321617, 0.005001572048554685, 0.012164627719584313, 0.04631362384414383, 0.005001572048554685], [0.8628007512740449, 0.08932686888832134, 0.005007771311850498, 0.008246685865311656, 0.02961015134862109, 0.005007771311850498], [0.8737864990280553, 0.08179755695647989, 0.005001368257475735, 0.00806728151799556, 0.026345925982517834, 0.005001368257475735], [0.880991708516565, 0.07745309151702835, 0.005003110951978031, 0.007146139832920574, 0.024402838229529926, 0.005003110951978031], [0.050683451020062956, 0.08006617253811651, 0.005003782334842771, 0.00728528092606297, 0.851957530846072, 0.005003782334842771], [0.8624982982402541, 0.08805919234864298, 0.005009979386881246, 0.008508988978578992, 0.03091356165876136, 0.005009979386881246], [0.8451927779619519, 0.10122804923598706, 0.005034919227304504, 0.00971295749243673, 0.03379637685501521, 0.005034919227304504], [0.7624770700475152, 0.13331113473188566, 0.005024605726332917, 0.012381571106267602, 0.08178101266166572, 0.005024605726332917], [0.08653404526070735, 0.1274575725232095, 0.005018484533422976, 0.01072557737608415, 0.7652458357731531, 0.005018484533422976], [0.7921584527661079, 0.12399356182216242, 0.005018915527507563, 0.011435786605821677, 0.06237436775089291, 0.005018915527507563], [0.5033417190147961, 0.2210990570249497, 0.005023389398259109, 0.01986876906804818, 0.24564367609568777, 0.005023389398259109], [0.10115385783707809, 0.1453967994824981, 0.005027764871568378, 0.011841891827312523, 0.7315519211099746, 0.005027764871568378], [0.7719776338397856, 0.13252343462840338, 0.005002378491846127, 0.012141590605197717, 0.07335258394292107, 0.005002378491846127], [0.48969630951514076, 0.2542875355180977, 0.005069602674516363, 0.01872385004050689, 0.22715309957722185, 0.005069602674516363], [0.7731188682410807, 0.13311914856956614, 0.005002997795370769, 0.011467502441467117, 0.07228848515714448, 0.005002997795370769], [0.10313385203269049, 0.1431724558618724, 0.005004241781550111, 0.012005984651927726, 0.7316792238904091, 0.005004241781550111], [0.7843231811059741, 0.142704889249407, 0.005006064857923204, 0.012320705213053066, 0.05063909471571944, 0.005006064857923204], [0.7981973485593968, 0.13400455963675403, 0.0050020761692981105, 0.012209456433095447, 0.045584483032157536, 0.0050020761692981105], [0.10106858809316985, 0.13622181907305475, 0.005004876513457111, 0.012519590831196577, 0.7401802489756646, 0.005004876513457111], [0.8552007201552074, 0.09590678026010634, 0.005029755885148865, 0.008414208469509651, 0.0304187793448788, 0.005029755885148865], [0.8903786299953881, 0.041631606407168044, 0.03962085580318468, 0.005991080089685076, 0.01737668446402249, 0.0050011432405516025], [0.9277442082096283, 0.015060078084828857, 0.012447982202789216, 0.011462094447625719, 0.02533841674228054, 0.007947220312847374]], [[0.9348017491564072, 0.013466948534348605, 0.011405139611427336, 0.009728252562967867, 0.023890671158522628, 0.006707238976326151], [0.8811300959350944, 0.047987848064842985, 0.04367062864167899, 0.006040783174770296, 0.016165306293134982, 0.00500533789047841], [0.05574430248081708, 0.12108805440084536, 0.0050614604468462564, 0.009076709641405086, 0.80396801258324, 0.0050614604468462564], [0.7690858119004651, 0.1712905804140534, 0.005018384490524038, 0.012095280904861498, 0.03749155779957188, 0.005018384490524038], [0.060400938830194345, 0.11890208629585676, 0.005059288310716108, 0.009477640425496387, 0.8011007578270203, 0.005059288310716108], [0.053120502435711564, 0.11253855760532272, 0.005033843010365605, 0.008251885650574903, 0.8160213682876596, 0.005033843010365605], [0.0464949102077933, 0.04932418694222793, 0.04659127500039432, 0.007310342395140228, 0.8452651890139764, 0.005014096440467935], [0.8944839180708855, 0.025534486562908174, 0.02090781987253484, 0.018233149953974914, 0.027747848706468466, 0.013092776833228065], [0.8829057895160698, 0.044178448618973895, 0.042324625559909415, 0.006191613652310706, 0.019397720661942303, 0.005001801990793874], [0.03500820685056, 0.03742683008283672, 0.037350568603476644, 0.006030272059015805, 0.8791772142981711, 0.005006908105939687], [0.8888724456685675, 0.07732862203914465, 0.0050111826592573305, 0.007153769818730438, 0.016622797155042827, 0.0050111826592573305], [0.8850058115306222, 0.07924029154236492, 0.0050063428392268265, 0.00714568595235042, 0.018595525296208802, 0.0050063428392268265], [0.051829370844990084, 0.08539677335141208, 0.005001463345038283, 0.007279465481658068, 0.8454914636318632, 0.005001463345038283], [0.04674834935331469, 0.07968213707602294, 0.005006541231185084, 0.007283438176262171, 0.8562729929320301, 0.005006541231185084], [0.0659554521328117, 0.09015597795067345, 0.005015192264413357, 0.008257019378751933, 0.8256011660089362, 0.005015192264413357], [0.09987916543378084, 0.1412619941000056, 0.005007005207880375, 0.013570750856257092, 0.7352740791941957, 0.005007005207880375], [0.7731476802611652, 0.14970817991837, 0.005005036208347757, 0.01374140248876802, 0.05339266491500128, 0.005005036208347757], [0.10578161653215475, 0.14997996444728054, 0.005002327594782562, 0.013317221689682614, 0.720916542141317, 0.005002327594782562], [0.10376659838309739, 0.1441759508069923, 0.0050059413816136026, 0.012298529621225037, 0.7297470384254581, 0.0050059413816136026], [0.8629498692509522, 0.09068194910539609, 0.005005523195993581, 0.008444231191272567, 0.027912904060392006, 0.005005523195993581], [0.04892696877876857, 0.07455134668773357, 0.005009562685364484, 0.007288693133978062, 0.8592138660287908, 0.005009562685364484], [0.04639619831819144, 0.07065867656906391, 0.005016910261831625, 0.007299924707870721, 0.8656113798812107, 0.005016910261831625], [0.8801713606794419, 0.077367693990409, 0.005003472063896569, 0.007148309933773738, 0.02530569126858222, 0.005003472063896569], [0.8752383447197672, 0.08242550376840871, 0.005001398741201237, 0.007238980224342629, 0.025094373805079007, 0.005001398741201237], [0.8538570039838487, 0.09643525774367122, 0.005017865141436236, 0.00868361731603438, 0.030988390673573236, 0.005017865141436236], [0.789731343033904, 0.14003250770624234, 0.0050031119153556266, 0.011929415158255262, 0.0483005102708871, 0.0050031119153556266], [0.8043869467744998, 0.13214314137842573, 0.005003885587049344, 0.010991493111378512, 0.04247064756159733,