{"prediction": [[[0.98500332438622, 0.002999335122756038, 0.002999335122756038, 0.002999335122756038, 0.002999335122756038, 0.002999335122756038], [0.98500332438622, 0.002999335122756038, 0.002999335122756038, 0.002999335122756038, 0.002999335122756038, 0.002999335122756038], [0.98500332438622, 0.002999335122756038, 0.002999335122756038, 0.002999335122756038, 0.002999335122756038, 0.002999335122756038], [0.98500332438622, 0.002999335122756038, 0.002999335122756038, 0.002999335122756038, 0.002999335122756038, 0.002999335122756038], [0.98500332438622, 0.002999335122756038, 0.002999335122756038, 0.002999335122756038, 0.002999335122756038, 0.002999335122756038], [0.98500332438622, 0.002999335122756038, 0.002999335122756038, 0.002999335122756038, 0.002999335122756038, 0.002999335122756038], [0.98500332438622, 0.002999335122756038, 0.002999335122756038, 0.002999335122756038, 0.002999335122756038, 0.002999335122756038], [0.98500332438622, 0.002999335122756038, 0.002999335122756038, 0.002999335122756038, 0.002999335122756038, 0.002999335122756038], [0.98500332438622, 0.002999335122756038, 0.002999335122756038, 0.002999335122756038, 0.002999335122756038, 0.002999335122756038], [0.98500332438622, 0.002999335122756038, 0.002999335122756038, 0.002999335122756038, 0.002999335122756038, 0.002999335122756038], [0.98500332438622, 0.002999335122756038, 0.002999335122756038, 0.002999335122756038, 0.002999335122756038, 0.002999335122756038], [0.98500332438622, 0.002999335122756038, 0.002999335122756038, 0.002999335122756038, 0.002999335122756038, 0.002999335122756038], [0.98500332438622, 0.002999335122756038, 0.002999335122756038, 0.002999335122756038, 0.002999335122756038, 0.002999335122756038], [0.98500332438622, 0.002999335122756038, 0.002999335122756038, 0.002999335122756038, 0.002999335122756038, 0.002999335122756038], [0.98500332438622, 0.002999335122756038, 0.002999335122756038, 0.002999335122756038, 0.002999335122756038, 0.002999335122756038], [0.98500332438622, 0.002999335122756038, 0.002999335122756038, 0.002999335122756038, 0.002999335122756038, 0.002999335122756038], [0.98500332438622, 0.002999335122756038, 0.002999335122756038, 0.002999335122756038, 0.002999335122756038, 0.002999335122756038], [0.98500332438622, 0.002999335122756038, 0.002999335122756038, 0.002999335122756038, 0.002999335122756038, 0.002999335122756038], [0.98500332438622, 0.002999335122756038, 0.002999335122756038, 0.002999335122756038, 0.002999335122756038, 0.002999335122756038], [0.98500332438622, 0.002999335122756038, 0.002999335122756038, 0.002999335122756038, 0.002999335122756038, 0.002999335122756038], [0.98500332438622, 0.002999335122756038, 0.002999335122756038, 0.002999335122756038, 0.002999335122756038, 0.002999335122756038], [0.98500332438622, 0.002999335122756038, 0.002999335122756038, 0.002999335122756038, 0.002999335122756038, 0.002999335122756038], [0.98500332438622, 0.002999335122756038, 0.002999335122756038, 0.002999335122756038, 0.002999335122756038, 0.002999335122756038], [0.98500332438622, 0.002999335122756038, 0.002999335122756038, 0.002999335122756038, 0.002999335122756038, 0.002999335122756038], [0.98500332438622, 0.002999335122756038, 0.002999335122756038, 0.002999335122756038, 0.002999335122756038, 0.002999335122756038], [0.98500332438622, 0.002999335122756038, 0.002999335122756038, 0.002999335122756038, 0.002999335122756038, 0.002999335122756038], [0.98500332438622, 0.002999335122756038, 0.002999335122756038, 0.002999335122756038, 0.002999335122756038, 0.002999335122756038], [0.98500332438622, 0.002999335122756038, 0.002999335122756038, 0.002999335122756038, 0.002999335122756038, 0.002999335122756038], [0.98500332438622, 0.002999335122756038, 0.002999335122756038, 0.002999335122756038, 0.002999335122756038, 0.002999335122756038], [0.98500332438622, 0.002999335122756038, 0.002999335122756038, 0.002999335122756038, 0.002999335122756038, 0.002999335122756038], [0.98500332438622, 0.002999335122756038, 0.002999335122756038, 0.002999335122756038, 0.002999335122756038, 0.002999335122756038], [0.98500332438622, 0.002999335122756038, 0.002999335122756038, 0.002999335122756038, 0.002999335122756038, 0.002999335122756038], [0.98500332438622, 0.002999335122756038, 0.002999335122756038, 0.002999335122756038, 0.002999335122756038, 0.002999335122756038], [0.98500332438622, 0.002999335122756038, 0.002999335122756038, 0.002999335122756038, 0.002999335122756038, 0.002999335122756038], [0.98500332438622, 0.002999335122756038, 0.002999335122756038, 0.002999335122756038, 0.002999335122756038, 0.002999335122756038], [0.98500332438622, 0.002999335122756038, 0.002999335122756038, 0.002999335122756038, 0.002999335122756038, 0.002999335122756038], [0.98500332438622, 0.002999335122756038, 0.002999335122756038, 0.002999335122756038, 0.002999335122756038, 0.002999335122756038], [0.98500332438622, 0.002999335122756038, 0.002999335122756038, 0.002999335122756038, 0.002999335122756038, 0.002999335122756038], [0.98500332438622, 0.002999335122756038, 0.002999335122756038, 0.002999335122756038, 0.002999335122756038, 0.002999335122756038], [0.98500332438622, 0.002999335122756038, 0.002999335122756038, 0.002999335122756038, 0.002999335122756038, 0.002999335122756038]], [[0.98500332438622, 0.002999335122756038, 0.002999335122756038, 0.002999335122756038, 0.002999335122756038, 0.002999335122756038], [0.9696732258091308, 0.013182555887860175, 0.006882904919377494, 0.0030017361983604766, 0.0042578409869104645, 0.0030017361983604766], [0.9695969409827694, 0.012946504406001326, 0.007286443614084154, 0.0030014569964765545, 0.004167197004191943, 0.0030014569964765545], [0.9665704534333085, 0.014520989757034313, 0.008372435716923955, 0.0030004657477000303, 0.0045351895973332204, 0.0030004657477000303], [0.9670475484008227, 0.013418673655818612, 0.008425022964235189, 0.0030008350273839947, 0.005107084924355439, 0.0030008350273839947], [0.9624439041575664, 0.015497071862559912, 0.010014249720412751, 0.0030011570750789504, 0.006042460109303024, 0.0030011570750789504], [0.9356025420788338, 0.02383766918423171, 0.019553174336756227, 0.00421432804066604, 0.013780798644135287, 0.0030114877153771175], [0.037731820884815935, 0.023451052357266605, 0.018097630307265918, 0.0043030645365640914, 0.9134026210480817, 0.00301381086600581], [0.9330437569736577, 0.02436833600763577, 0.020694722212618373, 0.004389874175651783, 0.0144939634762231, 0.0030093471542132705], [0.9329037459552518, 0.02449936275307446, 0.019033383045940364, 0.004392211479295775, 0.01616069199216631, 0.0030106047742713277], [0.98500332438622, 0.002999335122756038, 0.002999335122756038, 0.002999335122756038, 0.002999335122756038, 0.002999335122756038], [0.98500332438622, 0.002999335122756038, 0.002999335122756038, 0.002999335122756038, 0.002999335122756038, 0.002999335122756038], [0.08965992231811337, 0.04406264973833787, 0.03884367989458463, 0.008890214307601691, 0.8155151656576827, 0.00302836808367976], [0.799229868073079, 0.0490679818568948, 0.09174538317683018, 0.012859123945906907, 0.044091393327396665, 0.00300624961989243], [0.8488284789162214, 0.049833511817234284, 0.05497237637053749, 0.009706726424203898, 0.0336578820541364, 0.0030010244176665053], [0.8928724998299016, 0.03341389103990631, 0.03932243176250946, 0.007158594488830293, 0.024224264370800063, 0.0030083185080523288], [0.9171139657504457, 0.028156899692920935, 0.027626517806885697, 0.005507012975576624, 0.01859394693241641, 0.0030016568417546383], [0.0444977650322753, 0.02680249436082917, 0.025224431396827444, 0.005367860465212837, 0.8951009500913697, 0.003006498653485577], [0.922139696574725, 0.025802479500295603, 0.026467226739646185, 0.005080505714636345, 0.01750694828445591, 0.0030031431862409673], [0.04433983311035532, 0.02514660174338283, 0.024021269413376203, 0.005091297567759463, 0.8983927310543226, 0.0030082671108036174], [0.9251867865659152, 0.02569295147319327, 0.02450908226381598, 0.004884229994621042, 0.016722554570162973, 0.0030043951322915236], [0.9196012896290774, 0.026605056252460936, 0.027502363575544028, 0.005073080950012409, 0.018215804709955402, 0.003002404882949939], [0.9309068565465767, 0.02472403511298738, 0.022250802167752156, 0.00444918253215014, 0.01466163126550476, 0.0030074923750287455], [0.9347877078185166, 0.022986590984782708, 0.021655630728873304, 0.004212917083834258, 0.013346906996879265, 0.0030102463871137814], [0.012531066133339337, 0.013503322480001797, 0.008499031269086509, 0.003001481501057874, 0.9594636171154567, 0.003001481501057874], [0.9671652052010549, 0.01357664301193789, 0.008709200561352637, 0.003000200703771987, 0.004548549818110792, 0.003000200703771987], [0.009435901803157561, 0.011789272098260492, 0.006565405210148018, 0.0030011050647935373, 0.9662072107588469, 0.0030011050647935373], [0.9711105066869111, 0.012407219895109834, 0.00661621124154896, 0.0030014796400441033, 0.003863102896341758, 0.0030014796400441033], [0.9718275739375202, 0.01230245195045337, 0.006155854765713259, 0.0030024053892528943, 0.0037093085678074934, 0.0030024053892528943], [0.9712772917706056, 0.012417490546707087, 0.0063570781394567165, 0.003002107916216385, 0.003943923710797893, 0.003002107916216385], [0.9702604211101407, 0.01291606290797931, 0.006765573620739419, 0.0030015462603348872, 0.0040548498404708614, 0.0030015462603348872], [0.9675921013599845, 0.013887773630960651, 0.008199051864676326, 0.0030003984236125296, 0.0043202762971534785, 0.0030003984236125296], [0.012223475277688998, 0.01287590005540813, 0.0078326338002803, 0.003001674827352477, 0.9610646412119176, 0.003001674827352477], [0.9589150379875893, 0.016799747774591218, 0.01225859549778186, 0.0030027241351435895, 0.006021170469750444, 0.0030027241351435895], [0.03197871970517114, 0.025585482047846955, 0.02197180318857107, 0.004228032541420519, 0.9132290882732556, 0.0030068742437347547], [0.9225976129708815, 0.027565677586761043, 0.0278663941617363, 0.004482120578194932, 0.014486613790455322, 0.0030015809119707973], [0.033326426617474536, 0.026818882619418755, 0.024207525148480517, 0.004354783456874651, 0.9082882687485604, 0.003004113409191142], [0.01441764406831744, 0.016394537607668742, 0.011916100779818768, 0.0030061933924627705, 0.9512593307592695, 0.0030061933924627705], [0.9604462448439022, 0.01745765713227101, 0.0104589126244527, 0.0030018807181030325, 0.00563342396316817, 0.0030018807181030325], [0.98500332438622, 0.002999335122756038, 0.002999335122756038, 0.002999335122756038, 0.002999335122756038, 0.002999335122756038]], [[0.98500332438622, 0.002999335122756038, 0.002999335122756038, 0.002999335122756038, 0.002999335122756038, 0.002999335122756038], [0.98500332438622, 0.002999335122756038, 0.002999335122756038, 0.002999335122756038, 0.002999335122756038, 0.002999335122756038], [0.98500332438622, 0.002999335122756038, 0.002999335122756038, 0.002999335122756038, 0.002999335122756038, 0.002999335122756038], [0.01296287913540005, 0.013033450696024823, 0.007693773906537671, 0.003002285304134792, 0.9603053256537679, 0.003002285304134792], [0.9609008366436671, 0.024178800789628044, 0.003000564402267185, 0.003000564402267185, 0.005918669359903416, 0.003000564402267185], [0.9272677371699175, 0.04762082826247408, 0.003013712062222243, 0.004673471246728128, 0.014410539196435812, 0.003013712062222243], [0.916719498168558, 0.05534523556950267, 0.0030058566455041223, 0.0047282510768835466, 0.01719530189404756, 0.0030058566455041223], [0.9034888987673831, 0.06440262873067583, 0.0030010536192456617, 0.00531287410091599, 0.020793491162533827, 0.0030010536192456617], [0.9102073925952421, 0.058569390750161314, 0.0030027109911780364, 0.005353401901009178, 0.019864392771231396, 0.0030027109911780364], [0.9131519214850178, 0.056231343220587676, 0.0030041917053432714, 0.004957649765685787, 0.01965070211802225, 0.0030041917053432714], [0.9105029949438526, 0.027723872872337192, 0.028806306391980955, 0.005843179459706599, 0.024118007210181477, 0.0030056391219413286], [0.98500332438622, 0.002999335122756038, 0.002999335122756038, 0.002999335122756038, 0.002999335122756038, 0.002999335122756038], [0.8011739272104305, 0.04865953099406276, 0.08189179024273135, 0.013457129850443401, 0.05179400795775813, 0.0030236137445739785], [0.75779450967133, 0.16931051817555579, 0.0030129728495494027, 0.011851487899565884, 0.055017538554449574, 0.0030129728495494027], [0.7671379190023033, 0.16325200386942043, 0.003035389645585427, 0.012127715719078266, 0.051411582118027155, 0.003035389645585427], [0.8158623020815293, 0.12464209630242186, 0.0030007692034836743, 0.010241000277930774, 0.04325306293115073, 0.0030007692034836743], [0.8782677287042768, 0.08063567572858504, 0.0030071895223579247, 0.007298208768115288, 0.027784007754306953, 0.0030071895223579247], [0.8954271286838673, 0.06765029985171664, 0.003000915738590193, 0.0065017100803095255, 0.02441902990692612, 0.003000915738590193], [0.8592407377458263, 0.09106849990853223, 0.003015710879216335, 0.008529671043812664, 0.03512966954339605, 0.003015710879216335], [0.8972553763874147, 0.06749343335923604, 0.0030004924853944915, 0.006250006490738347, 0.02300019879182188, 0.0030004924853944915], [0.8913780368430361, 0.07152730633243669, 0.0030014526227427167, 0.0064411764190542495, 0.024650575159987528, 0.0030014526227427167], [0.8615585009147063, 0.0929186901592866, 0.003017681445500332, 0.007709480044302201, 0.03177796599070438, 0.003017681445500332], [0.8971099163076064, 0.06993832596062123, 0.0030006216670704915, 0.005760876876713789, 0.021189637520917643, 0.0030006216670704915], [0.9169222393627513, 0.05565065954369199, 0.003005889023936709, 0.004967661714608026, 0.01644766133107529, 0.003005889023936709], [0.9281408151612138, 0.04733640679134298, 0.0030145722186292485, 0.004676121010862721, 0.013817512599322119, 0.0030145722186292485], [0.9592013266616772, 0.026462234962107447, 0.003000595928933436, 0.003000595928933436, 0.005334650589415051, 0.003000595928933436], [0.9635365905272826, 0.022704992085909058, 0.0030000341710181857, 0.0030000341710181857, 0.004758314873753787, 0.0030000341710181857], [0.9657992020076495, 0.020739688287981884, 0.003000499920608957, 0.003000499920608957, 0.004459609942541922, 0.003000499920608957], [0.008821546992808852, 0.01917216445782048, 0.003003323947090546, 0.003003323947090546, 0.962996316708099, 0.003003323947090546], [0.9662893210114355, 0.020396831470779676, 0.003000956920655292, 0.003000956920655292, 0.004310976755818992, 0.003000956920655292], [0.9649726077159904, 0.021421213619930393, 0.0030005107314919513, 0.0030005107314919513, 0.004604646469603377, 0.0030005107314919513], [0.010809442889739913, 0.02418618666819277, 0.003000346269674986, 0.003000346269674986, 0.9560033316330424, 0.003000346269674986], [0.954934106493416, 0.03024055934056473, 0.0030022447490416094, 0.0030022447490416094, 0.005818599918894389, 0.0030022447490416094], [0.9196709892047039, 0.0551608278817333, 0.0030062940157618884, 0.00460856709587249, 0.01454702778616647, 0.0030062940157618884], [0.04453617903033982, 0.07243302570248376, 0.0030014853835880592, 0.005190488345852559, 0.8718373361541477, 0.0030014853835880592], [0.8943141204122098, 0.07342720271556212, 0.00300185084759381, 0.005721303015759386, 0.020533672161281057, 0.00300185084759381], [0.8995296689620204, 0.07189528051914439, 0.0030022380683868907, 0.005239333021378303, 0.01733124136068323, 0.0030022380683868907], [0.03401159438919543, 0.05698147626449629, 0.0030083693951254947, 0.004732292050354893, 0.8982578985057025, 0.0030083693951254947], [0.014731207294974938, 0.016365734794492045, 0.01235385200707099, 0.003007030543933643, 0.9505351448155948, 0.003007030543933643], [0.98500332438622, 0.002999335122756038, 0.002999335122756038, 0.002999335122756038, 0.002999335122756038, 0.002999335122756038]], [[0.98500332438622, 0.002999335122756038, 0.002999335122756038, 0.002999335122756038, 0.002999335122756038, 0.002999335122756038], [0.011174688125239446, 0.011732913247862499, 0.006973053735971814, 0.0030017699873054276, 0.9641158049163154, 0.0030017699873054276], [0.013943450558424943, 0.012584293385592452, 0.008773437687628276, 0.003002983355660238, 0.9586928516570339, 0.003002983355660238], [0.98500332438622, 0.002999335122756038, 0.002999335122756038, 0.002999335122756038, 0.002999335122756038, 0.002999335122756038], [0.934379832599609, 0.02205214068229367, 0.02050502272197221, 0.004215840714151482, 0.01583597364221899, 0.003011189639754713], [0.9242706713151553, 0.025692124012070865, 0.023222490071352547, 0.004942361004071715, 0.018866750185692067, 0.003005603411657398], [0.8951357898156154, 0.06866503988239453, 0.0030017646738578394, 0.005409291618467175, 0.024786349335807315, 0.0030017646738578394], [0.8484726334043403, 0.10262215669705207, 0.0030092021060861085, 0.007537382690578038, 0.03534942299585731, 0.0030092021060861085], [0.8881861446087896, 0.07369701603554604, 0.0030031317436706286, 0.005946256508685667, 0.026164319359637308, 0.0030031317436706286], [0.056295591088276566, 0.0656387583601965, 0.003004545223613744, 0.0058092224553100875, 0.8662473376489894, 0.003004545223613744], [0.0811147024687946, 0.03734636771840929, 0.04045760537573619, 0.008125963412788383, 0.8299241015917302, 0.0030312594325411744], [0.98500332438622, 0.002999335122756038, 0.002999335122756038, 0.002999335122756038, 0.002999335122756038, 0.002999335122756038], [0.8024756179093828, 0.047889208044895014, 0.05410103594641896, 0.012368698125581223, 0.08015857738574689, 0.0030068625879748063], [0.4951583424823076, 0.2455918955993488, 0.0030020385970752485, 0.018906004140359377, 0.23433968058383378, 0.0030020385970752485], [0.7614244930557178, 0.1658570454035532, 0.003010727132228797, 0.012221994092959767, 0.0544750131833116, 0.003010727132228797], [0.7891910005567294, 0.1383420383110195, 0.0030103181264504127, 0.011553568005518362, 0.054892756873831994, 0.0030103181264504127], [0.8300572505407986, 0.10749348476757409, 0.0030026776066390455, 0.010291313920656978, 0.04615259555769227, 0.0030026776066390455], [0.08914069711799527, 0.10567551181861466, 0.0030061681397991393, 0.00972182924025911, 0.7894496255435327, 0.0030061681397991393], [0.8157029265843361, 0.11727200022805671, 0.00300183006021348, 0.011096199721868014, 0.049925213345312185, 0.00300183006021348], [0.09297246288811208, 0.11714776255373567, 0.0030013623781191636, 0.010339623899409883, 0.7735374259025041, 0.0030013623781191636], [0.8232167468593959, 0.11966469329490444, 0.00300095836085391, 0.009471453960572775, 0.04164518916341894, 0.00300095836085391], [0.8089074384275933, 0.12779185242903826, 0.0030021862082599106, 0.010004643594766756, 0.04729169313208184, 0.0030021862082599106], [0.843672296328553, 0.10574895611619069, 0.0030063649790137955, 0.008474750218039537, 0.03609126737918919, 0.0030063649790137955], [0.8948758051296967, 0.07080906244622388, 0.003000791146970627, 0.005903239430514255, 0.022410310699623952, 0.003000791146970627], [0.9170799160687865, 0.05620097344321847, 0.0030061415756896517, 0.004812926000549034, 0.01589390133606676, 0.0030061415756896517], [0.03012360923264666, 0.04549927243216417, 0.003017741934495367, 0.0046744431897377, 0.9136671912764608, 0.003017741934495367], [0.9592834286126967, 0.026267946393503248, 0.0030006248655799262, 0.0030006248655799262, 0.0054467503970603735, 0.0030006248655799262], [0.9629318493409103, 0.0230833679380117, 0.0030000739849834284, 0.0030000739849834284, 0.004984560766127785, 0.0030000739849834284], [0.9634427975086237, 0.02254864660088047, 0.00300025771062197, 0.00300025771062197, 0.005007782758629935, 0.00300025771062197], [0.964111301484411, 0.022008357125670393, 0.0030003643702787514, 0.0030003643702787514, 0.0048792482790824, 0.0030003643702787514], [0.9611463007177109, 0.024487101609979803, 0.003000161928667448, 0.003000161928667448, 0.005366111886306876, 0.003000161928667448], [0.014406154999824986, 0.029193100454093814, 0.0030028279226107855, 0.0030028279226107855, 0.9473922607782489, 0.0030028279226107855], [0.9147420826899753, 0.0600345070775881, 0.0030044007641113076, 0.004589801263441275, 0.014624807440772769, 0.0030044007641113076], [0.8968400658499562, 0.07130612492386447, 0.0030011747344001623, 0.005713818974514777, 0.020137640782864185, 0.0030011747344001623], [0.875201536432913, 0.08796613656830897, 0.0030129538891770676, 0.006528376248992577, 0.0242780429714313, 0.0030129538891770676], [0.8250727817972984, 0.12324845401323696, 0.0030024524918183353, 0.008893475177506409, 0.036780384028321504, 0.0030024524918183353], [0.8774907138865744, 0.08856173852184443, 0.0030126301371032095, 0.006038314694991714, 0.02188397262238309, 0.0030126301371032095], [0.044733730959380165, 0.07952946991374549, 0.003003771501967756, 0.005340236710738133, 0.8643890194122007, 0.003003771501967756], [0.9226918862152835, 0.028303536818962166, 0.027276614898481107, 0.004542162083776006, 0.014184198767235177, 0.0030016012162620296], [0.98500332438622, 0.002999335122756038, 0.002999335122756038, 0.002999335122756038, 0.002999335122756038, 0.002999335122756038]], [[0.98500332438622, 0.002999335122756038, 0.002999335122756038, 0.002999335122756038, 0.002999335122756038, 0.002999335122756038], [0.9670181696805763, 0.013555372310308116, 0.008591111834981329, 0.00300058347327575, 0.004834179227582842, 0.00300058347327575], [0.963088351356576, 0.01500940937319718, 0.01019309733521292, 0.003000724924486313, 0.005707692086041228, 0.003000724924486313], [0.98500332438622, 0.002999335122756038, 0.002999335122756038, 0.002999335122756038, 0.002999335122756038, 0.002999335122756038], [0.98500332438622, 0.002999335122756038, 0.002999335122756038, 0.002999335122756038, 0.002999335122756038, 0.002999335122756038], [0.98500332438622, 0.002999335122756038, 0.002999335122756038, 0.002999335122756038, 0.002999335122756038, 0.002999335122756038], [0.8493385034401848, 0.04476823106955358, 0.054695640755790635, 0.009363611922193376, 0.038829415820985015, 0.0030045969912925953], [0.11093114688115688, 0.13032116091603363, 0.0030070349210221258, 0.010941234071605497, 0.7417923882891597, 0.0030070349210221258], [0.8326807461153145, 0.11125429583642525, 0.003002401110233302, 0.009052372531441576, 0.04100778329635216, 0.003002401110233302], [0.8849579884037447, 0.07446746688441137, 0.003004337620686707, 0.0068211645139120945, 0.027744704956558335, 0.003004337620686707], [0.9037929425366932, 0.030099466897111373, 0.03109963786153271, 0.006608887977439894, 0.025392503009825082, 0.0030065617173977606], [0.98500332438622, 0.002999335122756038, 0.002999335122756038, 0.002999335122756038, 0.002999335122756038, 0.002999335122756038], [0.98500332438622, 0.002999335122756038, 0.002999335122756038, 0.002999335122756038, 0.002999335122756038, 0.002999335122756038], [0.17638511794563388, 0.050541374404897754, 0.05753207301236197, 0.012420241803057258, 0.7001000516151827, 0.003021141218866402], [0.12204357786241268, 0.13566309346187097, 0.003023328067577185, 0.012075646315496229, 0.7241710262250658, 0.003023328067577185], [0.10879826889244411, 0.1184009200091243, 0.00300505419888942, 0.011034757520765407, 0.7557559451798873, 0.00300505419888942], [0.09874943158897413, 0.10568080404319913, 0.0030053916528326183, 0.010714629659027804, 0.7788443514031337, 0.0030053916528326183], [0.11190863568415453, 0.1281190020939722, 0.0030071048685541358, 0.011497564106347866, 0.7424605883784172, 0.0030071048685541358], [0.7870490429291167, 0.13940773433148557, 0.003010877553412791, 0.012716242843882704, 0.05480522478868944, 0.003010877553412791], [0.7830180417393062, 0.14773968128181658, 0.0030133253265924964, 0.01249853439679891, 0.05071709192889326, 0.0030133253265924964], [0.1153729513008682, 0.14942003699204703, 0.0030192328092482146, 0.01260032298858782, 0.7165682231000005, 0.0030192328092482146], [0.7853946301689875, 0.14481755536920765, 0.0030125399468531933, 0.01111384861970628, 0.05264888594839218, 0.0030125399468531933], [0.7946279027752869, 0.13957582798793533, 0.0030070907599225307, 0.010816837341458399, 0.04896525037547422, 0.0030070907599225307], [0.8479591646425717, 0.1028759111107419, 0.003008515070638783, 0.008327622755254917, 0.03482027135015388, 0.003008515070638783], [0.9018848587323134, 0.06501726685260158, 0.0030008010987793167, 0.00554776960251141, 0.021548502615015036, 0.0030008010987793167], [0.9227995453507739, 0.05141546878503937, 0.003006238513178766, 0.004571986958041086, 0.015200521879788223, 0.003006238513178766], [0.9315499432617916, 0.04474625920206648, 0.0030130041785167805, 0.004534160796382303, 0.013143628382725826, 0.0030130041785167805], [0.9599035723187567, 0.025438926102539842, 0.003000623695879596, 0.003000623695879596, 0.00565563049106461, 0.003000623695879596], [0.9600265536194963, 0.025327146258370254, 0.0030003810126945085, 0.0030003810126945085, 0.005645157084049921, 0.0030003810126945085], [0.9591359574384342, 0.025776328430775708, 0.003000837865959195, 0.003000837865959195, 0.006085200532912637, 0.003000837865959195], [0.9558416260735217, 0.0282602406210802, 0.003002569379485822, 0.003002569379485822, 0.0068904251669405885, 0.003002569379485822], [0.03734691056807893, 0.05414395912376141, 0.0030079671988305708, 0.004730631744272849, 0.8977625641662257, 0.0030079671988305708], [0.04817878046143821, 0.0705712307430845, 0.003001521367206252, 0.005397916182959996, 0.8698490298781049, 0.003001521367206252], [0.8716736132538849, 0.09119403834225437, 0.003016570435748155, 0.006681881882516897, 0.024417325649847308, 0.003016570435748155], [0.8123761910641832, 0.13444696379639756, 0.0030055152409246663, 0.009580945587994865, 0.0375848690695751, 0.0030055152409246663], [0.8010900731737532, 0.14127762793938606, 0.0030088055752125163, 0.010672698046858628, 0.0409419896895771, 0.0030088055752125163], [0.8124652282638419, 0.13605232439266543, 0.0030068677487059196, 0.009274658176600302, 0.03619405366948052, 0.0030068677487059196], [0.059879137468678074, 0.09247916725030615, 0.0030220455031025853, 0.0067124690581466815, 0.834885135216664, 0.0030220455031025853], [0.9089366067746891, 0.031691788362883215, 0.03322662819351699, 0.0053518997298145285, 0.017792386369149156, 0.003000690569946995], [0.98500332438622, 0.002999335122756038, 0.002999335122756038, 0.002999335122756038, 0.002999335122756038, 0.002999335122756038]], [[0.98500332438622, 0.002999335122756038, 0.002999335122756038, 0.002999335122756038, 0.002999335122756038, 0.002999335122756038], [0.9656865368327116, 0.014011228818174758, 0.00903542986179249, 0.003000572426317436, 0.005265659634686356, 0.003000572426317436], [0.9321350844362141, 0.043852400392677515, 0.0030186366987639698, 0.004681014828609268, 0.01329422694497104, 0.0030186366987639698], [0.9248984835762168, 0.026421596690204316, 0.023018371748468425, 0.004770827694458035, 0.017885495245952707, 0.003005225044699675], [0.98500332438622, 0.002999335122756038, 0.002999335122756038, 0.002999335122756038, 0.002999335122756038, 0.002999335122756038], [0.98500332438622, 0.002999335122756038, 0.002999335122756038, 0.002999335122756038, 0.002999335122756038, 0.002999335122756038], [0.98500332438622, 0.002999335122756038, 0.002999335122756038, 0.002999335122756038, 0.002999335122756038, 0.002999335122756038], [0.814071099637772, 0.05135558777502529, 0.07285768636398551, 0.011646153288186847, 0.04705986085257847, 0.0030096120824519342], [0.804395924289369, 0.1313125194415792, 0.0030026921323841127, 0.011121009216480467, 0.04716516278780305, 0.0030026921323841127], [0.8301814646104708, 0.11301378277872523, 0.0030018466518509524, 0.009167855976155609, 0.041633203330946375, 0.0030018466518509524], [0.8975914528147073, 0.03221919947344845, 0.03387799796414638, 0.006762118352044554, 0.02654055104476419, 0.003008680350889156], [0.98500332438622, 0.002999335122756038, 0.002999335122756038, 0.002999335122756038, 0.002999335122756038, 0.002999335122756038], [0.98500332438622, 0.002999335122756038, 0.002999335122756038, 0.002999335122756038, 0.002999335122756038, 0.002999335122756038], [0.8387843364073297, 0.042244766356938954, 0.05124526015401134, 0.011041909843023315, 0.05366209590202924, 0.003021631336667492], [0.8428008356815591, 0.09549137108444525, 0.0030070453657355793, 0.00937234557984429, 0.046321356922680176, 0.0030070453657355793], [0.09854356645993016, 0.09325556395150766, 0.003013756316285059, 0.009930838599050359, 0.7922425183569417, 0.003013756316285059], [0.8262465222529926, 0.10376130509917363, 0.0030068748431452967, 0.010607576923172537, 0.05337084603837068, 0.0030068748431452967], [0.12604933418419934, 0.11870019130563095, 0.003018989964228042, 0.012473288754059429, 0.7367392058276542, 0.003018989964228042], [0.5100631550321089, 0.2331957843348208, 0.0030050959606556745, 0.02009422578141255, 0.23063664293034652, 0.0030050959606556745], [0.13117700256320025, 0.15759093085216272, 0.0030446567828756005, 0.013761394808430914, 0.691381358210455, 0.0030446567828756005], [0.7682671495799082, 0.16000826112879685, 0.0030265147534675007, 0.012598301844337188, 0.05307325794002264, 0.0030265147534675007], [0.5066428338972637, 0.24045045385392055, 0.00300856228355085, 0.01831909321806489, 0.22857049446364922, 0.00300856228355085], [0.7831058634843885, 0.14420988667485632, 0.003013866449397794, 0.01179962851883671, 0.05485688842312284, 0.003013866449397794], [0.8086029193828214, 0.12688420970581032, 0.0030020434262315924, 0.01046545714770888, 0.04804332691119611, 0.0030020434262315924], [0.8617260844315677, 0.09185948762723434, 0.0030178128300683625, 0.007588391834978691, 0.032790410446082455, 0.0030178128300683625], [0.9151000946733081, 0.056156348144396386, 0.0030023959016007365, 0.004908910787866576, 0.017829854591227278, 0.0030023959016007365], [0.031855116224338696, 0.048125564934904476, 0.0030137950229102706, 0.004669141672585314, 0.909322587122351, 0.0030137950229102706], [0.9330396915724019, 0.043778996299951065, 0.0030144600412445755, 0.004536510254854036, 0.012615881790303934, 0.0030144600412445755], [0.9563445530110072, 0.028077131141426005, 0.0030020229226768945, 0.0030020229226768945, 0.0065722470795362194, 0.0030020229226768945], [0.9542044946715161, 0.029344455021544966, 0.0030040451931879464, 0.0030040451931879464, 0.007438914727375068, 0.0030040451931879464], [0.9170320003415545, 0.0535531228513168, 0.0030044255890801807, 0.005133712541287064, 0.01827231308768125, 0.0030044255890801807], [0.9034705789483085, 0.06358875917459589, 0.0030005358716987643, 0.005687973514605264, 0.021251616619092827, 0.0030005358716987643], [0.06651068580500714, 0.08675542527552797, 0.0030248593635338462, 0.006890530304353979, 0.8337936398880433, 0.0030248593635338462], [0.09184104812025543, 0.1270808082253547, 0.0030014114800892885, 0.009804333803627082, 0.7652709868905843, 0.0030014114800892885], [0.7888283856032722, 0.1508317703357019, 0.0030168840491639824, 0.011033150413205938, 0.04327292554949209, 0.0030168840491639824], [0.78229383416227, 0.1529580996249077, 0.00302052440535559, 0.011379239956300325, 0.047327777445810695, 0.00302052440535559], [0.7670546741551679, 0.17167657381928672, 0.0030072758443213323, 0.01103067318826673, 0.0442235271486359, 0.0030072758443213323], [0.8117939765531762, 0.13690379187801055, 0.0030074797118186235, 0.008967848523252785, 0.036319423621923086, 0.0030074797118186235], [0.05414561108723891, 0.033817205519837815, 0.037196168508620064, 0.0064999458094650185, 0.8653228875706541, 0.0030181815041841844], [0.98500332438622, 0.002999335122756038, 0.002999335122756038, 0.002999335122756038, 0.002999335122756038, 0.002999335122756038]], [[0.98500332438622, 0.002999335122756038, 0.002999335122756038, 0.002999335122756038, 0.002999335122756038, 0.002999335122756038], [0.9409162300455662, 0.022039930568086088, 0.017816753076672655, 0.004220378176223023, 0.011990262691666965, 0.003016445441785138], [0.9250679617203429, 0.04841795124351435, 0.0030117847095158445, 0.004670798338908444, 0.015819719278202703, 0.0030117847095158445], [0.9070795842663028, 0.06124769381315286, 0.0030021071366818216, 0.004901181519829672, 0.020767326127351087, 0.0030021071366818216], [0.8725327003933948, 0.037312319410334534, 0.045618447423474, 0.008059899770766868, 0.03346033781424983, 0.0030162951877800667], [0.8386333457821143, 0.04324577698666569, 0.05853348331331138, 0.010840678695385108, 0.04573849694496544, 0.0030082182775581453], [0.98500332438622, 0.002999335122756038, 0.002999335122756038, 0.002999335122756038, 0.002999335122756038, 0.002999335122756038], [0.5389017401450733, 0.06011986235604325, 0.13010479648697462, 0.01647585009308267, 0.25138855340465505, 0.00300919751417111], [0.7915248368864339, 0.13983635313306714, 0.0030088069458806647, 0.010889505169977602, 0.051731690918760107, 0.0030088069458806647], [0.10559828177738956, 0.11757392337611933, 0.003003937663079837, 0.010339894364615477, 0.760480025155716, 0.003003937663079837], [0.8562244771901332, 0.0857827415665843, 0.003017066143432103, 0.008791781389812573, 0.043166867566605704, 0.003017066143432103], [0.06323835622933958, 0.026725300704881556, 0.021253277638810186, 0.006209022230503626, 0.8795386920683987, 0.0030353511280663426], [0.98500332438622, 0.002999335122756038, 0.002999335122756038, 0.002999335122756038, 0.002999335122756038, 0.002999335122756038], [0.850623108660164, 0.04016419879131655, 0.046809788846466915, 0.0100885549201371, 0.04929557918538036, 0.0030187695965351586], [0.8490695814105682, 0.08778911406902497, 0.0030128370112169393, 0.009072783725442898, 0.04804284677253012, 0.0030128370112169393], [0.8828823226430259, 0.06999003067223837, 0.0030117460373077637, 0.007021469940896276, 0.03408268466922397, 0.0030117460373077637], [0.0938116469316589, 0.08855283832696842, 0.003017806437982844, 0.009933940690510505, 0.8016659611748964, 0.003017806437982844], [0.8137305121900671, 0.1189985032438631, 0.003002510400155589, 0.010415047899609823, 0.05085091586614889, 0.003002510400155589], [0.12135213124403861, 0.1314477360096545, 0.003015694391799091, 0.012402551629424365, 0.7287661923332842, 0.003015694391799091], [0.10154369328146334, 0.1426296898959191, 0.003006450719085017, 0.011505794729763963, 0.7383079206546835, 0.003006450719085017], [0.10653462059897244, 0.14910822593203565, 0.0030126534711781756, 0.01161835010225495, 0.7267134964243807, 0.0030126534711781756], [0.7887303990944765, 0.14064989441775866, 0.0030099631300579484, 0.011722004001652684, 0.05287777622599627, 0.0030099631300579484], [0.800736813265486, 0.13477734805983155, 0.003004538199971091, 0.010393233223189594, 0.04808352905155079, 0.003004538199971091], [0.8499866148461103, 0.10066260867954953, 0.0030096278046004296, 0.008136381122307051, 0.035195139742832296, 0.0030096278046004296], [0.8986597251756258, 0.06639027389011519, 0.003000731927387844, 0.005881644251622673, 0.023066892827860775, 0.003000731927387844], [0.9185229267812258, 0.05213422351810221, 0.003004050069636945, 0.004881564822782808, 0.018453184738615232, 0.003004050069636945], [0.9268328344262305, 0.04770506920927266, 0.003008986267196452, 0.004529596914209265, 0.014914526915894582, 0.003008986267196452], [0.014976665169793372, 0.02768356137708243, 0.003003980451449695, 0.003003980451449695, 0.9483278320987751, 0.003003980451449695], [0.016301605691126448, 0.02852614560588578, 0.0030054962885637617, 0.0030054962885637617, 0.9461557598372965, 0.0030054962885637617], [0.9182575393608661, 0.05341640489903101, 0.003005030933296488, 0.004936694606884425, 0.017379299266625535, 0.003005030933296488], [0.9063471706398097, 0.05970175049613279, 0.003001480025721128, 0.005579206998152785, 0.022368911814462347, 0.003001480025721128], [0.8873512508726291, 0.07108680843200588, 0.003005747084896544, 0.006852785718121923, 0.02869766080745012, 0.003005747084896544], [0.8404729121222703, 0.09834666472836501, 0.003005549888652059, 0.009264834774242068, 0.04590448859781846, 0.003005549888652059], [0.7958658555927739, 0.11648959424217152, 0.0030002099986396326, 0.0105882104773129, 0.07105591969046243, 0.0030002099986396326], [0.7535065075983208, 0.15225761067982588, 0.003000562567857669, 0.012132995180632588, 0.07610176140550542, 0.003000562567857669], [0.4955880904718411, 0.2335418580754666, 0.00302074874239456, 0.029135356877256196, 0.23569319709064704, 0.00302074874239456], [0.774870024785467, 0.14963608938237188, 0.003031965150972483, 0.020849099347434938, 0.04858085618278128, 0.003031965150972483], [0.7854142064166992, 0.1568569128779929, 0.0030016517098281326, 0.009607387857425084, 0.04211818942822666, 0.0030016517098281326], [0.8545520660151156, 0.045719308660798284, 0.05479531445610367, 0.008524378916208525, 0.03340652772002588, 0.0030024042317480897], [0.98500332438622, 0.002999335122756038, 0.002999335122756038, 0.002999335122756038, 0.002999335122756038, 0.002999335122756038]], [[0.98500332438622, 0.002999335122756038, 0.002999335122756038, 0.002999335122756038, 0.002999335122756038, 0.002999335122756038], [0.9628462148753085, 0.015107029499151157, 0.01006602837652003, 0.0030010314750555612, 0.005978664298909164, 0.0030010314750555612], [0.9224681778200767, 0.05121584022614982, 0.00300967073553064, 0.00466813004183144, 0.015628510440880886, 0.00300967073553064], [0.9157051776926074, 0.05550111970905687, 0.0030052644924472194, 0.004851681122498904, 0.01793149249094241, 0.0030052644924472194], [0.9045955658012976, 0.06073176211935305, 0.0030024425547612575, 0.005109787997359439, 0.023557998972467447, 0.0030024425547612575], [0.09253354609716369, 0.039712118025685035, 0.051524708345887966, 0.008892436829616237, 0.80431705020049, 0.0030201405011568553], [0.98500332438622, 0.002999335122756038, 0.002999335122756038, 0.002999335122756038, 0.002999335122756038, 0.002999335122756038], [0.8068705353312894, 0.049019926737141534, 0.06827904716119945, 0.023713493731591737, 0.049095667084473986, 0.0030213299543039446], [0.795810214027815, 0.14032338317226692, 0.0030023229953224416, 0.01049222842957589, 0.04736952837969738, 0.0030023229953224416], [0.8330751967934862, 0.11073557045720094, 0.003002561827869243, 0.0089723316981947, 0.04121177739537965, 0.003002561827869243], [0.8999095981979632, 0.03135001781868415, 0.031876907804570934, 0.006952411873102562, 0.026902053260901344, 0.00300901104477766], [0.98500332438622, 0.002999335122756038, 0.002999335122756038, 0.002999335122756038, 0.002999335122756038, 0.002999335122756038], [0.98500332438622, 0.002999335122756038, 0.002999335122756038, 0.002999335122756038, 0.002999335122756038, 0.002999335122756038], [0.13530404356617196, 0.048736894474842696, 0.05561494881072271, 0.012891205282936411, 0.7443736126294398, 0.003079295235886434], [0.8032383616485685, 0.12251324812131299, 0.003008814687936251, 0.011667810156846556, 0.056562950697399486, 0.003008814687936251], [0.10387091046777919, 0.10020807734164718, 0.0030095497417762305, 0.010569476698133035, 0.7793324360088881, 0.0030095497417762305], [0.8807105010558105, 0.07401780610862535, 0.0030094070305013315, 0.00718526450800437, 0.032067614266557035, 0.0030094070305013315], [0.09098206079348527, 0.0914150214543003, 0.0030157934472026873, 0.009642064223196292, 0.8019292666346127, 0.0030157934472026873], [0.8194363792379556, 0.11457047439470634, 0.0030016141749524645, 0.011071718092454351, 0.04891819992497874, 0.0030016141749524645], [0.829208112476741, 0.11447039526220537, 0.0030015647487519085, 0.009323404471666042, 0.040994958291883786, 0.0030015647487519085], [0.09333915503564225, 0.11682982451704722, 0.003001765019883772, 0.009813333568343432, 0.7740141568391995, 0.003001765019883772], [0.1047888438135804, 0.12775130859161077, 0.003003404779625383, 0.010598275359093861, 0.7508547626764642, 0.003003404779625383], [0.08728116610472465, 0.101715658362587, 0.003009633417829759, 0.008803779652950625, 0.7961801290440782, 0.003009633417829759], [0.8961569153331435, 0.06811270742385894, 0.0030009290730717737, 0.005937709788713696, 0.02379080930814038, 0.0030009290730717737], [0.04783132934570116, 0.05846470534775119, 0.0030039314881194165, 0.005733307957266167, 0.8819627943730427, 0.0030039314881194165], [0.9212312261227195,