{"prediction": [[[0.9661984218954058, 0.009981890431349689, 0.0030576629185154135, 0.0030576629185154135, 0.014646698917698368, 0.0030576629185154135], [0.8990268805211786, 0.029191552947791292, 0.011790737679324278, 0.0037539776534183406, 0.05248287354486897, 0.0037539776534183406], [0.9003619748796907, 0.033413534254166835, 0.007297797534586532, 0.0037683019413863456, 0.05139008944878331, 0.0037683019413863456], [0.908533853957318, 0.025337231479797773, 0.00630087282830828, 0.003992010242320235, 0.05214823828392, 0.00368779320833582], [0.9308093169687658, 0.02696499239478086, 0.0036187319935700986, 0.0033717205688690408, 0.03186351750514517, 0.0033717205688690408], [0.932075768107039, 0.023641481452512172, 0.003411913730873725, 0.003366945625967434, 0.03413694545764031, 0.003366945625967434], [0.9243841197209858, 0.027691662878856094, 0.0034601192700706883, 0.0034601192700706883, 0.03754385958994608, 0.0034601192700706883], [0.9333380832051283, 0.020282887482039536, 0.00346015694523708, 0.0033649432936444573, 0.03618898578030613, 0.0033649432936444573], [0.9264620477715123, 0.019661399162900828, 0.005869199192741313, 0.0034393357099397953, 0.04112868245296606, 0.0034393357099397953], [0.9242459380348542, 0.019500920183364186, 0.006117047547788607, 0.0034726859595581054, 0.04319072231487692, 0.0034726859595581054], [0.9126111856399294, 0.03047500952511604, 0.00796094742698812, 0.004231918970556718, 0.041163187668128355, 0.003557750769281301], [0.9245125273472575, 0.027469278095795364, 0.006178298704163511, 0.003516249882571772, 0.03490097718378281, 0.0034226687864288828], [0.9014792419722906, 0.034738068013337856, 0.005433801727579489, 0.00377094555087979, 0.05080699718503262, 0.00377094555087979], [0.9186249763443479, 0.024775420284077664, 0.004759148823626094, 0.0035457756121784973, 0.044748903323591396, 0.0035457756121784973], [0.9116545378059879, 0.028843708860178743, 0.005279171746629713, 0.0036290870084248485, 0.046964407570353764, 0.0036290870084248485], [0.9312208519819996, 0.020768302318924008, 0.003433601976386703, 0.00339335118480815, 0.037790541353073526, 0.00339335118480815], [0.9398140973356558, 0.016079535851701555, 0.00330266842992849, 0.00330266842992849, 0.034198361522857, 0.00330266842992849], [0.938350576296751, 0.019302012563706564, 0.003303040415072325, 0.003303040415072325, 0.03243828989432544, 0.003303040415072325], [0.9462950974477896, 0.014768638852849103, 0.003227213249253038, 0.003227213249253038, 0.029254623951602228, 0.003227213249253038], [0.9507481617490766, 0.013783275366411323, 0.003180911112459112, 0.003180911112459112, 0.025925829547134724, 0.003180911112459112], [0.9289638789887584, 0.017481052459106174, 0.00345354798340993, 0.00345354798340993, 0.043194424601905757, 0.00345354798340993], [0.9236787513248094, 0.023060798843143625, 0.004034492113452704, 0.0034859682513315683, 0.042254021215931276, 0.0034859682513315683], [0.9253165636549547, 0.028964408868631785, 0.004119018493388756, 0.0034346830712808645, 0.0347306428404628, 0.0034346830712808645], [0.941155309281155, 0.015358399504641025, 0.003289489232657989, 0.003289489232657989, 0.033617823516229994, 0.003289489232657989], [0.9425486206765429, 0.016612807474420625, 0.0032631785644224617, 0.0032631785644224617, 0.031049036155769122, 0.0032631785644224617], [0.9479342779114475, 0.014068749841751896, 0.0032115933702841696, 0.0032115933702841696, 0.028362192135948167, 0.0032115933702841696], [0.946932880331035, 0.011313695560006005, 0.003243855806087911, 0.003243855806087911, 0.03202185669069534, 0.003243855806087911], [0.9390710161996876, 0.00997831047503917, 0.003370666681841132, 0.003370666681841132, 0.04083867327974982, 0.003370666681841132], [0.9358069065636694, 0.011177420697857331, 0.0034083372579240584, 0.0034083372579240584, 0.04279066096470109, 0.0034083372579240584], [0.9494892590211599, 0.01137716722174044, 0.0032108366363047982, 0.0032108366363047982, 0.02950106384818534, 0.0032108366363047982], [0.938269550474269, 0.017808278604886627, 0.003312350885488354, 0.003312350885488354, 0.03398511826437942, 0.003312350885488354], [0.941429074708705, 0.013632720329960704, 0.0032989154642334424, 0.0032989154642334424, 0.035041458568634096, 0.0032989154642334424], [0.9288588378452393, 0.019713473608509755, 0.005664227665804978, 0.0034045970648634983, 0.03895426675071901, 0.0034045970648634983], [0.93541496261845, 0.017654975640340177, 0.003918252843479441, 0.00334555780228361, 0.0363206932931631, 0.00334555780228361], [0.907367133110536, 0.027808382428536102, 0.006509715122733757, 0.003930954172739909, 0.050696791072825334, 0.00368702409262896], [0.9166016439542652, 0.024861188739325364, 0.007482724805730006, 0.005078394731005428, 0.042461036802583334, 0.00351501096709063], [0.8733634270656154, 0.05027996246740349, 0.008703575444681807, 0.006552419687366787, 0.056968062482629124, 0.004132552852303442], [0.8868705863198202, 0.04574683804209045, 0.010119588450212056, 0.007204334756378309, 0.04618631716499545, 0.0038723352665035226], [0.8531774819994727, 0.052675944274764984, 0.02044880617481606, 0.007325813832159134, 0.06203664689310575, 0.004335306825681482], [0.9486304721595746, 0.0071266947218702826, 0.0032622226825314805, 0.0032622226825314805, 0.03445616507096058, 0.0032622226825314805]], [[0.9086176129568592, 0.023329600919611785, 0.011042909647255458, 0.0036382158565743178, 0.04973344476312502, 0.0036382158565743178], [0.8941593201547327, 0.05981748402553551, 0.03050939057054755, 0.005038395349259493, 0.007444319905942777, 0.0030310899939819265], [0.8239051404237423, 0.08518064425448744, 0.06552106229497126, 0.008742799630936658, 0.013640644211782774, 0.003009709184079614], [0.0393260930670118, 0.08856997442350213, 0.07620762095779375, 0.009544399531356924, 0.7833384007695379, 0.003013511250797541], [0.7628992793727782, 0.0967467304656304, 0.1015849037954753, 0.012544450119901797, 0.023172327791454395, 0.0030523084547599065], [0.06597678799794392, 0.13595703592660488, 0.13808266998486676, 0.016541594158276347, 0.6404349391843018, 0.0030069727480061966], [0.7686537381482985, 0.09473585722811703, 0.0950788351953914, 0.012947963451741271, 0.02554050392093172, 0.003043102055520048], [0.7944523665150478, 0.08994782027805721, 0.07834259099036583, 0.011828494950601207, 0.02240973442830487, 0.003018992837623033], [0.7779817308118394, 0.09001983439678041, 0.08769667531887601, 0.012721685629260718, 0.028547696248594105, 0.0030323775946493304], [0.7407330612649483, 0.07530384844308913, 0.06904362458279359, 0.030845210052684053, 0.07345457907476508, 0.01061967658171993], [0.0822038929571891, 0.16115855596114373, 0.1884756634653828, 0.02183796662487655, 0.5433079759692648, 0.003015945022142955], [0.09379720298168759, 0.1444532096768547, 0.200515003334322, 0.01867826864690059, 0.539522742383076, 0.0030335729771590607], [0.07422154967393911, 0.1673490242833514, 0.1890695974225783, 0.020886051493458877, 0.5454566010102724, 0.0030171761163998475], [0.6780474701623668, 0.15919204356570196, 0.12117808125300547, 0.014244063374914183, 0.02433101877335616, 0.0030073228706555583], [0.748585610495748, 0.10526282094180443, 0.10783520722934692, 0.011797432456376043, 0.023507068226856772, 0.0030118606498679354], [0.03958864673180825, 0.09753999097462636, 0.06380112033541237, 0.00907105905012263, 0.7869988711180127, 0.00300031179001766], [0.03733017778831702, 0.08034198315217453, 0.06252381040373967, 0.009019899421401958, 0.8077786613010145, 0.003005467933352302], [0.027442303351506114, 0.057746510453057495, 0.04105169062137428, 0.0075119261399644215, 0.8631515190718971, 0.0030960503622005924], [0.8288116380307438, 0.07987295216915212, 0.06036906268473944, 0.010062210723311019, 0.0178783417989008, 0.0030057945931528857], [0.8280999453360942, 0.08056105678808118, 0.06356072596358942, 0.009187000828423992, 0.015584417303178206, 0.0030068537806330685], [0.783716824092807, 0.10034747550062433, 0.08254864533015624, 0.01059303332304971, 0.019783450380861992, 0.003010571372500682], [0.03293110263214727, 0.08707704534654809, 0.08421118780732628, 0.008873794262326443, 0.7838842201818881, 0.003022649769763962], [0.8038048173480802, 0.0979857584736593, 0.07108414023248066, 0.008778991494364317, 0.015343230545702358, 0.0030030619057130545], [0.031476499176180915, 0.08332425439184701, 0.07067994914017543, 0.008342282381043844, 0.8031657491796064, 0.0030112657311464515], [0.8994569603353696, 0.05517132308456582, 0.030301302271200006, 0.00483591897382807, 0.007208365477320106, 0.0030261298577164103], [0.9112876879232005, 0.049627304318775045, 0.026194201901319627, 0.004053274562865086, 0.005824032375646375, 0.00301349891819346], [0.9244014391243813, 0.042387415029823294, 0.02109936450729227, 0.0034397233897620013, 0.005667932502799833, 0.0030041254459412855], [0.9247611672501045, 0.0401035060147108, 0.02324160108034881, 0.0032199946746777138, 0.005670669430710481, 0.0030030615494477117], [0.9204892195247549, 0.04378283404059019, 0.024274019674846388, 0.0032687336780510617, 0.005181304041704973, 0.0030038890400522398], [0.9142729493302899, 0.043737232404717864, 0.02830309640201897, 0.0037938296352974035, 0.006887034098685571, 0.003005858128990369], [0.8473244753874826, 0.06856297829101869, 0.06000564290986238, 0.007017683633824718, 0.014085709892050094, 0.003003509885761674], [0.03702407751164241, 0.07522389902655606, 0.06657325154475376, 0.008189606838464184, 0.809987022176242, 0.0030021429023417276], [0.7916452263784372, 0.08381455910901574, 0.08744587298917943, 0.011070527485450028, 0.02300730738849407, 0.0030165066494236585], [0.7092729784939128, 0.12555738280524475, 0.11690437874850136, 0.015468382516399929, 0.02978745276165056, 0.003009424674290755], [0.6707500442243848, 0.12178001911935349, 0.15647933697242572, 0.015845290310592567, 0.03214268072279694, 0.0030026286504465692], [0.08404386886498148, 0.1826122889257912, 0.16832696908027137, 0.02259417914093683, 0.539392050470526, 0.0030306435174932765], [0.5588160521552972, 0.15621964721899342, 0.22291230357366099, 0.0214187300914705, 0.03755255515406959, 0.0030807118065080963], [0.5550462595276919, 0.18138197006813067, 0.19293416775649944, 0.024106258885457737, 0.04345503204313533, 0.003076311719085003], [0.5852614075940036, 0.15839072186253736, 0.18916966299768734, 0.023330996686152454, 0.04080362922337055, 0.003043581636248753], [0.904514167431662, 0.02812982691825082, 0.015980242682391153, 0.0063255974886337945, 0.041472954490048945, 0.0035772109890132233]], [[0.9246969301187962, 0.02698047728282081, 0.0045151698356676855, 0.0034436428725051413, 0.03692013701770512, 0.0034436428725051413], [0.8409314903791673, 0.07795586532746977, 0.05524663822459605, 0.008476680934530084, 0.014383676500687718, 0.0030056486335489994], [0.8072467577712414, 0.1572284178798934, 0.0030109824563135023, 0.010438048965746401, 0.019064810470491838, 0.0030109824563135023], [0.05471474005595698, 0.21950928587377358, 0.003065071797589282, 0.014150230452380057, 0.7054956000227108, 0.003065071797589282], [0.06799515260566806, 0.27569399004695677, 0.0030235763894801114, 0.016393334983784435, 0.6338703695846305, 0.0030235763894801114], [0.6416227914975613, 0.3001727310520167, 0.0030204720899415045, 0.018214999693846497, 0.033948533576692315, 0.0030204720899415045], [0.6865477805049897, 0.253083015940917, 0.0030041192156086234, 0.01725558994063797, 0.037105375182238255, 0.0030041192156086234], [0.7279800215118196, 0.20501871861928872, 0.0030738569981828565, 0.018318004234750093, 0.042535541637776016, 0.0030738569981828565], [0.6833622644079507, 0.12222872468892844, 0.1340586357168728, 0.018294499967849525, 0.03905520545024354, 0.0030006697681550626], [0.7871611985722559, 0.06078058537768577, 0.05315422533849588, 0.03276394180695792, 0.051796390329835795, 0.014343658574768665], [0.10830375310284705, 0.15647644016584278, 0.2062656020899164, 0.02247695217869707, 0.503445492698206, 0.0030317597644907352], [0.3176184628133475, 0.508058351068034, 0.0030045503216048035, 0.0323348892552864, 0.13597919622012256, 0.0030045503216048035], [0.5719681662779801, 0.3579259201531662, 0.0030348928635774565, 0.02146167727786342, 0.04257445056383535, 0.0030348928635774565], [0.6075894762864954, 0.3311229053054738, 0.0030092760494536217, 0.0180217008194617, 0.037247365489661816, 0.0030092760494536217], [0.6635824995946181, 0.283438042795659, 0.0030080605122144847, 0.01656189158832935, 0.03040144499696458, 0.0030080605122144847], [0.0647425828755294, 0.17741106013909938, 0.003024054039862829, 0.016106838450301104, 0.7356914104553446, 0.003024054039862829], [0.7942383617305141, 0.1525793757518558, 0.003011475406580476, 0.016326871762771884, 0.030832439941697362, 0.003011475406580476], [0.79415853148955, 0.15441467371627418, 0.003011893569044692, 0.016288830117679984, 0.029114177538406227, 0.003011893569044692], [0.8003253271556402, 0.15344776270100224, 0.0030094570089826923, 0.01441250805983561, 0.025795488065556583, 0.0030094570089826923], [0.7602062156941791, 0.19631034108243012, 0.0030149355887171903, 0.01412503090634802, 0.023328541139608423, 0.0030149355887171903], [0.677870726818459, 0.2725588730752302, 0.003040371126326809, 0.021699149568225422, 0.021790508285431828, 0.003040371126326809], [0.04344669480028133, 0.2145344065975891, 0.0030248873676415587, 0.011887857115611574, 0.724081266751235, 0.0030248873676415587], [0.7365768555029129, 0.22186730679984676, 0.003037668108918853, 0.013766071259515514, 0.02171443021988732, 0.003037668108918853], [0.7713279196683682, 0.19375435810853603, 0.0030151009605360866, 0.011312731148135637, 0.017574789153887983, 0.0030151009605360866], [0.8121895099186897, 0.15535147695936077, 0.0030141047739409787, 0.010383784469275363, 0.016047019104792414, 0.0030141047739409787], [0.8886180522294564, 0.09165093597439068, 0.0030428395855452207, 0.005815368484086382, 0.007829964140976187, 0.0030428395855452207], [0.016393186620489976, 0.0779312938011101, 0.0030151855891156097, 0.004813580328044488, 0.8948315680721242, 0.0030151855891156097], [0.9118856392398379, 0.0697006771021833, 0.003010890294498124, 0.004871590442214494, 0.007520312626768128, 0.003010890294498124], [0.014778898353407257, 0.07222799844055021, 0.003005389296363279, 0.0037707270826069393, 0.903211597530709, 0.003005389296363279], [0.8591280062074466, 0.11296532388272602, 0.0030153652092679813, 0.007353018992117954, 0.014522920499173557, 0.0030153652092679813], [0.043529618327987005, 0.14105502628688216, 0.0030082996365142474, 0.009875597503121518, 0.7995231586089809, 0.0030082996365142474], [0.7914532567858464, 0.16460360030556773, 0.0030100955063446714, 0.012025488906154111, 0.02589746298974253, 0.0030100955063446714], [0.7090011481449687, 0.23460660233901479, 0.0030120318136870505, 0.016371009240006843, 0.03399717664863546, 0.0030120318136870505], [0.6569375062384807, 0.2806693177823029, 0.003007067886359538, 0.01835869770824406, 0.03802034249825337, 0.003007067886359538], [0.6107415677865229, 0.3168733529335971, 0.003022468585761244, 0.021102145256233173, 0.04523799685212441, 0.003022468585761244], [0.579029387143303, 0.3530589757985277, 0.0030560114641106843, 0.02140084198751643, 0.04039877214243152, 0.0030560114641106843], [0.536051094590775, 0.3804743362464696, 0.0030951758072704314, 0.024906442742303976, 0.052377774805910514, 0.0030951758072704314], [0.29614403480780127, 0.5362138038182698, 0.0030241341766461287, 0.02976060241529888, 0.1318332906053378, 0.0030241341766461287], [0.5627386138130593, 0.17534113127251158, 0.19267637674951194, 0.023105839868941356, 0.043071475404660664, 0.003066562891315245], [0.9038739471421813, 0.029722300890377133, 0.007938767285475027, 0.005925217596637548, 0.04885825839681232, 0.00368150868851667]], [[0.928789256111159, 0.020184119577617576, 0.003434318244387805, 0.003434318244387805, 0.040723669578060034, 0.003434318244387805], [0.8226466720579173, 0.08078385617934118, 0.06751922299065262, 0.009301365623316495, 0.016743155173534332, 0.003005727975238125], [0.7829266386723088, 0.1715163258965267, 0.0030187549542465275, 0.013522312577754972, 0.025997212944916557, 0.0030187549542465275], [0.0768626008925038, 0.25788161376875407, 0.003015882246869162, 0.01650634921005703, 0.6427176716349468, 0.003015882246869162], [0.6154297262969244, 0.311474437747488, 0.00303771572687608, 0.020783657700422942, 0.04623674680141269, 0.00303771572687608], [0.605059887297766, 0.3079919902327533, 0.0030092178472532157, 0.026585696576347764, 0.05434399019862655, 0.0030092178472532157], [0.10163069799525258, 0.33604151546810157, 0.0030123677241392405, 0.022754868199491858, 0.5335481828888755, 0.0030123677241392405], [0.10564530471330297, 0.24523939610695072, 0.0030014749924819864, 0.020700528093639103, 0.6224118211011433, 0.0030014749924819864], [0.7563528425274165, 0.09023567406693607, 0.09683433345237083, 0.015413002664434558, 0.03810197703913914, 0.003062170249702935], [0.806375948467636, 0.05782035820176369, 0.03483346697154013, 0.02863757723890238, 0.0625462692239384, 0.009786379896219501], [0.5954727148390355, 0.15602906582013537, 0.17716658979832978, 0.023137340279228077, 0.04512741813198463, 0.0030668711312867095], [0.5586050881288445, 0.34582667342751106, 0.0030605317048762897, 0.03711181817400454, 0.05233535685988742, 0.0030605317048762897], [0.5789055149018979, 0.3383001330540429, 0.0030549135289720617, 0.022395721931852432, 0.054288803054262716, 0.0030549135289720617], [0.6458136282766564, 0.2934929522395683, 0.003025284275378165, 0.019599476480456818, 0.035043374452562136, 0.003025284275378165], [0.7298560085761227, 0.2068347430834818, 0.0030332518613150174, 0.026729265215621734, 0.03051347940214389, 0.0030332518613150174], [0.7598782151280769, 0.18325527350990764, 0.003012264396117142, 0.016997182289983547, 0.033844800279797464, 0.003012264396117142], [0.7880656998478013, 0.1547971768856577, 0.0030161027672100517, 0.0185862284252199, 0.03251868930690099, 0.0030161027672100517], [0.06336038311499455, 0.16795823504961346, 0.003015743161532058, 0.015967270382960266, 0.7466826251293677, 0.003015743161532058], [0.7440009270241864, 0.2058839652767462, 0.003024592887597052, 0.01704901597128248, 0.027016905952590767, 0.003024592887597052], [0.6642887208580647, 0.28652071299503673, 0.0030130944705670268, 0.017238385285730823, 0.02592599192003358, 0.0030130944705670268], [0.062003826590432735, 0.34486669360063377, 0.0030276862058968034, 0.01676422600795165, 0.5703098813891881, 0.0030276862058968034], [0.6263751727150498, 0.3241371965365293, 0.0030126977988920614, 0.016187246219851494, 0.02727498893078552, 0.0030126977988920614], [0.6311885053843815, 0.320411895004613, 0.0030130779632917895, 0.015845338472666552, 0.02652810521175539, 0.0030130779632917895], [0.04804716662830613, 0.2287521354752106, 0.003036561418723726, 0.013672059419495333, 0.7034555156395405, 0.003036561418723726], [0.7727824239324133, 0.19125147157365086, 0.0030131135814605876, 0.011654523067289785, 0.01828535426372496, 0.0030131135814605876], [0.04218524585157394, 0.1499342798723612, 0.0030085322432852933, 0.011272799142870625, 0.7905906106466236, 0.0030085322432852933], [0.02260887751224664, 0.0900717092467013, 0.0030404605190692676, 0.006582967315091647, 0.874655524887822, 0.0030404605190692676], [0.9013907950723834, 0.07837257029175504, 0.0030223507221383704, 0.005676215251664852, 0.008515717939919912, 0.0030223507221383704], [0.8526236557009623, 0.11524313433429803, 0.0030099305155248074, 0.008833188598223034, 0.017280160335466855, 0.0030099305155248074], [0.03647780146164384, 0.12031827516358025, 0.003021805701783583, 0.007836979163944338, 0.8293233328072644, 0.003021805701783583], [0.8147582189133701, 0.14392813426894874, 0.0030020925149058294, 0.011618605151851752, 0.023690856636017787, 0.0030020925149058294], [0.23006960465512788, 0.22213423036074703, 0.016572813157388084, 0.06389729971608263, 0.2735830436644844, 0.1937430084461701], [0.6969954638668772, 0.23668202849775521, 0.0030049748466991944, 0.018753823248261817, 0.04155873469370751, 0.0030049748466991944], [0.6409557710602286, 0.28185814683257854, 0.0030046626905959055, 0.022636424344050842, 0.048540332381950074, 0.0030046626905959055], [0.3678927677218402, 0.422959410116662, 0.0030088890516727558, 0.027240383046017017, 0.1758896610121354, 0.0030088890516727558], [0.594334352449022, 0.33054525257764794, 0.0030334826657116313, 0.021600809280753853, 0.04745262036115291, 0.0030334826657116313], [0.5639205252614368, 0.36647456666736944, 0.003071582823831415, 0.021340332162859597, 0.04212141026067132, 0.003071582823831415], [0.5559013797308417, 0.36618954739879267, 0.003073270087938375, 0.023944921599032686, 0.047817611095456174, 0.003073270087938375], [0.08659630351711926, 0.1655879179689784, 0.2166047558024832, 0.02412518165441887, 0.504028969840383, 0.003056871216617396], [0.9088642692419912, 0.03103014132984274, 0.005847444971636184, 0.005063756947353932, 0.04556140587252028, 0.0036329816366558617]], [[0.9193628870936114, 0.021109339851509194, 0.007175601319629446, 0.00355398784805027, 0.045273603530708806, 0.003524580356491017], [0.8050392930285463, 0.0882243891837339, 0.07315666121310445, 0.01065529864713606, 0.019911199077163932, 0.003013158850315451], [0.7388545702520762, 0.21624553988848003, 0.0030457115995470097, 0.012168971775634727, 0.026639494884715027, 0.0030457115995470097], [0.6505347289252656, 0.27320166863009016, 0.0030043839960644286, 0.020872268451102478, 0.04938256600141295, 0.0030043839960644286], [0.1390517332596777, 0.2999650096163055, 0.0030129253430731377, 0.02621667509232136, 0.5287407313455491, 0.0030129253430731377], [0.3256226167920011, 0.46797699298373363, 0.00300531967296554, 0.036798437421164634, 0.1635913134571696, 0.00300531967296554], [0.6070231168639436, 0.3070876583385475, 0.003007468053303621, 0.02321389742438898, 0.05666039126651261, 0.003007468053303621], [0.6624541387335472, 0.25880917912455303, 0.0030013400722035473, 0.022219997488963958, 0.05051400450852889, 0.0030013400722035473], [0.09439692037734612, 0.12958097789168832, 0.10755474328158593, 0.017688401140494997, 0.647750764002698, 0.003028193306186614], [0.8323499348842435, 0.047489123473394255, 0.028716119647683617, 0.02270807323103291, 0.061493039191420504, 0.007243709572225301], [0.6657359271562832, 0.12997931800688362, 0.14088746585664333, 0.018819365912096396, 0.04157501417496608, 0.003002908893127275], [0.6066197735158073, 0.3079191057000228, 0.0030266208889324787, 0.024265528827672713, 0.05514235017863217, 0.0030266208889324787], [0.6153703754943214, 0.30852013542871254, 0.00302354215820963, 0.021996673673774406, 0.0480657310867724, 0.00302354215820963], [0.6361199726510799, 0.28901634778516666, 0.0030004953318572445, 0.02159201443183141, 0.0472706744682075, 0.0030004953318572445], [0.6850605438341025, 0.239514162990781, 0.0030032260127737208, 0.021893691662346493, 0.047525149487222584, 0.0030032260127737208], [0.7740205556471113, 0.1609449469963499, 0.003028009184653431, 0.019311900102914534, 0.03966657888431752, 0.003028009184653431], [0.7775304021785352, 0.158682090586763, 0.0030254305361435497, 0.020683905352539694, 0.037052740809874946, 0.0030254305361435497], [0.07530648208150463, 0.1958375644022958, 0.0030206489681980048, 0.018584613695671832, 0.7042300418841319, 0.0030206489681980048], [0.6648444560416098, 0.2819144493913234, 0.003009291796216841, 0.018205932849410585, 0.02901657812522243, 0.003009291796216841], [0.6004743855837001, 0.3450842315140788, 0.0030157527585536526, 0.018296897256436087, 0.03011298012867755, 0.0030157527585536526], [0.10872879428425049, 0.38348007745657, 0.003062699192826002, 0.02275697310031981, 0.4789087567732078, 0.003062699192826002], [0.5821797047492555, 0.36282099205640683, 0.0030239851479450016, 0.01793986926764932, 0.03101146363079829, 0.0030239851479450016], [0.6125391226557229, 0.33894213691812697, 0.0030171606628669593, 0.016003421428187063, 0.02648099767222939, 0.0030171606628669593], [0.6226153769853838, 0.32778233548144897, 0.0030134777194584027, 0.016504594498256257, 0.027070737595994192, 0.0030134777194584027], [0.04928967308941813, 0.1985790798292442, 0.003043822239413277, 0.013394343404625218, 0.732649259197886, 0.003043822239413277], [0.7685896791982517, 0.18768482323951036, 0.0030102344160532397, 0.01503077647800101, 0.02267425225213057, 0.0030102344160532397], [0.823592800133546, 0.13793859352421867, 0.003003348905831604, 0.012112291172954183, 0.020349617357618026, 0.003003348905831604], [0.8899516255027203, 0.08631469046379966, 0.0030393298173223937, 0.006900438488416253, 0.010754585910419003, 0.0030393298173223937], [0.8951933889063086, 0.08195597998397468, 0.003024089211862097, 0.006278269854772836, 0.010524182831219546, 0.003024089211862097], [0.8297218983727459, 0.13185901761186072, 0.003002205236169029, 0.011194098260309147, 0.021220575282746294, 0.003002205236169029], [0.8306922031565637, 0.13221283317632065, 0.00300295394822696, 0.010900000619380503, 0.020189055151281426, 0.00300295394822696], [0.07023106153249456, 0.16550950496133887, 0.003007977212329342, 0.014598011618575818, 0.743645467462932, 0.003007977212329342], [0.26677867026319846, 0.2315121300682879, 0.016440043739004578, 0.07620493316797418, 0.21680104622919621, 0.1922631765323386], [0.11079552396747006, 0.27287117994471766, 0.0030006867383372353, 0.023753604437684536, 0.5865783181734533, 0.0030006867383372353], [0.2486657094254799, 0.2636461558570246, 0.016462830588430708, 0.07632170158217055, 0.20267098580781404, 0.19223261673908032], [0.6390116256474818, 0.29589600270945654, 0.0030113012201233237, 0.01885789377707534, 0.04021187542573983, 0.0030113012201233237], [0.6326285009767444, 0.3137106069316735, 0.0030267919931197904, 0.01688289982497745, 0.030724408280365077, 0.0030267919931197904], [0.6024989682626342, 0.3350312603623922, 0.0030385629143835574, 0.019260743483935337, 0.037131902062271245, 0.0030385629143835574], [0.6486198051255324, 0.14835884819779738, 0.14850031224394836, 0.018568515499951102, 0.03294428963330352, 0.00300822929946722], [0.925566735065333, 0.016029445319483384, 0.006375103273368279, 0.004121758221172244, 0.04443809930026211, 0.0034688588203809854]], [[0.9124091786055959, 0.019082629032002703, 0.005691998776673042, 0.0036941490089897394, 0.0554278955677489, 0.0036941490089897394], [0.7963087947215295, 0.09128795877503167, 0.07884923024928957, 0.010924258456118685, 0.019610462296132503, 0.0030192955018981294], [0.06638538760975084, 0.2377172115591366, 0.003040884714334327, 0.013548702254188893, 0.676266929148255, 0.003040884714334327], [0.7121322480379773, 0.23356495283682538, 0.003022843058778377, 0.014647205878582403, 0.03360990712905826, 0.003022843058778377], [0.6347295827771859, 0.27748378558543396, 0.003009917589809301, 0.02510454080496992, 0.05666225565279153, 0.003009917589809301], [0.17218206640346848, 0.2815198978083747, 0.003014949147915583, 0.023434026824220272, 0.5168341106681053, 0.003014949147915583], [0.6350467236387278, 0.28562686680341653, 0.003010222603895434, 0.022739122710848336, 0.05056684163921658, 0.003010222603895434], [0.7280891703221062, 0.20763455311952062, 0.0030129009225949976, 0.017565900350194702, 0.040684574362988585, 0.0030129009225949976], [0.7949945213561633, 0.08091324875601946, 0.07082813403674434, 0.014059982629459027, 0.036178456407297846, 0.003025656814315794], [0.8422199817078595, 0.04231652259585818, 0.021751485395123015, 0.022242713873914015, 0.06489726406028562, 0.006572032366959742], [0.748316367624689, 0.0957651057367766, 0.1008180327612083, 0.014371821487454039, 0.03770572084707159, 0.0030229515428005123], [0.6473637673317141, 0.26123198047638235, 0.0030068463282794428, 0.022065982236616394, 0.06332457729872841, 0.0030068463282794428], [0.4336711673504111, 0.34039855897695664, 0.003057475590224086, 0.02508034204535888, 0.19473498044682527, 0.003057475590224086], [0.12830747676803075, 0.26129862493946016, 0.0030125445295468034, 0.03275410517054408, 0.5716147040628714, 0.0030125445295468034], [0.7129305744905788, 0.21155549005039417, 0.0030027478129126517, 0.021347475047494707, 0.04816096478570703, 0.0030027478129126517], [0.7171658962607487, 0.20178695043175215, 0.0030094803682623014, 0.024478394852799217, 0.05054979771817542, 0.0030094803682623014], [0.7675246855004247, 0.1661982767547311, 0.003034160126370111, 0.020215046955509252, 0.039993670536594673, 0.003034160126370111], [0.09278864031682259, 0.25075828857131366, 0.0030028760323915814, 0.022074308221298466, 0.6283730108257822, 0.0030028760323915814], [0.629397862101882, 0.3087828773315006, 0.003004479764467713, 0.021008741920982957, 0.03480155911669912, 0.003004479764467713], [0.5655390081432872, 0.35444964418743596, 0.003043261392007954, 0.021809592619201235, 0.052115232266059734, 0.003043261392007954], [0.2994264379249625, 0.5088282792810743, 0.0030023491943560747, 0.03383996295249673, 0.15190062145275454, 0.0030023491943560747], [0.5446208434736435, 0.3713285814897984, 0.0030644529926747554, 0.025192413447413128, 0.05272925560379552, 0.0030644529926747554], [0.5668258270751376, 0.361598486946636, 0.0030204607074262916, 0.022397810960721937, 0.04313695360265179, 0.0030204607074262916], [0.6075688880109041, 0.3368165261475665, 0.003012645724298955, 0.019308566377750268, 0.03028072801518129, 0.003012645724298955], [0.6497446178339357, 0.2980975559960009, 0.00301278574786438, 0.018022393810567038, 0.02810986086376776, 0.00301278574786438], [0.7538450150142759, 0.2035155390845411, 0.0030207887614402407, 0.014610925760306474, 0.02198694261799606, 0.0030207887614402407], [0.05037146597255757, 0.16465210430913596, 0.0030015266267161807, 0.012991220245381388, 0.7659821562194928, 0.0030015266267161807], [0.8232913232609871, 0.13137711769627253, 0.0030007599978543577, 0.013657360090409718, 0.025672678956621828, 0.0030007599978543577], [0.8884375023274307, 0.08388976665463224, 0.0030357800985697813, 0.008265861329908697, 0.013335309490888925, 0.0030357800985697813], [0.8897461476320309, 0.08354220988428289, 0.0030331211084454477, 0.007948493246379022, 0.012696907020416138, 0.0030331211084454477], [0.8235375799903725, 0.135678809245946, 0.003001448248158207, 0.012551486662767801, 0.022229227604597345, 0.003001448248158207], [0.8099922514931304, 0.14509625504056997, 0.003001847365215281, 0.013564031362065765, 0.02534376737380343, 0.003001847365215281], [0.7749149877947769, 0.17163722919945607, 0.0030167888720043605, 0.01585165090715557, 0.03156255435460286, 0.0030167888720043605], [0.6851876203708404, 0.2391510600678904, 0.0030025758504239313, 0.02351786976266055, 0.04613829809776085, 0.0030025758504239313], [0.21867347078243965, 0.22478445652592932, 0.01643754893396474, 0.07715266387590261, 0.270656374656155, 0.19229548522560863], [0.687027731866211, 0.2536668922665207, 0.003006089693954124, 0.01685318470826932, 0.03644001177109064, 0.003006089693954124], [0.716773298378336, 0.22761263578608668, 0.0030883479628580207, 0.01612063799423485, 0.03331673191562638, 0.0030883479628580207], [0.0644111124908619, 0.2809390172355715, 0.0030330701386143432, 0.014131865422872716, 0.6344518645734651, 0.0030330701386143432], [0.7649280013325107, 0.09955821208586021, 0.09630951836535458, 0.012710631313302603, 0.023451890876219628, 0.003041746026752235], [0.9251203540699794, 0.014863058354001223, 0.004267561377842115, 0.003533326211177824, 0.04868237377582162, 0.003533326211177824]], [[0.9297576402146224, 0.013561122760007862, 0.006545499729333416, 0.003458936215983111, 0.04324385951488667, 0.0034329415651665764], [0.7403280205324027, 0.10459954927854304, 0.11524748922513552, 0.013412188978257324, 0.023325303048344098, 0.0030874489373173097], [0.08490760797131101, 0.29932597755208046, 0.003035769218260583, 0.020102205685961817, 0.5895926703541255, 0.003035769218260583], [0.12302187890140394, 0.3248865861110165, 0.003034081970341995, 0.024668081867069723, 0.521355289179826, 0.003034081970341995], [0.6791174010285799, 0.25933222764590885, 0.003006576873708858, 0.017438998598814637, 0.03809821897927892, 0.003006576873708858], [0.6618730053265421, 0.25956225897583896, 0.003001272007805385, 0.02096724429092177, 0.051594947391086304, 0.003001272007805385], [0.7325372242722299, 0.11884013252680689, 0.09693741137418219, 0.015476610917617423, 0.03317605865499994, 0.0030325622541636905], [0.799232865029079, 0.08363059576217502, 0.0659507477803536, 0.01482653269703385, 0.033337043606942764, 0.00302221512441581], [0.8354738317927367, 0.0513844909962233, 0.009556074732054982, 0.02708345621134638, 0.0697988147113922, 0.006703331556246314], [0.79825511399277, 0.08520596871835699, 0.06696933247914995, 0.012841852141116952, 0.03365349800611029, 0.0030742346624956], [0.7465077929272115, 0.18256902990318577, 0.003055066725189961, 0.01699675588849261, 0.04781628783073018, 0.003055066725189961], [0.7393305671130694, 0.18546734600760423, 0.0030233187646443384, 0.01789454345354549, 0.051260905896492244, 0.0030233187646443384], [0.6566679964448849, 0.22666749687082355, 0.003003041692779175, 0.023404535283736518, 0.08725388801499662, 0.003003041692779175], [0.6961955916584268, 0.22075890751132565, 0.003002877620326716, 0.02140298374793589, 0.05563676184165826, 0.003002877620326716], [0.09896436686978898, 0.22438863354478888, 0.00300281551617061, 0.022235201764346593, 0.6484061667887343, 0.00300281551617061], [0.7829227708591322, 0.15664468797236206, 0.0030195724026627203, 0.017088074767815934, 0.03730532159536437, 0.0030195724026627203], [0.7871462431888144, 0.1523030264707071, 0.003016967534777177, 0.018176090121626836, 0.036340705149297325, 0.003016967534777177], [0.7892886836818396, 0.1523819258969867, 0.003015116355689804, 0.018007124625289597, 0.03429203308450436, 0.003015116355689804], [0.10421614267473288, 0.26181434056339625, 0.003011636726876615, 0.02183322766409317, 0.6061130156440244, 0.003011636726876615], [0.6000255588044131, 0.3263649268675229, 0.0030289511004302177, 0.02054192226872022, 0.04700968985848341, 0.0030289511004302177], [0.5641323640781357, 0.3445896586871014, 0.0030423262641675005, 0.026483105913993586, 0.05871021879243438, 0.0030423262641675005], [0.12863628571474997, 0.38090580361562787, 0.003041607702269769, 0.026099711918251316, 0.45827498334683137, 0.003041607702269769], [0.3330924077608009, 0.49043048943003636, 0.003002781286645261, 0.029311834779106656, 0.14115970545676565, 0.003002781286645261], [0.10313047756725614, 0.3439287175501223, 0.003023447507703318, 0.022637058768521953, 0.524256851098693, 0.003023447507703318], [0.06589967911225629, 0.30608681450446257, 0.003022100746348926, 0.019374018003342174, 0.6025952868872413, 0.003022100746348926], [0.0657479989056788, 0.2615934484121094, 0.003028153965911718, 0.017730064194470287, 0.6488721805559182, 0.003028153965911718], [0.7583160363045915, 0.186970935429573, 0.003003181367955549, 0.016482355391010468, 0.03222431013891389, 0.003003181367955549], [0.06273079811260857, 0.15439814767153912, 0.0030067801340215436, 0.015054130358060821, 0.7618033635897484, 0.0030067801340215436], [0.06034205911897647, 0.14939539035819108, 0.003001110041058706, 0.014491170858360183, 0.7697691595823549, 0.003001110041058706], [0.8757713655436371, 0.09396216853202087, 0.0030578150893976037, 0.009556006853862934, 0.014594828891683865, 0.0030578150893976037], [0.8821027773734611, 0.09107978722131703, 0.003044358104446668, 0.008201252576234032, 0.012527466620094364, 0.003044358104446668], [0.8221182641610212, 0.13114945843194467, 0.0030001991730807137, 0.014317988007364547, 0.02641389105350821, 0.0030001991730807137], [0.8134492942316549, 0.13873480603125987, 0.003000462702074995, 0.013977217680394989, 0.027837756652540294, 0.003000462702074995], [0.7919087382993815, 0.15651027777755064, 0.0030067014389487975, 0.015464056100786787, 0.03010352494438346, 0.0030067014389487975], [0.09996261640283434, 0.2204722764285061, 0.0030179070059155096, 0.020493432818812118, 0.6530358603380164, 0.0030179070059155096], [0.08156974606114291, 0.180966367911384, 0.003025910132531871, 0.01672610556632043, 0.7146859601960889, 0.003025910132531871], [0.7717722588363973, 0.18229574023506961, 0.0030241194791750677, 0.014270509040864967, 0.02561325292931819, 0.0030241194791750677], [0.05605688615942811, 0.19498654287177472, 0.0030277803328555867, 0.013862611241460937, 0.729038399061625, 0.0030277803328555867], [0.8140765554680927, 0.08452118795157994, 0.06940398988039903, 0.010183309277043707, 0.018808671177743905, 0.003006286245140874], [0.9351289206081664, 0.010336506935980152, 0.0034295974953006923, 0.0034295974953006923, 0.044245779969951396, 0.0034295974953006923]], [[0.9084258240657423, 0.022868278877787453, 0.009654301176306059, 0.003991036097481735, 0.051401000150410124, 0.0036595596322723054], [0.06802215869156956, 0.18649838632786214, 0.15157462716098266, 0.019617380093876147, 0.5712786122323954, 0.0030088354933140177], [0.5784940221557335, 0.35088744505630726, 0.0030652740911013845, 0.023174450528654193, 0.041313534077102275, 0.0030652740911013845], [0.5633360606584559, 0.3357326493220087, 0.003049550209559265, 0.02496028917309872, 0.06987190042731835, 0.003049550209559265], [0.12543811224627102, 0.32597129055525625, 0.003027974128915248, 0.022468702191815366, 0.520065946748827, 0.003027974128915248], [0.07571761504818891, 0.11683787602855905, 0.12449952482008572, 0.01542936833776117, 0.6644814132749824, 0.0030342024904226445], [0.8532461199543832, 0.042286771650055226, 0.025198345200581826, 0.021355725100615005, 0.05084384517542789, 0.007069192918936767], [0.8050183249294703, 0.04770342924373011, 0.0327688281766424, 0.025851951213123427, 0.07978824019965153, 0.008869226237382033], [0.7870347122384967, 0.09071134416361944, 0.07337797145651524, 0.01346790546002842, 0.03234818533879246, 0.0030598813425476543], [0.7245347648697494, 0.2030564444810504, 0.0030337478987423087, 0.0179903896773994, 0.04835090517431617, 0.0030337478987423087], [0.6856952683394328, 0.2204660544139958, 0.0030224123096540914, 0.02169055954466531, 0.06610329308259776, 0.0030224123096540914], [0.7098072600434563, 0.21029729843888453, 0.0030261036522654344, 0.020455909365325972, 0.05338732484780235, 0.0030261036522654344], [0.6853485703354568, 0.2288483118247954, 0.0030143020329468336, 0.022119930841342207, 0.057654582932512015, 0.0030143020329468336], [0.13397342464618991, 0.2763723511941925, 0.0030140948355609175, 0.026615338206339916, 0.5570106962821559, 0.0030140948355609175], [0.6273740194969113, 0.284668641534285, 0.003020158032844346, 0.03243571937855727, 0.0494813035245577, 0.003020158032844346], [0.6988646129159035, 0.23206552322596077, 0.003009949256008615, 0.021210899543371912, 0.041839065802746406, 0.003009949256008615], [0.772689316168378, 0.16927948857959763, 0.0030076604011768553, 0.017269660874193248, 0.03474621357547746, 0.0030076604011768553], [0.7380358092243184, 0.178210797447091, 0.0030115320865770545, 0.02069941115059727, 0.057030918004839226, 0.0030115320865770545], [0.6975334163539864, 0.2260704493520156, 0.003001408268972281, 0.022366847018727227, 0.04802647073732609, 0.003001408268972281], [0.09596971621433974, 0.26323415716270954, 0.0030027591475960324, 0.022578119883811518, 0.612212488443947, 0.0030027591475960324], [0.5818503523882538, 0.3285348801717849, 0.0030109857833610716, 0.026490162190315688, 0.057102633682923405, 0.0030109857833610716], [0.1046675501607248, 0.3167255084532946, 0.0030090405352965347, 0.024504890044541507, 0.5480839702708461, 0.0030090405352965347], [0.5824534178347114, 0.332307447379002, 0.003027318677018125, 0.023542064778274054, 0.055642432653976434, 0.003027318677018125], [0.621200236046569, 0.3126423336177682, 0.003011155878455204, 0.02046164463417724, 0.03967347394457512, 0.003011155878455204], [0.6616863121586869, 0.2778427481256197, 0.0030048963854879106, 0.020387859983049, 0.03407328696166845, 0.0030048963854879106], [0.7255822404471691, 0.21936215847757543, 0.003013195528119692, 0.018083581072680276, 0.03094562894633577, 0.003013195528119692], [0.06801624707973881, 0.16880227016674998, 0.003017868294716556, 0.015649994116223566, 0.74