{"prediction": [[[0.8042350520873791, 0.08290745450757651, 0.01375483574850018, 0.019370888126917445, 0.07543307730304684, 0.0042986922265797894], [0.8071022848981472, 0.09633405901541123, 0.016687947121303653, 0.019851203461924885, 0.055748336383373315, 0.004276169119839781], [0.8197279499157079, 0.11071524736746226, 0.00698945924612744, 0.014825255607362479, 0.043417991146714824, 0.0043240967166251615], [0.8150444024370047, 0.10773808868688042, 0.007099935529521225, 0.015702345075144196, 0.05007465514135522, 0.004340573130094065], [0.8347070110651138, 0.09301238167595063, 0.004143509072036318, 0.010140598661568525, 0.053852990453294274, 0.004143509072036318], [0.8602668545738388, 0.07855114565913886, 0.0038652232931273072, 0.008264052955837086, 0.045187500224930684, 0.0038652232931273072], [0.8577365040530329, 0.0807823557592832, 0.003896599705622016, 0.00820498214140415, 0.04548295863503552, 0.003896599705622016], [0.8868595838269961, 0.06729266429594633, 0.0036200150299950068, 0.0057894824803059654, 0.03281823933676167, 0.0036200150299950068], [0.8809799420326527, 0.07475373409932408, 0.003703025198261806, 0.005219629471497706, 0.031640644000001925, 0.003703025198261806], [0.8925871639487355, 0.06598986473668257, 0.0035805250706283345, 0.0046416487505337245, 0.029620272422791548, 0.0035805250706283345], [0.8981680163395676, 0.06825387342676725, 0.0035618381503964187, 0.004224405766459239, 0.022230028166413094, 0.0035618381503964187], [0.9053685301658916, 0.06345423766596976, 0.0034950849582244844, 0.0036371396783243604, 0.020549922573365322, 0.0034950849582244844], [0.9020077235928798, 0.0627632000831585, 0.003509866849050238, 0.0035696613812889084, 0.024639681244572352, 0.003509866849050238], [0.8952354908269822, 0.06588045824938076, 0.003566003822273612, 0.004044429097996515, 0.02770761418109347, 0.003566003822273612], [0.8910544793501245, 0.06705830800998355, 0.0035977143630231373, 0.004397696606351487, 0.030294087307494236, 0.0035977143630231373], [0.8836963470754995, 0.07083656566821654, 0.0036706834306835376, 0.004050072262748454, 0.03407564813216852, 0.0036706834306835376], [0.8765537081387069, 0.07568642059661197, 0.0037441879210903337, 0.004569846092706045, 0.035701649329794506, 0.0037441879210903337], [0.8794837927562862, 0.0755391244146992, 0.0037243677666629945, 0.004179606082330833, 0.03334874121335783, 0.0037243677666629945], [0.8889791188911277, 0.0724580956722337, 0.0036450064005201957, 0.003767599583759028, 0.027505173051839228, 0.0036450064005201957], [0.8929841114293374, 0.07195572438425556, 0.00361803025257538, 0.003697414407971529, 0.02412668927328481, 0.00361803025257538], [0.8605155169668627, 0.0838372765731073, 0.003906471116151654, 0.005294348918311692, 0.04253991530941519, 0.003906471116151654], [0.8800181140442246, 0.07616344190991303, 0.003721437997243319, 0.004588584500592374, 0.03178698355078322, 0.003721437997243319], [0.8898803456082027, 0.07238543875331811, 0.0036375913690929254, 0.004004926490587166, 0.026454106409706264, 0.0036375913690929254], [0.8845197508387103, 0.07157136279906488, 0.003665587855147663, 0.004484416593949244, 0.0320932940579801, 0.003665587855147663], [0.8963951088347759, 0.06616277523272118, 0.003562316767597035, 0.003677019401187136, 0.026640462996121744, 0.003562316767597035], [0.9046177796673764, 0.0610712801695068, 0.0034856167544122076, 0.0035014116491502846, 0.023838295005142073, 0.0034856167544122076], [0.899555312438048, 0.06284724095031355, 0.003522374771974604, 0.00409525411378539, 0.026457442953903846, 0.003522374771974604], [0.8982480776918386, 0.06342894486530085, 0.003530132054562414, 0.004732393937764121, 0.026530319395971603, 0.003530132054562414], [0.8786206313057265, 0.07249431094964318, 0.003705106152333991, 0.005815154280983061, 0.035659691158979274, 0.003705106152333991], [0.8896561122135187, 0.06724794787207355, 0.0036026035439572024, 0.005371155784724645, 0.03051957704176863, 0.0036026035439572024], [0.8746088420451983, 0.08116359566567699, 0.0037765742994886544, 0.006765016037495679, 0.02990939765265174, 0.0037765742994886544], [0.8749875144869372, 0.08151890544654194, 0.003774703590261229, 0.007122595307511045, 0.028821577578487353, 0.003774703590261229], [0.8327092004017547, 0.1067938452530693, 0.004232161917551548, 0.010666016719626139, 0.041366613790446594, 0.004232161917551548], [0.8372715181447468, 0.10072275531770075, 0.004159714698279687, 0.010092461449388246, 0.04359383569160492, 0.004159714698279687], [0.8319828390923695, 0.09954081478633806, 0.004196677083480994, 0.01043420369050114, 0.04964878826382931, 0.004196677083480994], [0.8346701906249085, 0.09414033103792203, 0.004544822383448748, 0.010676642568317385, 0.05182634853547125, 0.004141664849932183], [0.7927198777247664, 0.12119829627640921, 0.00824381949816766, 0.015546136644731607, 0.057675057053291165, 0.004616812802634086], [0.8184155150399228, 0.10026299443477608, 0.009344639254586765, 0.015640829252387987, 0.05208123420489147, 0.004254787813435075], [0.8100755250219512, 0.09219429910397282, 0.015894084506502683, 0.015254828463167202, 0.06231753435509283, 0.004263728549313308], [0.8531473003768307, 0.06112448294509831, 0.011338951755028186, 0.012811631012648322, 0.05777099210429296, 0.003806641806101446]], [[0.7988785067634061, 0.10031470275677291, 0.018000653868918602, 0.021297826542032012, 0.05715008294100024, 0.0043582271278702015], [0.6815657734448479, 0.23466529555126642, 0.043511372201911355, 0.00873807967099788, 0.02838565394291913, 0.003133825188057225], [0.6266269670836678, 0.3166472976183957, 0.023332959659360407, 0.007994620570150731, 0.022137759368668106, 0.0032603956997571313], [0.7068544627495619, 0.2506541652699477, 0.016463952224171862, 0.005640076831173457, 0.017184740845632866, 0.0032026020795124007], [0.7434351530868256, 0.22358123398336494, 0.01111990748195286, 0.005583450386793851, 0.013103196342805075, 0.0031770587182576686], [0.7570858727354307, 0.20947116051646603, 0.011059719016965341, 0.005553228974550942, 0.013670292092253284, 0.0031597266643338803], [0.8249614536141475, 0.15326804849216624, 0.007390357009123381, 0.0038856109331098397, 0.00735240347478859, 0.0031421264766644903], [0.8365496779524785, 0.14290644666407154, 0.007336595496320719, 0.0038573448667116044, 0.006230136796066028, 0.0031197982243517577], [0.123687666887905, 0.30615306036841655, 0.00975809370600175, 0.005739805999339843, 0.5505340961952835, 0.004127276843053311], [0.8373090414568011, 0.1421108008565583, 0.007331598088918746, 0.0038547173913657793, 0.006275713150632564, 0.0031181290557236513], [0.10858711054545908, 0.32401443773700267, 0.009780488347927895, 0.0054711880157570945, 0.548008569141066, 0.00413820621278736], [0.11384297529542026, 0.3297618031389705, 0.009913646031291167, 0.005545676190120847, 0.5367416920155984, 0.004194207328598791], [0.7720954208503863, 0.19858144001146522, 0.011024937443136016, 0.005535764693290886, 0.0096090450879601, 0.0031533919137615553], [0.7639863021579951, 0.2074082071247915, 0.011060029387022349, 0.00555338481539923, 0.00882866038687563, 0.0031634161279161955], [0.7565616171048385, 0.2135494161851234, 0.011079512621797198, 0.005563167601354614, 0.01007780143369227, 0.003168485053193861], [0.7492347549735965, 0.2185301183270346, 0.011091010032084247, 0.005568940600816932, 0.012403622292942477, 0.0031715537735252882], [0.1891565164314799, 0.43042893378228136, 0.013639818220951613, 0.0067475266631883786, 0.35618657173198837, 0.0038406331701104166], [0.7498477694008214, 0.22026006678092935, 0.011103446179656236, 0.005575184952497352, 0.010037040623305625, 0.0031764920627901706], [0.8185267027421159, 0.1613721552815581, 0.0074306732287170345, 0.003906807898755933, 0.005601851805754179, 0.003161809043098749], [0.8192701929611791, 0.16096163407107797, 0.007428751419507089, 0.003905797473566961, 0.005272634739315595, 0.003160989335353278], [0.8191377402262237, 0.16092143787768887, 0.007428886214065737, 0.003905868344190689, 0.005445271459951128, 0.003160795877879844], [0.7587445910146152, 0.2126111720899138, 0.011077926984528941, 0.005562371432228825, 0.00883481843552266, 0.0031691200431905645], [0.23266960619543484, 0.4430047315347852, 0.014280058149227668, 0.00706424906497557, 0.29895877440777036, 0.004022580647806496], [0.19698428679381766, 0.4176979344069587, 0.013574385661497148, 0.006715157614539221, 0.36120750375263694, 0.0038207317705503396], [0.24593297152957658, 0.45820717522025395, 0.01628154312377617, 0.007735445501008252, 0.26827796976994317, 0.0035648948554418756], [0.22669180180588397, 0.36192771224171466, 0.013252577281930786, 0.006805237874051839, 0.3875511796377415, 0.003771491158677292], [0.7692680230732345, 0.19978620119605803, 0.010898844145178683, 0.005472451932167309, 0.011421629090514753, 0.003152850562846718], [0.768729528585501, 0.19857122983121073, 0.010888005540959773, 0.005467009727488567, 0.013194610914825511, 0.003149615400014227], [0.8720609286158191, 0.09270614541441123, 0.003891454365493091, 0.00422714829352147, 0.023222868945262043, 0.003891454365493091], [0.8521370632266266, 0.10722800560140833, 0.004129044346969477, 0.004996003066357414, 0.02738083941166875, 0.004129044346969477], [0.6602432345938843, 0.29383384020022624, 0.015175977056495104, 0.006811222126815091, 0.02062737155512015, 0.0033083544674591884], [0.6360516042609544, 0.31190680354582273, 0.014401833919288088, 0.0068050973076369545, 0.027532417604269974, 0.003302243362027873], [0.6407830860470654, 0.3124576499793663, 0.014289401813993043, 0.0069533880010414625, 0.02224110518150372, 0.0032753689770300336], [0.6331511666435599, 0.32783767269819175, 0.014247230132775419, 0.006732044541076523, 0.014762582839389693, 0.0032693031450067777], [0.7260326584743768, 0.2376429175135946, 0.011071187633595174, 0.0055589878476844145, 0.01649671585862155, 0.0031975326721275306], [0.7418866194983935, 0.2261728998612546, 0.011020254793403066, 0.005533413803684219, 0.012202382299012904, 0.0031844297442516615], [0.7412954475185968, 0.22049239115573324, 0.01412969212081464, 0.005513756318327308, 0.015401222196258729, 0.003167490690269325], [0.8125435245761766, 0.16004118552057023, 0.010542195448058879, 0.0038738059773377356, 0.009837945764955058, 0.003161342712901422], [0.8121166957340892, 0.14763908049022592, 0.020800679509763133, 0.003914975175998378, 0.012404514918695922, 0.0031240541712275736], [0.8134492336106081, 0.08696345894762302, 0.015229139422600452, 0.015184710024313661, 0.06495410161145664, 0.004219356383398156]], [[0.8128911866364483, 0.10960710551179526, 0.007730742576961275, 0.017460115267666127, 0.04795324971814423, 0.004357600288984953], [0.6185923211932853, 0.32586813512350704, 0.022421680148372838, 0.008376703279055535, 0.02147192321589847, 0.003269237039880947], [0.15830452865233768, 0.6681976681821857, 0.0033165505757337555, 0.008937641144028275, 0.15792706086998076, 0.0033165505757337555], [0.5261795084936985, 0.44881464920463765, 0.003071090268497448, 0.006873568383480854, 0.01199009338118807, 0.003071090268497448], [0.14069370309738397, 0.60620668547911, 0.0036283123456557352, 0.007117779019751966, 0.23872520771244263, 0.0036283123456557352], [0.6707468136152754, 0.3087684317582555, 0.0030636752594285985, 0.006017607459817178, 0.008339796647794613, 0.0030636752594285985], [0.18482683277633105, 0.5459957682166624, 0.0035488864304976204, 0.0069622473563675635, 0.25511737878964375, 0.0035488864304976204], [0.7893965152616433, 0.19587040093756322, 0.0031170968905072792, 0.004006890114210781, 0.00449199990556806, 0.0031170968905072792], [0.13385873446295785, 0.5061589600146285, 0.004547604861071233, 0.005944118596582871, 0.34494297720368855, 0.004547604861071233], [0.7992206419808979, 0.18613546086403265, 0.0030991268322699194, 0.0039817864840698885, 0.004463857006459754, 0.0030991268322699194], [0.162804150520877, 0.5555824400071546, 0.004952242652632902, 0.006472052128266279, 0.2652368720384363, 0.004952242652632902], [0.6954204063488636, 0.2848750536563172, 0.0030511741663917847, 0.0059866060708734774, 0.007615585591162251, 0.0030511741663917847], [0.701430190880645, 0.27888168420449433, 0.003048522510025587, 0.00598171555214033, 0.007609364342669108, 0.003048522510025587], [0.6817521343679119, 0.29849863701601476, 0.003058351934354066, 0.005999956289521559, 0.007632568457843567, 0.003058351934354066], [0.6674223744686476, 0.3127652162664855, 0.0030675565407685527, 0.006019661125110372, 0.0076576350582194435, 0.0030675565407685527], [0.5883270868922187, 0.389731570093619, 0.0030702396561966805, 0.006859009257477728, 0.008941854444291287, 0.0030702396561966805], [0.6525226362123913, 0.3275931416192424, 0.003078924778092263, 0.006041260677168033, 0.007685111935013826, 0.003078924778092263], [0.6808238963857995, 0.29942262903662065, 0.0030588959253843528, 0.006001346181635479, 0.007634336545175643, 0.0030588959253843528], [0.6999271600337204, 0.2803860319762204, 0.003049160286574914, 0.005980574548960818, 0.007607912867948627, 0.003049160286574914], [0.780080506937825, 0.20511066873369596, 0.003135365160092988, 0.004025373242436907, 0.004512720765856167, 0.003135365160092988], [0.6795836755118939, 0.30065993329234775, 0.003059636381075128, 0.006001978065911295, 0.007635140367696987, 0.003059636381075128], [0.20186096025619027, 0.6569847935798151, 0.003933313861844068, 0.007708658483788578, 0.12557895995651802, 0.003933313861844068], [0.6286234724068486, 0.3513459940112407, 0.0031008785646577755, 0.006086330726754951, 0.007742445725840157, 0.0031008785646577755], [0.5466454408593233, 0.4313979692280518, 0.003072255405937289, 0.0068638777587756395, 0.008948201341974844, 0.003072255405937289], [0.5720997323272854, 0.40595832695886924, 0.003069583868561871, 0.006859838056132202, 0.008942934920589504, 0.003069583868561871], [0.5963214624516028, 0.38193346863561334, 0.003066716147616239, 0.006776867067612197, 0.008834769549939244, 0.003066716147616239], [0.6773146497584746, 0.30184429836670923, 0.0030623588593024476, 0.0059451484370517385, 0.00877118571915961, 0.0030623588593024476], [0.6872938802669859, 0.29258374187770736, 0.0030573669283288085, 0.00593522698440423, 0.008072417014244966, 0.0030573669283288085], [0.29571449913021025, 0.46971521891032775, 0.016857228377493254, 0.008008955593223477, 0.20596301735114186, 0.0037410806376034205], [0.8829096863914435, 0.09439464489121846, 0.0038639251689844317, 0.0038639251689844317, 0.011103893210384562, 0.0038639251689844317], [0.6583014771053733, 0.3030377341350267, 0.0142729880742555, 0.006744215581181465, 0.014363327982638974, 0.003280257121524063], [0.36493288590995987, 0.5930943202232909, 0.003158589396185979, 0.00796931130306921, 0.027686303771308127, 0.003158589396185979], [0.48944736800694666, 0.48485017610546466, 0.0030723507728384484, 0.006795278649033565, 0.012762475692878307, 0.0030723507728384484], [0.5207817821562616, 0.45419352359540116, 0.003063517012332389, 0.006775435463863769, 0.012122224759808667, 0.003063517012332389], [0.13092304745606217, 0.6585529739917617, 0.003297033638995239, 0.007409197805421709, 0.19652071346876393, 0.003297033638995239], [0.14271417283706703, 0.5611319443288849, 0.0035369486832642657, 0.006861389204837051, 0.2822185962626826, 0.0035369486832642657], [0.11166339757223051, 0.5331714621916028, 0.003418471178736154, 0.006734240403854849, 0.3415939574748394, 0.003418471178736154], [0.6827908920807118, 0.2969940777296499, 0.003060060255749999, 0.005944094937013115, 0.008150814741125336, 0.003060060255749999], [0.8309843092117333, 0.1462558402474152, 0.008736076112770535, 0.0038344325311629357, 0.007058920341448212, 0.00313042155546989], [0.8180151914893712, 0.09980518137130714, 0.010887837010402582, 0.014160298338780372, 0.052877228832844424, 0.004254262957294133]], [[0.7977089673966036, 0.12388962583454471, 0.005808078216637511, 0.017312986599519534, 0.050683802707409784, 0.004596539245284711], [0.6261208319518017, 0.302604268371853, 0.03553656038642442, 0.009246287951202895, 0.02326998324588244, 0.003222068092835538], [0.48624572601486193, 0.48622778869702615, 0.0030841878637458465, 0.006903637291039688, 0.014454472269580479, 0.0030841878637458465], [0.4988643732158188, 0.4740178897423489, 0.0030780895464568025, 0.006889981511943419, 0.014071576436975292, 0.0030780895464568025], [0.551778013950023, 0.42625878679435125, 0.003071345089408188, 0.006867537133662922, 0.008952971943146362, 0.003071345089408188], [0.15611920183628591, 0.5471785889984713, 0.0034923715745932274, 0.006851059790567621, 0.28286640622548864, 0.0034923715745932274], [0.6750496449838804, 0.3045322184198506, 0.003060975836333613, 0.0060117249197866865, 0.008284460003815143, 0.003060975836333613], [0.1331668187032453, 0.49773084823535024, 0.003336313680003004, 0.006544490863825249, 0.3558852148375732, 0.003336313680003004], [0.7986174668021241, 0.18673890361718695, 0.0031001923523714613, 0.003980655632271545, 0.004462589243674506, 0.0031001923523714613], [0.8023271994990288, 0.18305796530944804, 0.0030937265516272636, 0.003973176955999626, 0.004454205132268982, 0.0030937265516272636], [0.7046140713783468, 0.27570955137838127, 0.0030472465032110652, 0.00597766835275257, 0.00760421588409724, 0.0030472465032110652], [0.21766807792725648, 0.5649417142222232, 0.0036850298953680135, 0.007223899883661857, 0.20279624817612243, 0.0036850298953680135], [0.2213374080670615, 0.6267842087951289, 0.0038879002070040633, 0.007620076618905907, 0.13648250610489565, 0.0038879002070040633], [0.6596829210327502, 0.3204698895006062, 0.003073236741927021, 0.006029968663565073, 0.007670747319224538, 0.003073236741927021], [0.5728049723170526, 0.40526037646552177, 0.003069579731148881, 0.0068566773449672555, 0.008938814410160596, 0.003069579731148881], [0.24331675939737496, 0.6612074725580934, 0.0034607420604078707, 0.007859206113585608, 0.08069507781013022, 0.0034607420604078707], [0.5732128677620081, 0.4048560047378162, 0.0030695783613689975, 0.006855148921013497, 0.008936821856424243, 0.0030695783613689975], [0.6575726185826705, 0.3225700133401845, 0.0030748703420957154, 0.006033010518221603, 0.007674616874732021, 0.0030748703420957154], [0.6908042022809073, 0.28948102835686507, 0.0030534238638017875, 0.005989127950401078, 0.007618793684222938, 0.0030534238638017875], [0.24572268694125535, 0.6054739056444698, 0.0038945307030809266, 0.0076325267642245965, 0.13338181924388856, 0.0038945307030809266], [0.21863813259688, 0.634625914613521, 0.0039060152307234196, 0.007654609950591793, 0.13126931237756034, 0.0039060152307234196], [0.6521340214058436, 0.3279820792957237, 0.003079247746927734, 0.006040834284890157, 0.007684569519687155, 0.003079247746927734], [0.56117670373861, 0.4168846322651163, 0.0030701850093616057, 0.006857893763885987, 0.00894040021366461, 0.0030701850093616057], [0.549725018339354, 0.4283227907897425, 0.003071694632402441, 0.006862455028564023, 0.008946346577534644, 0.003071694632402441], [0.5065478055864807, 0.4713950450369213, 0.0030854864892838328, 0.006896042712387638, 0.008990133685642745, 0.0030854864892838328], [0.5560156352701839, 0.4222132052683214, 0.0030703268981576324, 0.006785057946672424, 0.008845447718506896, 0.0030703268981576324], [0.25065694754792184, 0.6435145842103426, 0.0034708568129768395, 0.007792936794366376, 0.0910938178214156, 0.0034708568129768395], [0.28914645328460314, 0.5610479695402768, 0.003947177524614698, 0.007648983426167833, 0.13426223869972287, 0.003947177524614698], [0.6939716255333511, 0.286446166563799, 0.003054619875700838, 0.00592973212936434, 0.00754323602208389, 0.003054619875700838], [0.32330880950188495, 0.46823462907278024, 0.01721128075492088, 0.008177167692211171, 0.1792486241852387, 0.0038194887929640805], [0.5844463062113463, 0.39302144866598865, 0.003068234364193311, 0.006784168229381881, 0.00961160816489659, 0.003068234364193311], [0.2669945203524391, 0.6263663233213562, 0.003404045116750778, 0.007645726157114024, 0.0921853399355892, 0.003404045116750778], [0.5276317682189254, 0.44682574503514233, 0.003061165389487659, 0.006770023424168807, 0.012650132542788269, 0.003061165389487659], [0.5485772397293739, 0.42853802871491026, 0.003069816743582898, 0.006787860564222699, 0.009957237504327497, 0.003069816743582898], [0.6735251113335213, 0.30471459792383165, 0.003063018854321754, 0.005948350258077762, 0.00968590277592569, 0.003063018854321754], [0.1540786540264791, 0.5691236914005305, 0.003580362095343696, 0.006944054562899609, 0.26269287581940337, 0.003580362095343696], [0.6773720022898703, 0.3012010629210609, 0.003061007968411222, 0.005945292038353638, 0.009359626813892822, 0.003061007968411222], [0.767822795136599, 0.21650222110444098, 0.003169119835798501, 0.0040295925797162405, 0.0053071515076467705, 0.003169119835798501], [0.8225528913694151, 0.1548613120527257, 0.009024540924877955, 0.0038587530750094365, 0.006552255500549676, 0.0031502470774218685], [0.8086158352804762, 0.10362311423410471, 0.009031382776281596, 0.014793289091026174, 0.05956427466527515, 0.004372103952836214]], [[0.8377668104331141, 0.0922036513755783, 0.004101881050466089, 0.011600446516256585, 0.05022532957411901, 0.004101881050466089], [0.6447028770052352, 0.3074656101738737, 0.01446157645637203, 0.007203297671476198, 0.022890429137893634, 0.00327620955514932], [0.3587696697000717, 0.5967260813985309, 0.0031424026803888823, 0.008023584245847959, 0.03019585929477165, 0.0031424026803888823], [0.18939011530913147, 0.6877927557935982, 0.003411083860551872, 0.007751729340694952, 0.10824323183547166, 0.003411083860551872], [0.5633936160939372, 0.4146537892253916, 0.003069984458133907, 0.0068641150604274075, 0.00894851070397595, 0.003069984458133907], [0.21088700746641564, 0.6355893898858039, 0.003329078514482827, 0.007560940909409919, 0.13930450470940495, 0.003329078514482827], [0.2634644934120526, 0.563232100738108, 0.00382109996983046, 0.0074891542885097495, 0.15817205162166867, 0.00382109996983046], [0.7215673855289418, 0.2587886388341706, 0.0030419270448961383, 0.005968090142575854, 0.0075920314045194335, 0.0030419270448961383], [0.7416169443686044, 0.23876615218617178, 0.0030389396002769224, 0.005958804783134069, 0.00758021946153597, 0.0030389396002769224], [0.7215887646972012, 0.25877545314134076, 0.0030419266332044922, 0.005964484386849509, 0.007587444508199598, 0.0030419266332044922], [0.3149899148401629, 0.5567634297740743, 0.003989891822533519, 0.007818425976968087, 0.11244844576372759, 0.003989891822533519], [0.2560948650254529, 0.5956750408632763, 0.003897279202435883, 0.007637386699172209, 0.13279814900722683, 0.003897279202435883], [0.6226344853096554, 0.355378136348795, 0.003077717136825991, 0.006872500957869903, 0.008959443110027715, 0.003077717136825991], [0.5969409962589992, 0.38111767703384125, 0.0030713405881169016, 0.006858046369965037, 0.008940599160960782, 0.0030713405881169016], [0.25911819567995287, 0.6776302527534571, 0.0035479718779987297, 0.008055162102026392, 0.04810044570856622, 0.0035479718779987297], [0.5334088785054143, 0.4446180994169575, 0.0030754158292356057, 0.006868266988875001, 0.008953923430282014, 0.0030754158292356057], [0.5479182568324789, 0.4301361468843899, 0.003072023877542061, 0.006859306534251379, 0.00894224199379587, 0.003072023877542061], [0.5985979433884152, 0.3794625183472306, 0.003071613658243984, 0.006857032948982412, 0.008939277998883687, 0.003071613658243984], [0.6884022274627108, 0.2918798504260863, 0.0030546683623043774, 0.0059894200813805955, 0.007619165305213533, 0.0030546683623043774], [0.7103086677025089, 0.2700364660867056, 0.0030451845452080517, 0.005970015922933704, 0.0075944811974357155, 0.0030451845452080517], [0.3179081821154548, 0.5720047863244626, 0.0040500626540781485, 0.007935879090642904, 0.09405102716128351, 0.0040500626540781485], [0.6140705696643367, 0.3639641836801422, 0.003075074179472382, 0.006865188363848256, 0.008949909932728022, 0.003075074179472382], [0.5769191311968254, 0.40115491069257986, 0.003069597902399823, 0.006852887971492793, 0.008933874334302443, 0.003069597902399823], [0.5400170411242545, 0.4380233158553498, 0.0030736913147698347, 0.006863956455139049, 0.008948303935716955, 0.0030736913147698347], [0.38366016573201533, 0.5909773852780439, 0.003199694687323791, 0.008157537907598529, 0.0108055217076946, 0.003199694687323791], [0.28994878178190975, 0.6570901472445816, 0.0035535265228827137, 0.007975640478750537, 0.037878377448992584, 0.0035535265228827137], [0.6046623577250867, 0.3736021825240438, 0.003067405805587589, 0.006772097071004064, 0.008828551068690254, 0.003067405805587589], [0.3302342578303053, 0.5805085388702986, 0.003545112942427509, 0.007957010705123108, 0.07420996670941803, 0.003545112942427509], [0.706570924706545, 0.2738976536021442, 0.0030482572197621342, 0.005912980739688412, 0.007521926512098156, 0.0030482572197621342], [0.6974262628827091, 0.28300962770568344, 0.0030527408830678857, 0.005923420575883029, 0.007535207069588758, 0.0030527408830678857], [0.4073399899398816, 0.42063465680333256, 0.015103514087723617, 0.015103514087723617, 0.027698964321766485, 0.11411936075957238], [0.4365275008639072, 0.39706149888637987, 0.015187940198626607, 0.015187940198626607, 0.02127440825254692, 0.1147607115999129], [0.3996303817511608, 0.42228795929417523, 0.015026431077822122, 0.015026431077822122, 0.03447491562033285, 0.11355388117868694], [0.3258083722301686, 0.44823926655500235, 0.014592068406681546, 0.014592068406681546, 0.08647674875282374, 0.11029147564864221], [0.7028871512628035, 0.27544462186408936, 0.0030454571736974324, 0.005911925705477537, 0.009665386820234732, 0.0030454571736974324], [0.18951773728313306, 0.4758974481346366, 0.003416590335159487, 0.006622506719471326, 0.32112912719244, 0.003416590335159487], [0.13060384377838768, 0.44776546166998393, 0.004308205303226809, 0.005569642872858345, 0.40744464107231637, 0.004308205303226809], [0.7877856841568335, 0.19752326816290894, 0.0031285936882892223, 0.00397623117804808, 0.004457629125630962, 0.0031285936882892223], [0.827145516948103, 0.1510053829898779, 0.007314734795249107, 0.0038458512164069652, 0.00754516522145494, 0.0031433488289080392], [0.842086551937279, 0.08359270951097142, 0.005622925148391574, 0.00861270205587275, 0.056048584217717495, 0.00403652712976771]], [[0.8140638780253678, 0.10422377310672189, 0.004378964989119324, 0.011887483494787009, 0.06106693539488467, 0.004378964989119324], [0.657048003650414, 0.28831065292428065, 0.014572784285492649, 0.007632317665375587, 0.029177145238597695, 0.003259096235839298], [0.4865566004168198, 0.48767401773975605, 0.0030877810617989648, 0.006908032586702641, 0.01268578713312364, 0.0030877810617989648], [0.5168959344472261, 0.4597684156075319, 0.0030780593801057413, 0.0068855505045822005, 0.01029398068044835, 0.0030780593801057413], [0.5528420903830483, 0.42520215683318147, 0.0030711870413241424, 0.006864441903315227, 0.008948936797806607, 0.0030711870413241424], [0.6792942551702902, 0.3009372083988369, 0.0030598014478596296, 0.006007178136634928, 0.007641755398518642, 0.0030598014478596296], [0.7071977655929456, 0.2731296872649558, 0.0030462719640741436, 0.005976840475643633, 0.007603162738306881, 0.0030462719640741436], [0.7249550296566669, 0.25540442368217414, 0.0030411674812641423, 0.005967249578739057, 0.007590962119891687, 0.0030411674812641423], [0.7436416866982112, 0.23674405006863622, 0.0030388407929645487, 0.0059577297454441284, 0.007578851901779316, 0.0030388407929645487], [0.726636363584216, 0.25373324815530257, 0.00304083322559551, 0.005963072882030974, 0.007585648927259307, 0.00304083322559551], [0.6736787095978422, 0.3065470915632458, 0.0030633360540262508, 0.006006558972948968, 0.007640967757910667, 0.0030633360540262508], [0.5945760149896129, 0.3834847938893175, 0.003070987691610965, 0.006857425709971737, 0.008939790027875937, 0.003070987691610965], [0.2913151524545561, 0.6334414842093256, 0.0035198412100901503, 0.00799152747030744, 0.060212153445630696, 0.0035198412100901503], [0.24697126595957988, 0.6713931212260519, 0.0034971987397792764, 0.007940069660409867, 0.06670114567439989, 0.0034971987397792764], [0.5506517404413844, 0.42740052048203286, 0.003071541530997052, 0.006860655465509613, 0.008944000549078958, 0.003071541530997052], [0.3839841136068211, 0.590652484235255, 0.0032000679249912707, 0.008157626822739234, 0.010805639485202214, 0.0032000679249912707], [0.273648100557686, 0.6750484298881786, 0.003583516758359311, 0.00813559369431169, 0.03600084234310503, 0.003583516758359311], [0.5830444873189755, 0.39502834675447124, 0.003069833858336057, 0.006853207420671899, 0.00893429078920937, 0.003069833858336057], [0.6122181897495604, 0.3658178331897809, 0.003074569110909592, 0.006865075735636809, 0.008949763103202755, 0.003074569110909592], [0.2734244879694103, 0.6082817091604588, 0.003999441298964673, 0.00783642473775938, 0.10245849553444217, 0.003999441298964673], [0.7094536629109615, 0.2708886025216734, 0.003045476310395218, 0.005971021522235008, 0.007595760424339712, 0.003045476310395218], [0.7116256772972996, 0.26872094818318853, 0.003044745778644562, 0.005969745619222285, 0.007594137343000405, 0.003044745778644562], [0.278036436306257, 0.6509874369471771, 0.0035277727227242327, 0.008009096110641295, 0.05591148519047613, 0.0035277727227242327], [0.5983621313967902, 0.37969275669678204, 0.0030715699477633874, 0.006859490364253897, 0.008942481646647078, 0.0030715699477633874], [0.5808598173918053, 0.3972072506462918, 0.003069714722653708, 0.006855813834860058, 0.008937688681735414, 0.003069714722653708], [0.6069368921800299, 0.37132537955216216, 0.0030676764002158822, 0.006772846887975146, 0.008829528579401036, 0.0030676764002158822], [0.6290731888488043, 0.34915957899317857, 0.0030722404789181815, 0.006781691805135662, 0.008841059395045175, 0.0030722404789181815], [0.7123884179573823, 0.26809909994276626, 0.0030457860013210353, 0.005906820302264192, 0.007514089794945277, 0.0030457860013210353], [0.3331572583060473, 0.5300064868856289, 0.004024864930997763, 0.00779708330924045, 0.12098944163708779, 0.004024864930997763], [0.632427441903312, 0.3457881454572145, 0.0030732322921013023, 0.006788288619378404, 0.008849659435892504, 0.0030732322921013023], [0.5978453618982826, 0.3804131419026213, 0.003066806561991855, 0.006775237689554955, 0.008832645385557407, 0.003066806561991855], [0.3302668823848114, 0.5940164954037959, 0.0035792814484360237, 0.008034309296305553, 0.06052375001821533, 0.0035792814484360237], [0.6144115402718847, 0.3626684047267468, 0.003066591825269533, 0.006779033635360603, 0.010007837715468882, 0.003066591825269533], [0.6496079804022085, 0.3279665685534932, 0.00307857097426679, 0.006805041034045771, 0.009463268061718957, 0.00307857097426679], [0.44463105805584846, 0.3534769977242444, 0.014792050042036216, 0.014792050042036216, 0.06050564578357933, 0.11180219835225536], [0.7388755727766518, 0.24146558798045153, 0.003037980391086826, 0.005896925787303656, 0.007685952673419409, 0.003037980391086826], [0.7211648548978639, 0.25862378694230326, 0.0030411521451644313, 0.005904914505830054, 0.008224139363674067, 0.0030411521451644313], [0.6979281626898021, 0.28053758247009647, 0.0030482091974069533, 0.005918886733852575, 0.009518949711434941, 0.0030482091974069533], [0.8104742148688416, 0.1648403686431559, 0.007397667746121374, 0.003889454682413618, 0.010220274392158704, 0.003178019667308845], [0.8427718455542316, 0.0866891321350666, 0.00434653945147144, 0.008086491149238184, 0.05405085278303499, 0.00405513892695721]], [[0.8614985767780392, 0.07682198402436537, 0.0038452839063001106, 0.008654651589876139, 0.0453342197951191, 0.0038452839063001106], [0.6443269829534356, 0.3126608054734071, 0.014478462466651697, 0.006841305931966491, 0.018406756315528388, 0.0032856868590106286], [0.504909188463236, 0.46934051249561065, 0.003078002606945442, 0.006886364599661509, 0.012707929227601014, 0.003078002606945442], [0.5103043103446231, 0.46614045560310874, 0.0030803376413421203, 0.006890273981169851, 0.010504284788414297, 0.0030803376413421203], [0.24879559837813076, 0.6602559089804287, 0.003472125230665348, 0.007884890925467179, 0.07611935125464273, 0.003472125230665348], [0.5857008263560095, 0.3923539401907138, 0.003070005160170649, 0.0068609016463554535, 0.008944321486579965, 0.003070005160170649], [0.3158892481400549, 0.5316889130602686, 0.003917527438486333, 0.007677710146768451, 0.13690907377593567, 0.003917527438486333], [0.7087887460477414, 0.2715459627678206, 0.0030457041245057076, 0.005974146814395724, 0.007599736121030885, 0.0030457041245057076], [0.7242958539835714, 0.256072503095774, 0.003041312574981575, 0.005963203140769086, 0.007585814629922442, 0.003041312574981575], [0.7025316600155059, 0.27779266472301434, 0.0030480769763791622, 0.005976628379178479, 0.007602892929542977, 0.0030480769763791622], [0.2766329694712471, 0.6474125908371354, 0.0035139550874105662, 0.007977921162113356, 0.06094860835468297, 0.0035139550874105662], [0.5440137054662563, 0.4340361374133798, 0.003072796022615371, 0.006860615989530516, 0.008943949085602837, 0.003072796022615371], [0.5533690669914982, 0.42468955944575676, 0.003071121012290344, 0.006858257341226585, 0.008940874196937827, 0.003071121012290344], [0.5744604343008114, 0.40361029367406953, 0.0030695742922747884, 0.006854347009110447, 0.008935776431459054, 0.0030695742922747884], [0.559794424786726, 0.4182736259138748, 0.003070325880541504, 0.00685485667411781, 0.008936440864198552, 0.003070325880541504], [0.5148571717119237, 0.4631265514907038, 0.0030818583828614685, 0.006881450157666536, 0.008971109873983038, 0.0030818583828614685], [0.532566693734627, 0.44546227948968936, 0.0030756607941149127, 0.006867188172705207, 0.008952517014748761, 0.0030756607941149127], [0.28427490371654696, 0.6782720814368521, 0.0036273020813055393, 0.00823470009187139, 0.02196371059211845, 0.0036273020813055393], [0.6103878252111223, 0.36765604603444685, 0.0030740981935023634, 0.006862077700070141, 0.008945854667355882, 0.0030740981935023634], [0.696767145231398, 0.28354537800734525, 0.003050562675376039, 0.00597963444833381, 0.007606716962170874, 0.003050562675376039], [0.7191314527606218, 0.2612320041750816, 0.003042542359456647, 0.00596427728820277, 0.0075871810571805426, 0.003042542359456647], [0.7188274343963987, 0.26153587714296167, 0.0030426222453835096, 0.0059642709612430095, 0.007587173008629659, 0.0030426222453835096], [0.7028023941025715, 0.2775251880375834, 0.0030479691979664113, 0.0059752896003218295, 0.007601189863590458, 0.0030479691979664113], [0.6468796795277518, 0.3310615174026159, 0.003088043393529187, 0.006894540708168415, 0.008988175574405564, 0.003088043393529187], [0.6403921321294188, 0.337571196363846, 0.0030848679379383223, 0.006887690472747888, 0.008979245158110716, 0.0030848679379383223], [0.6494480152782858, 0.3287349489932927, 0.0030795516149424856, 0.006796963681369024, 0.008860968817167643, 0.0030795516149424856], [0.7299432915002529, 0.2505866548294085, 0.0030401503247379554, 0.005893107428115496, 0.007496645592747253, 0.0030401503247379554], [0.3375124497961901, 0.5440992324842397, 0.004086775703675857, 0.00791624276306364, 0.10229852354915468, 0.004086775703675857], [0.6659583911071839, 0.3121636251653979, 0.003087682799208686, 0.006816361300267439, 0.008886256828733351, 0.003087682799208686], [0.2935127993828784, 0.6051961971537397, 0.0034923509338925323, 0.007839019427445124, 0.08646728216815172, 0.0034923509338925323], [0.6013981567869404, 0.37685753218356854, 0.0030670734360579563, 0.006776227886268057, 0.008833936271107042, 0.0030670734360579563], [0.4544811823173395, 0.5137300990576644, 0.0032338701094091296, 0.008152443474632494, 0.017168534931545406, 0.0032338701094091296], [0.6276815806306839, 0.34899983368114457, 0.003069002047038746, 0.006784033812720348, 0.01039654778137379, 0.003069002047038746], [0.6648798912905806, 0.31235926996670627, 0.003085615998864218, 0.006820698284108638, 0.009768908460876205, 0.003085615998864218], [0.2608345406079141, 0.5196372265247877, 0.003240959330457021, 0.007278751696170608, 0.2057675625102135, 0.003240959330457021], [0.4391245264044124, 0.3643515278030593, 0.014835389068438492, 0.014835389068438492, 0.05473259637924779, 0.11212057127640349], [0.3933818694286717, 0.40540873163890173, 0.01475253794608594, 0.01475253794608594, 0.060144567991562765, 0.11155975504869217], [0.3973249980257693, 0.4041485020993969, 0.01478128453360214, 0.01478128453360214, 0.05718850019143642, 0.11177543061619287], [0.16470557147204512, 0.3622515442470227, 0.015696226236771832, 0.008632576814997565, 0.4451276822314243, 0.003586398997738585], [0.8690512433090336, 0.08074507440833562, 0.003808190195184364, 0.007681622555723411, 0.034905679336538674, 0.003808190195184364]], [[0.8533185268855672, 0.0883534302429936, 0.003967590144716703, 0.008451469551055834, 0.04194139303095005, 0.003967590144716703], [0.21073703893661877, 0.42878247699823624, 0.03276857009121397, 0.01216600740243675, 0.31212792136748296, 0.003417985204011364], [0.2053043302306871, 0.671293900869369, 0.0034008514285975818, 0.007728235094246403, 0.10887183094850242, 0.0034008514285975818], [0.3627305084864572, 0.5992652572782302, 0.003155430705818232, 0.00805201057270694, 0.023641362250969147, 0.003155430705818232], [0.5324304152002446, 0.4455801180510045, 0.003075682980537539, 0.00687517353316398, 0.008962927254511845, 0.003075682980537539], [0.6190389808116992, 0.3589690768262765, 0.0030765354751404383, 0.006875508053966989, 0.008963363357776442, 0.0030765354751404383], [0.6394527272762394, 0.33850125916221624, 0.0030844269393023264, 0.006892128639496046, 0.008985031043443682, 0.0030844269393023264], [0.28168498946201465, 0.5383089011689967, 0.0038103223255815206, 0.007467208108810684, 0.164918256609015, 0.0038103223255815206], [0.7084100337337665, 0.2719279449285773, 0.0030458405908347116, 0.00597258756384045, 0.0075977525921463755, 0.0030458405908347116], [0.3155701558332194, 0.5908773626268736, 0.0034858583952764193, 0.007914444863864728, 0.07866631988548956, 0.0034858583952764193], [0.5955780538541204, 0.38248125456082105, 0.0030711319682284913, 0.006857951789256822, 0.008940475859344712, 0.0030711319682284913], [0.3322295477278743, 0.6139479578115405, 0.003599233261518346, 0.008171472505230272, 0.03845255543231831, 0.003599233261518346], [0.4153902995732519, 0.5589350965142901, 0.00323996035117908, 0.008257177854593494, 0.010937505355506368, 0.00323996035117908], [0.5718923978485635, 0.4061752919678043, 0.0030695951562718054, 0.006855647731973299, 0.008937472139115275, 0.0030695951562718054], [0.30113250900603955, 0.6459544703544599, 0.0035851949406187802, 0.008139371273213755, 0.03760325948504931, 0.0035851949406187802], [0.5475292068945822, 0.43052256226417623, 0.0030720941147949045, 0.006860389192949939, 0.008943653418701706, 0.0030720941147949045], [0.39085248917011356, 0.5837298724506009, 0.003208148618071537, 0.00817400587326056, 0.010827335269881897, 0.003208148618071537], [0.295044373156459, 0.6569733898356087, 0.0035975662160015833, 0.008167249411585852, 0.03261985516434332, 0.0035975662160015833], [0.5914223468410152, 0.38664635575020334, 0.0030705822286363096, 0.006854351137721549, 0.00893578181378734, 0.0030705822286363096], [0.28419409240731436, 0.6404519626150625, 0.003517337586241888, 0.007985121439098948, 0.060334148366040556, 0.003517337586241888], [0.7124979226192999, 0.267854000999147, 0.003044466327196342, 0.005967659783784891, 0.00759148394337556, 0.003044466327196342], [0.287394189753288, 0.6105713681401062, 0.004059214360703045, 0.007953236875477396, 0.08596277650972238, 0.004059214360703045], [0.3719208181988724, 0.5515869473813126, 0.004215856144068466, 0.008260165995874655, 0.05980035613580333, 0.004215856144068466], [0.6421030805813992, 0.3358519284576158, 0.0030856747344315113, 0.006890601425297893, 0.0089830400668241, 0.0030856747344315113], [0.6466558163703343, 0.33128430168514617, 0.0030879278999353245, 0.0068951093072189456, 0.008988916837430024, 0.0030879278999353245], [0.7301676031252476, 0.25036174397037364, 0.00304009568561862, 0.005893419259033242, 0.00749