{"prediction": [[[0.8827652080272076, 0.08450185338800255, 0.00376739908865983, 0.00376739908865983, 0.021430741318810318, 0.00376739908865983], [0.8106521125298203, 0.08111881940148302, 0.032790473931606, 0.00738269116368068, 0.06385091188490923, 0.004204991088500823], [0.8101761328507324, 0.09339081929836252, 0.011688253046330643, 0.009059145221785327, 0.07133964661962237, 0.004346002963166949], [0.8380799724403776, 0.07641460962669433, 0.018205135254440962, 0.006657316026917354, 0.05665774809823764, 0.003985218553332128], [0.810264289339114, 0.08306017403012811, 0.021722492219338595, 0.005997013901528441, 0.07467209629836685, 0.004283934211523925], [0.833286385425593, 0.0696179825079776, 0.0228229607796487, 0.0068134562087850065, 0.06346071570111181, 0.0039984993768838765], [0.8121325248633466, 0.07248142736445247, 0.022452118344521297, 0.00793634240499224, 0.08076136942003645, 0.0042362176026510675], [0.8327450478067617, 0.06125156800733019, 0.01756508180071396, 0.00447232704974631, 0.07989453749587036, 0.004071437839577366], [0.8395256498709354, 0.06219431721641915, 0.01539685700611047, 0.004009626081600728, 0.07486392374333363, 0.004009626081600728], [0.8921311524723973, 0.05635270092584021, 0.009083585068141806, 0.003520861658018523, 0.03539083821758371, 0.003520861658018523], [0.8784635728924095, 0.06363751152916142, 0.009558517421274643, 0.0036499670114114036, 0.04104046413433161, 0.0036499670114114036], [0.8858834266013237, 0.06121361419251244, 0.0062256741036468355, 0.0036022269099441574, 0.03947283128262871, 0.0036022269099441574], [0.8668734892288099, 0.0638391041873004, 0.012476809689705656, 0.0037364120327371395, 0.04933777282870979, 0.0037364120327371395], [0.8568743900375411, 0.07070106958288187, 0.014055188079603076, 0.0038357377908757417, 0.05069787671822247, 0.0038357377908757417], [0.8342978831169451, 0.07226903885776782, 0.02732366751876946, 0.0039952587842526375, 0.058118892938012354, 0.0039952587842526375], [0.8510341623110254, 0.0711054426129568, 0.014865384250111732, 0.0038883820047721953, 0.05521824681636182, 0.0038883820047721953], [0.9009214829776375, 0.059506245805361124, 0.005579499292900371, 0.0034891297175640773, 0.027014512488972908, 0.0034891297175640773], [0.8892466649960764, 0.061058254394982144, 0.008595891046949031, 0.0035609538038904056, 0.0339772819542116, 0.0035609538038904056], [0.8479747241600205, 0.07216971681455751, 0.00865175560028022, 0.003967766332721544, 0.0632682707596986, 0.003967766332721544], [0.8387550438783087, 0.07370786205349929, 0.011057857666052306, 0.004049953303301445, 0.06837932979553679, 0.004049953303301445], [0.8381031335515864, 0.07525207140976892, 0.016683710748375616, 0.004016536800557805, 0.06192801068915349, 0.004016536800557805], [0.8781213379161985, 0.06622329963070918, 0.011692827088128953, 0.0036500354652619503, 0.03666246443443944, 0.0036500354652619503], [0.8466522035211953, 0.07107649791724419, 0.018239957674738072, 0.004068392134091896, 0.056052143791818984, 0.003910804960911542], [0.8694682250930659, 0.06699934580081114, 0.006895952271830296, 0.003756807577587449, 0.04912286167911781, 0.003756807577587449], [0.8587040254908426, 0.06576657691373171, 0.018796068764102187, 0.0037822885220364115, 0.049168751787250484, 0.0037822885220364115], [0.87899411057948, 0.06600437570551805, 0.008291030304551866, 0.0036606587992903754, 0.039389165811869194, 0.0036606587992903754], [0.8723806696062129, 0.06373385645466245, 0.014077686068406942, 0.0036774886788072014, 0.042452810513103324, 0.0036774886788072014], [0.8631191556293895, 0.06678316769454254, 0.01076008845112676, 0.0037888025552917782, 0.05175998311435773, 0.0037888025552917782], [0.8521577477399678, 0.06829929586128762, 0.017126637776666735, 0.0038588751675192796, 0.054698568287039485, 0.0038588751675192796], [0.8484580502927181, 0.06905747641332495, 0.010646732697864088, 0.003943373922359577, 0.06395099275137374, 0.003943373922359577], [0.8612380847731246, 0.07182337583738767, 0.006761855084443859, 0.0038469484893099717, 0.052482787326424134, 0.0038469484893099717], [0.8710003466919097, 0.06699793462343905, 0.010397869656744302, 0.0037187209941439672, 0.044166407039619084, 0.0037187209941439672], [0.8551276032501668, 0.0755222639990629, 0.016420756445146147, 0.0038531388673473783, 0.04522309857092945, 0.0038531388673473783], [0.8634258489559171, 0.07856969254805143, 0.01894195086569862, 0.0037934238721712083, 0.0314756598859904, 0.0037934238721712083], [0.839735262259678, 0.07698368702317818, 0.020637154513491397, 0.003980520798957535, 0.05468285460573751, 0.003980520798957535], [0.8290646956121397, 0.08482695438945762, 0.01870579767281183, 0.004117581940340875, 0.05916738844490914, 0.004117581940340875], [0.8325349375906897, 0.08314393836567477, 0.015048817687684273, 0.004100491188870154, 0.06107132397821077, 0.004100491188870154], [0.862177419457723, 0.08285147019280861, 0.011184896156306592, 0.0038535026610212013, 0.036079208871119366, 0.0038535026610212013], [0.8226400218482267, 0.08569328004996261, 0.022602636359633423, 0.0041643173668813385, 0.06073542700841443, 0.0041643173668813385], [0.8968535478630183, 0.07357102350926994, 0.003609834719529442, 0.003609834719529442, 0.018745924469123477, 0.003609834719529442]], [[0.7959392910895888, 0.08694555575803765, 0.03047301354928335, 0.009069068398075723, 0.07320084102419525, 0.004372230180819238], [0.0826236557514952, 0.08898303486909642, 0.09497753642653718, 0.013617322167907573, 0.7167978780984238, 0.0030005726865397772], [0.728649201347186, 0.10471034132951304, 0.11485346559909608, 0.014874488696772274, 0.033906308785089725, 0.003006194242342909], [0.08661560573646851, 0.0993980967983151, 0.11338294348216159, 0.013764301754495367, 0.6838319405983019, 0.0030071116302576193], [0.7190566448131821, 0.09124557138877488, 0.12909552927004214, 0.016083804147172136, 0.04151384123223855, 0.0030046091485902795], [0.7305483121243744, 0.09388979446929144, 0.09892840347901045, 0.018111117038451665, 0.055506324479656755, 0.0030160484092152957], [0.731006915932641, 0.06163225519269827, 0.05706324299622391, 0.03701863877228442, 0.09842256360662842, 0.014856383499524], [0.7245056177947874, 0.059975636227236444, 0.04075329651819546, 0.027408891060465623, 0.14016575712403057, 0.007190801275284585], [0.7195253644262348, 0.05581012606312169, 0.044467531796986585, 0.02458721228941292, 0.14890816214903294, 0.006701603275210914], [0.04998893118912327, 0.037186168489205244, 0.02841750167068931, 0.004934152507101508, 0.8764636860602238, 0.0030095600836568424], [0.9003915727927678, 0.039455409735181655, 0.036525633654095, 0.004915091749851218, 0.015710358383018024, 0.003001933685086282], [0.865953776318109, 0.044051777336846155, 0.04809563202529501, 0.013176814725680693, 0.025702849824592092, 0.0030191497694770655], [0.806111798459203, 0.0686122045640427, 0.07788277214369876, 0.01083512733562107, 0.033554694393061094, 0.0030034031043733598], [0.7783937249432339, 0.06987133799035919, 0.09057606223502004, 0.013716514343602325, 0.04443930055566034, 0.0030030599321241996], [0.7684640491384591, 0.07520047619186893, 0.09946487648603752, 0.012610631337065931, 0.04125630926423021, 0.0030036575823383658], [0.7475271417515545, 0.0726220278129511, 0.11602549796000673, 0.014054980109796479, 0.04676667884115766, 0.003003673524533411], [0.7968516283093572, 0.07081576405431785, 0.0780742589808285, 0.012277072097160436, 0.03897740273840728, 0.0030038738199288737], [0.8527327962944612, 0.04970370674759692, 0.0579885589802493, 0.008194786180757927, 0.028370466173807354, 0.0030096856231272896], [0.0491989057161534, 0.05096414338132059, 0.0457550974803459, 0.00694961630582613, 0.8441293861503115, 0.0030028509660425338], [0.8634197624593581, 0.05116074753613264, 0.05099111232064928, 0.00804425188732838, 0.023380803224116266, 0.003003322572415301], [0.8475385965847442, 0.057794165497890224, 0.05496662106382373, 0.009696336150570844, 0.026994026482955173, 0.0030102542200158753], [0.7968210528744246, 0.06508087174926003, 0.08565605136290777, 0.011966624903520686, 0.03741599332829397, 0.003059405781592991], [0.7172851396678535, 0.09699948887538438, 0.1185717799843846, 0.01745278592171448, 0.04667633557486737, 0.0030144699757957538], [0.09185225737069425, 0.10767993343511627, 0.16979541169432, 0.018964765667578785, 0.6086860604982178, 0.0030215713340728417], [0.09661365650446092, 0.11164812353979241, 0.13543294627648242, 0.017695920542383607, 0.6355834676542663, 0.0030258854826143715], [0.6908914489944895, 0.10062465803782299, 0.14155224138799347, 0.019398209515206592, 0.044493982871014956, 0.0030394591934727153], [0.7384740409198541, 0.09109799735015812, 0.10470257813938949, 0.01731578910707027, 0.04540077078369283, 0.0030088236998351324], [0.8025840103358315, 0.07012917369694874, 0.0767616089009068, 0.012789114947774748, 0.03468201423761453, 0.0030540778809237503], [0.06997210140870566, 0.06783877306905688, 0.07510966887339686, 0.010728487386044558, 0.7733014631913911, 0.0030495060714048903], [0.08796073793523997, 0.0784107080977758, 0.0879996469880166, 0.012650827064536324, 0.7299752903215418, 0.003002789592889473], [0.8452778301989727, 0.056574013553675, 0.05688194466119808, 0.009492496666467464, 0.028761563819907812, 0.0030121510997790026], [0.8633136903355998, 0.05196794547179332, 0.04981264320733145, 0.00805431582106796, 0.023847934670971054, 0.003003470493236448], [0.8595459701975513, 0.05361924863486256, 0.053379740394985, 0.008051132560590086, 0.022399659927744175, 0.0030042482842669404], [0.8659667458339567, 0.049197205052767756, 0.054722598080576786, 0.007019024304272896, 0.020091641501960016, 0.0030027852264658734], [0.8117103675696697, 0.06920558728620856, 0.07760305376441172, 0.01004061377289482, 0.02843319095496981, 0.0030071866518455565], [0.04854724534142823, 0.05377337653193968, 0.05327587357602241, 0.006793120972008494, 0.8346055930945612, 0.003004790484040069], [0.8741303811498748, 0.05190214050058328, 0.04962100579205665, 0.006085090423116369, 0.015259756264190783, 0.0030016258701781196], [0.8841009947660788, 0.04982772685511256, 0.04343527873262419, 0.005759838468681402, 0.013875034083382105, 0.0030011270941208822], [0.9277259584335322, 0.03605300108053263, 0.022880361988572257, 0.0034480043353232186, 0.006877387449546688, 0.0030152867124929607], [0.8151256261751471, 0.0830430154856693, 0.02707546064223591, 0.004215368755590015, 0.06632516018576774, 0.004215368755590015]], [[0.840225879419451, 0.08707613781353825, 0.009641340341109701, 0.009114043059909975, 0.04991072739654868, 0.004031871969442342], [0.7425389119701182, 0.08859132044749027, 0.11758997095636126, 0.013799113923901447, 0.03447177290865483, 0.0030089097934740644], [0.7164277886076079, 0.21752329945836793, 0.0030147320241017436, 0.01652872543310443, 0.04349072245271628, 0.0030147320241017436], [0.41549760735596936, 0.3388374299992017, 0.0030012814322399953, 0.024759739561312468, 0.21490266021903653, 0.0030012814322399953], [0.7034616747059238, 0.22316381871685956, 0.00301992083918444, 0.018854253693605695, 0.0484804112052421, 0.00301992083918444], [0.7009811058899851, 0.22247337604885425, 0.0030205996266526565, 0.019322560260283544, 0.051181758547571884, 0.0030205996266526565], [0.12770521646106087, 0.09205579951932488, 0.09129047160132689, 0.015847833020356424, 0.670096331257991, 0.0030043481399400465], [0.7427269478769105, 0.06520614214230006, 0.04736973116246844, 0.042592385791286755, 0.0825842148512129, 0.019520578175821264], [0.7533778145038411, 0.06184012974249864, 0.039930896399145877, 0.03315862478624432, 0.09917846411567637, 0.012514070452593458], [0.7365411970846195, 0.05865140330897028, 0.04940677332049833, 0.028742884109390614, 0.11631084976067474, 0.010346892415846558], [0.07420269941070586, 0.050712249703570494, 0.03917225339004769, 0.00743322699943066, 0.8254783504565059, 0.0030012200397394467], [0.334922915447802, 0.2038026217378725, 0.01338034136600011, 0.059231937161314877, 0.2872075981073134, 0.10145458617969719], [0.10531451638796442, 0.16484350604777778, 0.003013304152457175, 0.021940493244697473, 0.701874876014646, 0.003013304152457175], [0.31940672281823995, 0.2448891305172771, 0.013220939886858112, 0.07097931953707352, 0.2512974197491771, 0.10020646749137424], [0.46145310435864445, 0.28859222324277867, 0.0030047499159399083, 0.02653969941001323, 0.2174054731566837, 0.0030047499159399083], [0.7252524110154374, 0.18997525571121493, 0.0030046276640357432, 0.017441123389572145, 0.06132195455570414, 0.0030046276640357432], [0.7497037715673591, 0.18033568372141232, 0.003000406620750466, 0.01581663099564976, 0.048143100474077716, 0.003000406620750466], [0.09378956524997559, 0.15477354267450893, 0.0030041741311283995, 0.014860112623360502, 0.7305684311898982, 0.0030041741311283995], [0.06449933920019321, 0.10419659518317965, 0.0030036241135684913, 0.009668457587519413, 0.8156283598019708, 0.0030036241135684913], [0.8307711809532653, 0.11368553695655488, 0.003011440121667327, 0.012652713771358107, 0.03686768807548699, 0.003011440121667327], [0.7911099420232721, 0.14426127336876485, 0.003041606292646495, 0.015020166720730303, 0.04352540530193958, 0.003041606292646495], [0.12476260507924876, 0.20989166358173814, 0.003014322794044929, 0.021050081615426916, 0.6382670041354963, 0.003014322794044929], [0.6578468562780307, 0.26237760236738383, 0.0030206378744213635, 0.02155374140828269, 0.05218052419746002, 0.0030206378744213635], [0.6753556688249138, 0.25266304011697927, 0.003036727761752092, 0.019156042182319144, 0.04675179335228357, 0.003036727761752092], [0.39783604178092175, 0.39278891743331257, 0.0030150608900537212, 0.029687757437737175, 0.1736571615679211, 0.0030150608900537212], [0.11351972105658968, 0.21712333092239172, 0.0030125195894525193, 0.020670944038142174, 0.6426609648039714, 0.0030125195894525193], [0.6948074921163533, 0.2266465909001018, 0.0030241671309501057, 0.01902346551652182, 0.05347411720512302, 0.0030241671309501057], [0.14350833743488633, 0.20007722590322827, 0.0030082620444818993, 0.020115290829007135, 0.6302826217439145, 0.0030082620444818993], [0.1223441676733916, 0.19150382854986636, 0.0030063134504883216, 0.01825552557623496, 0.6618838512995304, 0.0030063134504883216], [0.7366458050506473, 0.1847533096028193, 0.003002764031356847, 0.018012777310562847, 0.05458257997325697, 0.003002764031356847], [0.766002811903629, 0.1614309149903207, 0.0030008264948605044, 0.01728780763306603, 0.049276812483263197, 0.0030008264948605044], [0.8260501714764927, 0.12091281925385182, 0.003013063899302358, 0.011767325573153301, 0.035243555897897516, 0.003013063899302358], [0.8243446536204176, 0.12771557664863856, 0.0030137431165658773, 0.011217976179291846, 0.030694307318520343, 0.0030137431165658773], [0.08006402075965793, 0.16030095995395907, 0.0030253501531076507, 0.019787612573019107, 0.7337967064071486, 0.0030253501531076507], [0.7704670547047537, 0.16987692899422127, 0.0030009216803272374, 0.014070803912359016, 0.03958336902801129, 0.0030009216803272374], [0.7457437571364528, 0.19008810134452006, 0.0030012616359890447, 0.01538089274731201, 0.04278472549973716, 0.0030012616359890447], [0.8196196731976583, 0.1381931974916892, 0.0030191289571303613, 0.01020961865130162, 0.02593925274509008, 0.0030191289571303613], [0.8580702359364315, 0.11281572924644623, 0.00300591305773335, 0.0068138085176004315, 0.016288400184055165, 0.00300591305773335], [0.8852536712130015, 0.0508567648724947, 0.04299724817558858, 0.005431921890373654, 0.01245836462169473, 0.0030020292268469174], [0.8567690937236417, 0.08094169500297559, 0.015869595132474358, 0.0038650285111424694, 0.03868955911862349, 0.0038650285111424694]], [[0.8455370566725762, 0.07782339746027217, 0.014318805719547965, 0.007242380711403736, 0.051145085149684126, 0.00393327428651601], [0.09213748737180082, 0.09910621104298598, 0.12245710802121822, 0.015632965315752163, 0.6676528506926179, 0.003013377555625079], [0.6858104623819926, 0.24258608325450276, 0.0030338726319399656, 0.01876834897099204, 0.04676736012863276, 0.0030338726319399656], [0.6864754961368521, 0.2328930973033545, 0.0030300881189089437, 0.02108322978385925, 0.05348800053811636, 0.0030300881189089437], [0.6770702083614928, 0.24518123506692252, 0.0030147939583218806, 0.02021434918378883, 0.05150461947115218, 0.0030147939583218806], [0.699583204564049, 0.21699475668195037, 0.0030162704352320593, 0.01765168112124281, 0.059737816762293866, 0.0030162704352320593], [0.4557064551042625, 0.2987792862141442, 0.0030028169760279973, 0.02730531560669816, 0.2122033091228392, 0.0030028169760279973], [0.7797639298480685, 0.08244583731535307, 0.07706683243542807, 0.012264872370275704, 0.0454479576114435, 0.0030105704194312017], [0.7716827991272668, 0.055744954499444735, 0.04655230260722482, 0.03777191370091141, 0.06860480669757733, 0.01964322336757512], [0.251285402880059, 0.11849020888393076, 0.12788342726429994, 0.05699922497344665, 0.3345509124232755, 0.11079082357498823], [0.8598659125570975, 0.09271266519302754, 0.0030029457186541548, 0.009636745301156845, 0.03177878551140975, 0.0030029457186541548], [0.8391540276840693, 0.11260749711257217, 0.003003795406034876, 0.009511936731039672, 0.032718947660249104, 0.003003795406034876], [0.09109080723892342, 0.17242901821869397, 0.003000327848830929, 0.016960773966991385, 0.7135187448777295, 0.003000327848830929], [0.7272533522986772, 0.20052023196553567, 0.0030014740095734116, 0.01673168723950087, 0.04949178047713941, 0.0030014740095734116], [0.7096945644562364, 0.20298734575585217, 0.0030117348325284163, 0.018855263368619354, 0.0624393567542354, 0.0030117348325284163], [0.7028685142625719, 0.20931522536729688, 0.003014802053013338, 0.02144297992886036, 0.06034367633524433, 0.003014802053013338], [0.733066899270001, 0.18623607950361043, 0.0030037836389160003, 0.018284370996107097, 0.056405082952449524, 0.0030037836389160003], [0.8271539658900081, 0.1214749568068483, 0.0030119958428554486, 0.012097075439015259, 0.03325001017841719, 0.0030119958428554486], [0.8527188075789283, 0.10008727644077692, 0.0030023565144718994, 0.01070251937377929, 0.030486683577571807, 0.0030023565144718994], [0.8525913973190328, 0.09829119223916144, 0.0030029500044460506, 0.01133842691612142, 0.031773083516792165, 0.0030029500044460506], [0.8336192986432756, 0.11543075114672507, 0.003008762187252928, 0.011996033455657378, 0.03293639237983624, 0.003008762187252928], [0.7713440543812586, 0.15952021070441672, 0.0030635723219118657, 0.016979722621372755, 0.04602886764912813, 0.0030635723219118657], [0.6982144308425126, 0.22589964301529655, 0.003018163268011993, 0.01990038312279439, 0.049949216483372444, 0.003018163268011993], [0.11990246131699182, 0.2592831347605622, 0.0030463757482832535, 0.023408631116726274, 0.5913130213091532, 0.0030463757482832535], [0.6874079031057273, 0.24167051168134637, 0.0030275492534071174, 0.01894813129960657, 0.045918355406505525, 0.0030275492534071174], [0.6953003760598957, 0.22352094234660055, 0.0030233775017780235, 0.019289401102776615, 0.05584252548717102, 0.0030233775017780235], [0.1452059708587053, 0.20150769407488633, 0.0030104655506748815, 0.021906356843926528, 0.6253590471211321, 0.0030104655506748815], [0.7217133093614952, 0.18953290958151048, 0.0030117101970934864, 0.01846708835215004, 0.06426327231065737, 0.0030117101970934864], [0.11654104974766397, 0.19541991873879372, 0.0030033661233059, 0.01879066188830048, 0.6632416373786302, 0.0030033661233059], [0.7453336001849719, 0.1814554125747263, 0.003002818255813441, 0.017985913273595548, 0.04921943745507954, 0.003002818255813441], [0.7544359326159406, 0.16856658356274826, 0.0030011292381485815, 0.0176444232632566, 0.0533508020817576, 0.0030011292381485815], [0.7647773819419207, 0.15887588346565099, 0.003001887613485579, 0.016233162070635708, 0.05410979729482124, 0.003001887613485579], [0.7617292900501579, 0.16245390611936616, 0.0030012303139202814, 0.017145729146659048, 0.05266861405597629, 0.0030012303139202814], [0.761226918288666, 0.17078996168701313, 0.0029999995225839147, 0.015449756800192145, 0.04653336417896106, 0.0029999995225839147], [0.740196137933395, 0.19079658332249474, 0.0030019735237426957, 0.016417856667217623, 0.04658547502940739, 0.0030019735237426957], [0.7168129665924976, 0.21366001930995288, 0.003000546010668076, 0.017269895813057004, 0.046256026263156266, 0.003000546010668076], [0.7227846643737984, 0.2137940206255616, 0.0030005399439323303, 0.014915083623312664, 0.042505151489462815, 0.0030005399439323303], [0.8127469328785026, 0.14428625877211962, 0.0030245632428765024, 0.0103027026227684, 0.026614979240856287, 0.0030245632428765024], [0.8630098614371462, 0.05790892579472496, 0.052670703820557586, 0.006963023522891342, 0.016443277729633506, 0.0030042076950463864], [0.8383198237358653, 0.08070169720872274, 0.022881115710919053, 0.00399483736436894, 0.0501076886157549, 0.00399483736436894]], [[0.8445280354504106, 0.07614659139429782, 0.02334030439494052, 0.005742180435567515, 0.04633632774706181, 0.003906560577721679], [0.06390261625554625, 0.06979356747741984, 0.07894385240922809, 0.00991388037912948, 0.774392421660181, 0.0030536618184954533], [0.7173215963635609, 0.2171617911772538, 0.003014571598927793, 0.016834390299403115, 0.04265307896192659, 0.003014571598927793], [0.6859482936109947, 0.24040621347649987, 0.003010716765788305, 0.017746789672478697, 0.04987726970845008, 0.003010716765788305], [0.6983438707613844, 0.22253912835683917, 0.0030217074136013647, 0.019296646555306548, 0.053776939499267255, 0.0030217074136013647], [0.7055568669521439, 0.227305672126679, 0.0030044842056138436, 0.01630041735009549, 0.04482807515985396, 0.0030044842056138436], [0.7461814768820287, 0.0934600132852999, 0.09979475905606783, 0.013200476473377246, 0.04435531947856826, 0.0030079548246578977], [0.7797805630269528, 0.08160935595351554, 0.07705083044308249, 0.01352724706223963, 0.04502115410601289, 0.0030108494081967905], [0.694816165591731, 0.07018485391880802, 0.054616243386917104, 0.035002406509470375, 0.13281523898599454, 0.012565091607079136], [0.059109119885252144, 0.04134522435654793, 0.039195817811741626, 0.006368786120819847, 0.8509706946799137, 0.0030103571457247543], [0.8883580884370357, 0.07662443764244534, 0.0030022224064143424, 0.007146191656561494, 0.021866837451128822, 0.0030022224064143424], [0.8764109601678898, 0.08584263826941844, 0.0030002146277071247, 0.008202759317042107, 0.023543212990235485, 0.0030002146277071247], [0.07773983790894742, 0.12253882991908564, 0.003022926268948861, 0.01200538388290469, 0.7816700957511643, 0.003022926268948861], [0.732128161765975, 0.19324007886304223, 0.0030082139178577503, 0.0163093642041421, 0.05230596733112525, 0.0030082139178577503], [0.14250462033161684, 0.2063574869184987, 0.003009627575847936, 0.019589635414650454, 0.6255290021835381, 0.003009627575847936], [0.705743909770954, 0.21127053321798367, 0.003012980120532415, 0.01978577406672385, 0.05717382270327362, 0.003012980120532415], [0.7366408215319553, 0.19018301667867013, 0.0030023893901960402, 0.017132618540801097, 0.05003876446818143, 0.0030023893901960402], [0.07139829311167739, 0.12318701042543738, 0.003014686038042625, 0.012403955505169734, 0.7869813688816303, 0.003014686038042625], [0.8367216228619986, 0.10646278284761217, 0.0030097384028182736, 0.013713769156899596, 0.03708234832785319, 0.0030097384028182736], [0.06914023469520532, 0.09674050446315881, 0.0030055735701132666, 0.011247708105783266, 0.8168604055956261, 0.0030055735701132666], [0.07687711728583832, 0.10834966421334674, 0.0030136400689381557, 0.013227202479245586, 0.7955187358836932, 0.0030136400689381557], [0.8174041270463017, 0.1281912095711257, 0.0030180709617888364, 0.01374275898772339, 0.034625762471271464, 0.0030180709617888364], [0.7611714405365406, 0.17107822636035638, 0.0030763011353030193, 0.016638187899414788, 0.044959542933082366, 0.0030763011353030193], [0.7005271705824906, 0.22407956493984224, 0.003016808959993082, 0.01937555201543914, 0.04998409454224188, 0.003016808959993082], [0.14065909475480934, 0.2282737573578648, 0.003017240585870796, 0.021635118677428605, 0.6033975480381557, 0.003017240585870796], [0.7007854908353124, 0.20789009704943667, 0.0030208680915819277, 0.020779655877355235, 0.06450302005473188, 0.0030208680915819277], [0.7191066385658471, 0.1928986102155204, 0.0030122131533360957, 0.018634901989328923, 0.06333542292263138, 0.0030122131533360957], [0.13898918773157598, 0.18289424824015674, 0.003017095423125275, 0.019426928433262273, 0.6526554447487546, 0.003017095423125275], [0.7630221242977321, 0.1650655342740583, 0.003000427097843807, 0.017307900777000697, 0.048603586455521416, 0.003000427097843807], [0.4388560690934241, 0.32356819115180724, 0.003005024655609327, 0.033275083257522306, 0.19829060718602762, 0.003005024655609327], [0.12713664698612442, 0.1657872688481679, 0.0030073812548562463, 0.01970643436468487, 0.6813548872913102, 0.0030073812548562463], [0.7420481407364259, 0.16836701838732446, 0.0030064735884666655, 0.01943687350018309, 0.06413502019913347, 0.0030064735884666655], [0.7383792398024053, 0.17419719396603883, 0.0030053261844864196, 0.02050497658002485, 0.060907937282558125, 0.0030053261844864196], [0.7179274962872023, 0.19453059429833056, 0.0030053524936538485, 0.020554156278583882, 0.060977048148575554, 0.0030053524936538485], [0.44078358648335014, 0.31832049896609116, 0.0030029128140039545, 0.030631062435047953, 0.20425902648750263, 0.0030029128140039545], [0.6915034981356191, 0.23665139661591042, 0.003006095475257066, 0.019136667006497205, 0.04669624729145916, 0.003006095475257066], [0.6967798674385652, 0.23096172594273862, 0.003004216947183312, 0.01838789604024396, 0.0478620766840856, 0.003004216947183312], [0.7342713759953969, 0.20477782797164232, 0.00300616940177304, 0.015051210385383675, 0.03988724684403099, 0.00300616940177304], [0.8306235880865642, 0.06342635306337643, 0.07154791380609847, 0.008780427795465739, 0.022599851141583624, 0.00302186610691152], [0.8256056747947198, 0.08240934744506039, 0.023800170939445423, 0.004119782804415535, 0.0599452412119435, 0.004119782804415535]], [[0.859189222381471, 0.07159441427747111, 0.01632888663882601, 0.006714375555322279, 0.042390485308585704, 0.003782615838323943], [0.8664120721765602, 0.054478891054353516, 0.048216858918224054, 0.007260134809530201, 0.02062866965444634, 0.003003373386885541], [0.8048133468254688, 0.15197827066240033, 0.003036406027028392, 0.01019594735727, 0.026939623100804142, 0.003036406027028392], [0.7318664490571987, 0.20280998535003697, 0.003007382351418252, 0.015767963142602013, 0.043540837747325846, 0.003007382351418252], [0.7873630166758, 0.07560006101272608, 0.0830919821237209, 0.01277358019607047, 0.038097022740400666, 0.003074337251281894], [0.751250066973809, 0.08489776545450085, 0.09386264697516558, 0.01474513486068149, 0.052236634877898876, 0.0030077508579441376], [0.7276303716565491, 0.07051493579254393, 0.05062000250249817, 0.03885021741507785, 0.09656636068297025, 0.015818111950360623], [0.7064610513468925, 0.06753555259861906, 0.0576130186596114, 0.03368772897974217, 0.12318174627619223, 0.011520902138942473], [0.7364605677572997, 0.06414356222971541, 0.035870465269171876, 0.02822312090372332, 0.1273158256171804, 0.00798645822290924], [0.8905428378071805, 0.0407516425687047, 0.03713883328556095, 0.006331219459294544, 0.022233277538034793, 0.0030021893412245553], [0.8864128753558395, 0.07725912625974876, 0.003001731332849717, 0.007964428088416051, 0.02236010763029624, 0.003001731332849717], [0.058058627892992216, 0.08328677652744582, 0.003002251235530126, 0.008615149959273108, 0.8440349431492287, 0.003002251235530126], [0.8424293141520727, 0.10828652653311624, 0.0030067819728660993, 0.012029469415123149, 0.031241125953955767, 0.0030067819728660993], [0.11011668583938017, 0.16690425042602952, 0.0030027888882943193, 0.017700031021295144, 0.6992734549367066, 0.0030027888882943193], [0.13087259313615177, 0.19860370407438313, 0.003022072382886023, 0.019331395693360787, 0.6451481623303322, 0.003022072382886023], [0.7125456260515685, 0.20004440095626064, 0.0030068938643750954, 0.018821119942169385, 0.06257506532125134, 0.0030068938643750954], [0.13282841168266413, 0.18624280216519823, 0.003000699873366648, 0.01903001042543606, 0.6558973759799683, 0.003000699873366648], [0.11676960001676867, 0.15892399135514987, 0.003004438045528788, 0.019248399640834617, 0.6990491328961893, 0.003004438045528788], [0.11760494082749215, 0.14257447632189052, 0.0030089172057372856, 0.016750780505413686, 0.7170519679337292, 0.0030089172057372856], [0.8297374309674275, 0.10947005179123477, 0.003014446666388614, 0.01455795920468468, 0.04020566470387588, 0.003014446666388614], [0.8403739568900629, 0.102596868719426, 0.0030090090670990594, 0.013492254819544617, 0.037518901436768434, 0.0030090090670990594], [0.06869019917762237, 0.10587491162262866, 0.0030065418311963407, 0.011773019878567208, 0.8076487856587892, 0.0030065418311963407], [0.8369376954735199, 0.11531265751055587, 0.003006974097697329, 0.011219660298722643, 0.03051603852180681, 0.003006974097697329], [0.7802548261910377, 0.1550425408872324, 0.003052449710105841, 0.016194544745242012, 0.04240318875627629, 0.003052449710105841], [0.732462099487294, 0.19288875799030622, 0.003003354526846487, 0.017869788943690356, 0.050772644525016355, 0.003003354526846487], [0.7890802530611138, 0.14940776925823976, 0.0030482775371913516, 0.014456248456437601, 0.04095917414982614, 0.0030482775371913516], [0.8040052633919214, 0.13494647190345985, 0.003033841356975684, 0.01385718299719613, 0.041123398993471325, 0.003033841356975684], [0.09912527056150378, 0.1691874851615549, 0.00302073537114168, 0.017283346891128402, 0.7083624266435296, 0.00302073537114168], [0.7532048184215794, 0.1647812450308462, 0.003009201423612556, 0.026565048275406858, 0.04943048542494247, 0.003009201423612556], [0.7716492252756261, 0.15743831416415735, 0.0030012229284900977, 0.01644517399404363, 0.048464840709192644, 0.0030012229284900977], [0.7444821439386078, 0.1739081312227056, 0.003002656119554239, 0.018899269775744777, 0.05670514282383353, 0.003002656119554239], [0.15167761411504568, 0.1617998530441281, 0.0030245446856706545, 0.021540190775056985, 0.6589332526944279, 0.0030245446856706545], [0.7421503931187798, 0.1603777092754478, 0.0030120105415495715, 0.021144423451773697, 0.07030345307089965, 0.0030120105415495715], [0.7194206327561632, 0.1882956382054607, 0.003010393977469439, 0.021969169398706384, 0.064293771684731, 0.003010393977469439], [0.1257277911138874, 0.22058665452029455, 0.0030087043557226185, 0.021397264118182092, 0.6262708815361908, 0.0030087043557226185], [0.6896751198840732, 0.23513710467973784, 0.003006621184982465, 0.020632867572430734, 0.04854166549379332, 0.003006621184982465], [0.6959219083259365, 0.22838593186332362, 0.0030194186801463345, 0.018981825195194573, 0.05067149725525281, 0.0030194186801463345], [0.08025002572905048, 0.2070614651746576, 0.003006867035222223, 0.014350602903244336, 0.6923241721226032, 0.003006867035222223], [0.8243194389033434, 0.06625612242540325, 0.07301407033102497, 0.009625943813429072, 0.023757911194179283, 0.0030265133326201434], [0.8438632071420266, 0.07993732639034075, 0.023927661465957345, 0.003938789091268272, 0.04439422681913858, 0.003938789091268272]], [[0.8220039017870273, 0.07996715536071435, 0.018717251645251037, 0.0041850068147115255, 0.07094167757758423, 0.0041850068147115255], [0.7078658723989303, 0.06155417509355227, 0.038039336277583435, 0.022009592687785403, 0.1649965657259931, 0.005534457816155701], [0.8677357786965929, 0.05488498824199264, 0.04335639199514085, 0.007834043371051091, 0.023184666090408784, 0.003004131604813689], [0.8288267575227745, 0.06605679730650328, 0.058527194931047286, 0.010902147364833243, 0.03265938211479532, 0.003027720760046467], [0.7452029731308936, 0.0694483958053384, 0.049953325222338286, 0.032203808115931425, 0.09042648915130798, 0.012765008574190342], [0.7851830086702031, 0.06111905410648618, 0.04662211713510575, 0.031351627548388064, 0.062017715045960674, 0.01370647749385626], [0.8196049389850393, 0.06563961117211323, 0.06335305354653023, 0.011257866815571288, 0.0371341353271677, 0.0030103941535783545], [0.8628802192120677, 0.0491182661561178, 0.04989450780641931, 0.008112762425637967, 0.02698774605272253, 0.003006498347034719], [0.8735275292295854, 0.04675940559230776, 0.04645644195926698, 0.007550428260953857, 0.022704116970676078, 0.0030020779872099467], [0.85654096020464, 0.09529631632318793, 0.003003089666438732, 0.01098254499146561, 0.031173999147829153, 0.003003089666438732], [0.8727329248961769, 0.08386005477903784, 0.0030011924913380663, 0.00951903436704402, 0.027885600975065233, 0.0030011924913380663], [0.8661974209058878, 0.08683704659179545, 0.0030021908604753837, 0.010588721438189157, 0.030372429343176872, 0.0030021908604753837], [0.8098764620710898, 0.1236302601738747, 0.003011218827883287, 0.015545436288840985, 0.04492540381042806, 0.003011218827883287], [0.13766618343888007, 0.15298930156835197, 0.0030025260749462516, 0.017677615335229806, 0.6856618475076456, 0.0030025260749462516], [0.73175887049791, 0.17181435722852942, 0.003002554423220837, 0.020493391321324172, 0.06992827210579478, 0.003002554423220837], [0.470453695747765, 0.2865311648534165, 0.0030013501129889882, 0.02888963969152276, 0.20812279948131782, 0.0030013501129889882], [0.7273471586969966, 0.17217416383941186, 0.0030007377909810388, 0.01932426516565983, 0.07515293671596958, 0.0030007377909810388], [0.7385903640365924, 0.16883243778344534, 0.003008166576847321, 0.0212096721260264, 0.06535119290024126, 0.003008166576847321], [0.7458512701807708, 0.1651016847466772, 0.003006102778810118, 0.020217058058484113, 0.06281778145644784, 0.003006102778810118], [0.7625352713189495, 0.15545717819578492, 0.0030039280230059282, 0.018092657579646787, 0.057907036859606686, 0.0030039280230059282], [0.11460630902013878, 0.15912559430010248, 0.003003491411497904, 0.01734723637655591, 0.7029138774802071, 0.003003491411497904], [0.8407577035329604, 0.1073914902492499, 0.0030065099590798777, 0.011746659279324095, 0.03409112702030588, 0.0030065099590798777], [0.8422108587405834, 0.1048080851253748, 0.0030064052839829506, 0.012534660159903642, 0.034433585406172106, 0.0030064052839829506], [0.8386686423427779, 0.1078974904927198, 0.003007682438909128, 0.012294160797639715, 0.03512434148904429, 0.003007682438909128], [0.8172742312560308, 0.12477163672513605, 0.0030189314470580844, 0.01451197651400733, 0.03740429261070944, 0.0030189314470580844], [0.0617008582732118, 0.10863731925261111, 0.00300544667490041, 0.01169387841433415, 0.8119570507100421, 0.00300544667490041], [0.061461653560182634, 0.10305158945168025, 0.0030037961495526936, 0.011272745102591542, 0.8182064195864401, 0.0030037961495526936], [0.8476126843849241, 0.10407603735692132, 0.0030049667359050847, 0.011124482880798906, 0.031176861905545434, 0.0030049667359050847], [0.09961317155206363, 0.14317180234813326, 0.0030074397375545467, 0.015687046421631688, 0.7355131002030624, 0.0030074397375545467], [0.7650031709177655, 0.15579361726632152, 0.0030029356123888657, 0.017881576114932293, 0.055315764476203025, 0.0030029356123888657], [0.13725157296888688, 0.16106042226228034, 0.0030130593489866137, 0.019296705223018778, 0.6763651808478408, 0.0030130593489866137], [0.7477174103351415, 0.15556390775975282, 0.0030122613510759257, 0.019880266260038575, 0.07081389294291526, 0.0030122613510759257], [0.7327887713254853, 0.1711123246833314, 0.0030107278917021855, 0.021532518761213138, 0.06854492944656589, 0.0030107278917021855], [0.1575516329548458, 0.18349286818140265, 0.003031063626505184, 0.02249177136968676, 0.6304016002410544, 0.003031063626505184], [0.140393633715359, 0.20340157363410363, 0.003022783567437256, 0.022465145508600248, 0.6276940800070627, 0.003022783567437256], [0.4243924160425113, 0.33847063367559554, 0.0030071452621193463, 0.029402150164647325, 0.20172050959300722, 0.0030071452621193463], [0.7158722163590296, 0.21791224877901094, 0.003011753811008396, 0.017205488632392855, 0.04298653860754976, 0.003011753811008396], [0.0907986346694118, 0.19440698018424268, 0.003001732763994603, 0.015451296949013872, 0.6933396226693425, 0.003001732763994603], [0.794708650892186, 0.07598722549347692, 0.08469547067317548, 0.011453211934173056, 0.030153001175559108, 0.0030024398314294327], [0.8284444613347769, 0.08259625501167563, 0.0194672266163794, 0.004114122068883245, 0.06126381289940155, 0.004114122068883245]], [[0.8519984626603669, 0.07171951617700871, 0.016167885983158773, 0.004539121805243967, 0.051708451834253176, 0.0038665615399685106], [0.727175772812293, 0.05510392135753141, 0.02946183026330331, 0.015917532246811476, 0.1669094205923953, 0.005431522727665713], [0.7039136614040958, 0.06405352222023093, 0.034235610508878446, 0.022113572918019363, 0.17006348176183964, 0.005620151186935771], [0.7397131902060449, 0.06880549923837637, 0.04463529754774975, 0.03260061118256838, 0.10218360646064865, 0.012061795364612037], [0.05348059564461932, 0.0530551441140775, 0.03823654009567498, 0.007439374435147565, 0.8447811672685829, 0.0030071784418977537], [0.04659410747593757, 0.047627908454662186, 0.03899082980479245, 0.006294655336358422, 0.857490179468795, 0.003002319459454394], [0.8511139672674218, 0.10466977937021792, 0.0030034736560704636, 0.009575669967709638, 0.028633636082509722, 0.0030034736560704636], [0.8695246600875092, 0.09191966967852272, 0.0030003035228198935, 0.00783565893865923, 0.024719404249669168, 0.0030003035228198935], [0.07248900057770666, 0.10392070461965874, 0.0030103026941627246, 0.010466473284371431, 0.8071032161299379, 0.0030103026941627246], [0.807940734111526, 0.13242322603500298, 0.003008118830641262, 0.012486511511355273, 0.04113329068083338, 0.003008118830641262], [0.8299781266230766, 0.11638416898563544, 0.003006036463393013, 0.01299566780506138, 0.034629963659440606, 0.003006036463393013], [0.06472200996056139, 0.09953445806124063, 0.0030044048684317714, 0.009819070316916959, 0.8199156519244175, 0.0030044048684317714], [0.8521428153977042, 0.09636988552333493, 0.0030052207777170868, 0.011799309491247358, 0.033677548032279354, 0.0030052207777170868], [0.7810004639464275, 0.14380191007724305, 0.0030033821604662733, 0.01836277226369358, 0.0508280893917034, 0.0030033821604662733], [0.7394770534329073, 0.16587343589226533, 0.0030138137534277314, 0.020090351882422443, 0.06853153128554955, 0.0030138137534277314], [0.7430875856490509, 0.16615118083277028, 0.0030071830668411204, 0.01971789608549162, 0.06502897129900514, 0.0030071830668411204], [0.14223610716113658, 0.17202754936116935, 0.0030172157439311157, 0.021892171968548063, 0.6578097400212837, 0.0030172157439311157], [0.7368658715628155, 0.17223243433954233, 0.0030072092894904974, 0.020999339619719424, 0.06388793589894183, 0.0030072092894904974], [0.720589648991074, 0.18929723200060586, 0.00300926537613637, 0.020172047141884877, 0.06392254111416248, 0.00300926537613637], [0.7162417275359101, 0.20314830107817156, 0.0030084879721096643, 0.01834522916439039, 0.05624776627730866, 0.0030084879721096643], [0.7318030701165602, 0.19032258772127053, 0.0030036190001474115, 0.018113885515931263, 0.0537532186459431, 0.0030036190001474115], [0.748893418613924, 0.17381151696634634, 0.003001265634169674, 0.017412303118004947, 0.05388023003338533, 0.003001265634169674], [0.8313974379396258, 0.11279166568197029, 0.0030114736353591487, 0.012276000445644293, 0.037511948662041356, 0.0030114736353591487], [0.8537994420457016, 0.10083102232456807, 0.003001734650460866, 0.010460352906678214, 0.028905713422130438, 0.003001734650460866], [0.8696520457767375, 0.08838242679208717, 0.003000467250869449, 0.00926504728942663, 0.026699545640009745, 0.003000467250869449], [0.8826878863828445, 0.08024357761365183, 0.0030009413768345887, 0.008381513291400368, 0.022685139958434096, 0.0030009413768345887], [0.8840811376043665, 0.08089020786097849, 0.003001039140437965, 0.007935076654884217, 0.02109149959889502, 0.003001039140437965]