{"prediction": [[[0.9387406876819621, 0.015834254813649116, 0.008109138617518543, 0.008431029997069997, 0.02393728136620357, 0.004947607523596813], [0.9317415756067389, 0.016104558630357726, 0.010808306860630255, 0.008531272064066732, 0.0277798242631897, 0.005034462575016667], [0.9344055079970545, 0.015339991981450599, 0.00990356917377231, 0.008928665402318216, 0.025977348354463404, 0.00544491709094099], [0.9300855216179155, 0.016125428000886514, 0.008934019457524239, 0.008948102626462938, 0.03036339170807969, 0.005543536589131096], [0.9268815807065479, 0.016138898351421748, 0.011419763009310595, 0.010634216869847451, 0.02804681196189507, 0.006878729100977187], [0.9153066356656291, 0.01770441611201506, 0.012551783704901572, 0.012458986260999491, 0.03300800596195284, 0.008970172294501791], [0.9008393749562286, 0.020610145480115034, 0.014370299520330851, 0.015233386971106662, 0.03762799304953163, 0.01131880002268705], [0.9083974308740947, 0.019381155892977776, 0.015604564502763723, 0.014945869421764168, 0.03137833589113197, 0.010292643417267811], [0.9026667513511913, 0.022768590669710903, 0.015396591810586144, 0.017061491493576473, 0.03063337049694629, 0.011473204177988753], [0.9055414973223238, 0.021894211048153752, 0.014655549706340715, 0.016746649462923147, 0.02978726638752733, 0.0113748260727312], [0.9040627404992373, 0.023372499475335182, 0.014116213934223501, 0.016323063793741432, 0.03125316968833754, 0.010872312609125046], [0.9048296597216626, 0.021459772695024304, 0.01546080812996246, 0.016464493077022628, 0.029987749867725927, 0.01179751650860219], [0.9078285752045477, 0.021476146728400227, 0.014019928990536655, 0.015690279327016474, 0.029742316811792627, 0.01124275293770622], [0.9122885506762739, 0.018444460393387752, 0.0141761273308621, 0.014642784501341391, 0.029525057307670098, 0.010923019790464726], [0.9158967637555397, 0.017044555693102828, 0.01302053368129073, 0.012464780705527045, 0.032358666591758165, 0.009214699572781574], [0.919785886238877, 0.016257995532330947, 0.012880680836807691, 0.011722843390600618, 0.03066311141256234, 0.008689482588821448], [0.9103170182514695, 0.018107132991840153, 0.014306918292202351, 0.013611944650353551, 0.033706662839279804, 0.009950322974854698], [0.9119041986364701, 0.021339097323433486, 0.013375286901650548, 0.014920326050541773, 0.02888977135015981, 0.009571319737744284], [0.9141811333138777, 0.01788330133355166, 0.013655070249600826, 0.01355860253392331, 0.03147539121889324, 0.009246501350153364], [0.9043551481481075, 0.02097880556643677, 0.013916337398371816, 0.0157849758880079, 0.03438898005588483, 0.010575752943191232], [0.9097013965868693, 0.018684803651933684, 0.014234917968033273, 0.014465495690844711, 0.03255598093394374, 0.01035740516837541], [0.9129338559130094, 0.018267083274550504, 0.014217636788703327, 0.014668295648016607, 0.02998581394617642, 0.009927314429543742], [0.9107871360754807, 0.020122271722517314, 0.013182738365333372, 0.014684988798865692, 0.031243731550351938, 0.009979133487450869], [0.9063258279972932, 0.019984937111255482, 0.014520129935222167, 0.014640898023282547, 0.03440092830889953, 0.010127278624047227], [0.9062620948001446, 0.021632616277152093, 0.014017054066619648, 0.01425536347335741, 0.03438882589478735, 0.009444045487938837], [0.9094793786883134, 0.022559402369647683, 0.013100469685384558, 0.014416287576665939, 0.030749695200586638, 0.00969476647940176], [0.9197520795046555, 0.020706898356105816, 0.01125938499724847, 0.011829507992429322, 0.028663612105100014, 0.007788517044460799], [0.9221304176304157, 0.019023046619359052, 0.010526806216464289, 0.010052066575909438, 0.03177228568598845, 0.006495377271863135], [0.9338282666038061, 0.017274113931689563, 0.00959664415962026, 0.009020129824573932, 0.024542307450071965, 0.005738538030238139], [0.9366905771304974, 0.012992065946540381, 0.009491818548183388, 0.007066121600210847, 0.028953929320934824, 0.004805487453633281], [0.9522922588069564, 0.011971901650220494, 0.00761949094550317, 0.005765243703169528, 0.019032651529421026, 0.003318453364729215], [0.9478649705894628, 0.013341474941854193, 0.007893147332527075, 0.005891398245690342, 0.02166245316349163, 0.003346555726974008], [0.9458091113070562, 0.014254853567848747, 0.009123445076136669, 0.006282388603256198, 0.021173348695462904, 0.0033568527502390523], [0.9344652845321827, 0.016494600710251304, 0.010725945737290164, 0.009082548535908919, 0.024046695754218222, 0.005184924730148673], [0.922008553778852, 0.01777008122890824, 0.01270272759739464, 0.011504659090251274, 0.028856921115900637, 0.0071570571886932464], [0.9208371648023543, 0.022492952312521342, 0.01208727051136096, 0.012619581468341341, 0.024791862043071645, 0.007171168862350457], [0.913156294519329, 0.01996552934517416, 0.013234052899124556, 0.013648347450735293, 0.030505117861639466, 0.009490657923997519], [0.9145206582237327, 0.02120019258931364, 0.01247324640692021, 0.014248599621457326, 0.028265821710308302, 0.009291481448267894], [0.9002347063880441, 0.022710116864739657, 0.015250025233133156, 0.015872431592643246, 0.03462731000625776, 0.011305409915182064], [0.9274724611250954, 0.015039172331827045, 0.010407197995710929, 0.010131432322844088, 0.0299313418955912, 0.007018394328931408]], [[0.9336509315356014, 0.017295837366572878, 0.01062346299698672, 0.00883203372346206, 0.02459296163008078, 0.005004772747296181], [0.9636428061970843, 0.01827295842757367, 0.0078455010423366, 0.0030019728728812906, 0.004234788587242704, 0.0030019728728812906], [0.9615661239473614, 0.018427817500682106, 0.009241298411165798, 0.003001505568019309, 0.004761749004752136, 0.003001505568019309], [0.9590313128630581, 0.019226440241865633, 0.009383987918853424, 0.003004576569278893, 0.006349105837665123, 0.003004576569278893], [0.9528063631257755, 0.019850744532588085, 0.012630720976797873, 0.0032815150547120414, 0.008417352919392397, 0.003013303390734162], [0.948599076107915, 0.02103946959764083, 0.01399259054269564, 0.0036804594470767425, 0.009665295904764669, 0.0030231083999071985], [0.9063220751188934, 0.03287867003884469, 0.030368120701511347, 0.005788394329762052, 0.021638322247765913, 0.003004417563222365], [0.898213296993269, 0.033485797775755624, 0.03666927335702567, 0.00607718718133889, 0.022547123111010627, 0.0030073215816002023], [0.8805190530045974, 0.03611709868638262, 0.04521370842034536, 0.007232975663135805, 0.02788545312727616, 0.0030317110982625646], [0.8360068438295871, 0.05416839048287634, 0.06174517920937618, 0.01001481298421035, 0.035064421111948386, 0.0030003523820016456], [0.8362625538551587, 0.050022724023007746, 0.06435510378209426, 0.009568806592227114, 0.03678963760610844, 0.0030011741414036684], [0.838432598011659, 0.05226382963353156, 0.061384491495708744, 0.009537476494087907, 0.035380965862677534, 0.003000638502335184], [0.8478653801392487, 0.04754852357444853, 0.056978954949291505, 0.008934380485775835, 0.03566877351207478, 0.003003987339160662], [0.8989547540963977, 0.03118766299355062, 0.036972042330385146, 0.005913769258880376, 0.023956986809134453, 0.0030147845116517925], [0.053892031596823556, 0.026615408322360347, 0.02498164671996076, 0.004296819958261004, 0.8871849655784827, 0.0030291278241116673], [0.9292173807364115, 0.024645956560003346, 0.021957087395866427, 0.00407356019214918, 0.017098745674868004, 0.003007269440701564], [0.022889822031619485, 0.01454446218158244, 0.009849974755656559, 0.0030569882893647796, 0.946601764452412, 0.0030569882893647796], [0.9560867638278627, 0.017394567204269608, 0.010929127814609958, 0.00336483904519018, 0.00920701531925867, 0.0030176867888088298], [0.9516301596278195, 0.02068120718991043, 0.012693192812093268, 0.0036542690045125227, 0.00832263402229392, 0.003018537343370406], [0.9159948641549951, 0.03214661070844784, 0.024910397294757174, 0.005225301216608837, 0.018719067681524433, 0.0030037589436666397], [0.8854835494204598, 0.033958738182175936, 0.05067126949097241, 0.00604384086564481, 0.02083358355716603, 0.0030090184835809626], [0.8998581354843783, 0.03288934709741331, 0.03579788493515309, 0.00621693486567797, 0.0222271521519898, 0.0030105454653875235], [0.9005757947388341, 0.04483150149502498, 0.02837384588534889, 0.005124936465283922, 0.018083763859267108, 0.00301015755624102], [0.9214228343728308, 0.02840817934650732, 0.027539133005180905, 0.004110394449826425, 0.015518322918229419, 0.003001135907425184], [0.02224245403981215, 0.015906452791860207, 0.011594383957318601, 0.0030542246295973594, 0.9441482599518143, 0.0030542246295973594], [0.9625583308341142, 0.015690066084192683, 0.009952555130142354, 0.0030023625134323662, 0.005794322924686042, 0.0030023625134323662], [0.019716344492757013, 0.013108717690587099, 0.008331352192377874, 0.003034645265096584, 0.9527742950940848, 0.003034645265096584], [0.015207349598409532, 0.0118673141014017, 0.006265150556203617, 0.0030145437149509506, 0.9606310983140833, 0.0030145437149509506], [0.9655413364616404, 0.01464960537299309, 0.008787030644396714, 0.0030009439302071724, 0.005020139660555343, 0.0030009439302071724], [0.015519042924706905, 0.010480043422935187, 0.006160603299210387, 0.0030149204175864176, 0.9618104695179747, 0.0030149204175864176], [0.9672080249769214, 0.015188245110753982, 0.007016622339663023, 0.0030020097950668742, 0.004583087982527795, 0.0030020097950668742], [0.9707651632180995, 0.01351193474724494, 0.006215140707827996, 0.0030034261704567837, 0.003500908985914065, 0.0030034261704567837], [0.9677436330786632, 0.01501939175358594, 0.0072414556654369555, 0.003001606950382321, 0.003992305601549248, 0.003001606950382321], [0.9678813743999456, 0.014553494534027963, 0.007190760431760772, 0.0030018131148743157, 0.004370744404517064, 0.0030018131148743157], [0.963803982105914, 0.015629500789836895, 0.00951064189679621, 0.00300061048212955, 0.005054654243193845, 0.00300061048212955], [0.9608305950762317, 0.016594334341831257, 0.010883090709605603, 0.003001583382840906, 0.005688813106649737, 0.003001583382840906], [0.9290085265647874, 0.02738231801027921, 0.021359502825881976, 0.004222773418861068, 0.015017924544264562, 0.003008954635925923], [0.9171037315063626, 0.02510618808416549, 0.026693262121737872, 0.00453116460730142, 0.023553319761875375, 0.003012333918557314], [0.9263373872193931, 0.029103336040402817, 0.019070175368815185, 0.0042273391157122454, 0.018250135541806465, 0.0030116267138702107], [0.9077067916738877, 0.020065964072795123, 0.01670466118373194, 0.015137699140038364, 0.030090724799009705, 0.010294159130537293]], [[0.9312036541572214, 0.018877760186314707, 0.009558643100856837, 0.009226012708553931, 0.025664900095297354, 0.0054690297517557985], [0.9663844945862866, 0.016214755723205788, 0.007518893446147225, 0.003001363181590108, 0.003879129881180334, 0.003001363181590108], [0.9574037987348074, 0.02875832772632075, 0.0030010756639770176, 0.0030010756639770176, 0.004834646546940897, 0.0030010756639770176], [0.9517260310108697, 0.033264510232830974, 0.0030066022475777354, 0.0030066022475777354, 0.005989652013566111, 0.0030066022475777354], [0.023365127778023582, 0.03538315813508707, 0.003047284179297999, 0.003047284179297999, 0.9321098615489953, 0.003047284179297999], [0.8899956068457514, 0.07577193483337362, 0.003004208974064105, 0.004872994904952174, 0.023351045467794693, 0.003004208974064105], [0.06323012394095895, 0.08401803410167397, 0.003020726629421498, 0.0052946455433034246, 0.8414157431552206, 0.003020726629421498], [0.07437209471821979, 0.10151613347661725, 0.003067549260182067, 0.00663145669258684, 0.8113452165922118, 0.003067549260182067], [0.7976345580819919, 0.14110772644610645, 0.0030093119478103738, 0.008638338686906163, 0.04660075288937482, 0.0030093119478103738], [0.8074794949509518, 0.13518236327420047, 0.0030051513125785656, 0.008248840334005155, 0.043078998815685464, 0.0030051513125785656], [0.790533573920674, 0.14697142544063393, 0.0030138274779538104, 0.009344780805016429, 0.047122564877768065, 0.0030138274779538104], [0.10895395215807015, 0.15508972805463542, 0.00302433436137674, 0.010606778131939004, 0.719300872932602, 0.00302433436137674], [0.806122305136956, 0.13720474776407893, 0.003005294159155887, 0.00920762038038274, 0.041454738400270676, 0.003005294159155887], [0.8278215591124697, 0.11931289629967357, 0.003002731983987781, 0.007306916589899576, 0.03955316402998163, 0.003002731983987781], [0.8796016991460097, 0.08047917293711779, 0.0030175635231897246, 0.00599327968560612, 0.027890721184886724, 0.0030175635231897246], [0.06667337735388582, 0.07612720601367205, 0.0030341516386610933, 0.005795505299334228, 0.8453356080557858, 0.0030341516386610933], [0.905450280084019, 0.05765938913072643, 0.0030045246380561693, 0.005568279442895475, 0.025313002066246898, 0.0030045246380561693], [0.9420589471605497, 0.038749384905655285, 0.003038160283966748, 0.0033385686954398135, 0.009776778670421702, 0.003038160283966748], [0.8902824280513643, 0.07314189631375793, 0.0030074698818543855, 0.005258810994371388, 0.025301924876797662, 0.0030074698818543855], [0.8528055230390494, 0.09046575476413778, 0.0030249090881426057, 0.006427520509181505, 0.044251383511346186, 0.0030249090881426057], [0.8521894715893943, 0.10766556581573972, 0.0030717739070466234, 0.006552858681601199, 0.027448556099171618, 0.0030717739070466234], [0.1015666236320922, 0.15720141062682272, 0.0030086133481581167, 0.008776210535142165, 0.7264385285096268, 0.0030086133481581167], [0.8670896329076679, 0.09573417786475218, 0.0030392914237727885, 0.0054208390454290245, 0.02567676733460534, 0.0030392914237727885], [0.8791098276085587, 0.09080308746993822, 0.003001339422637299, 0.004697269666408827, 0.019387136409819823, 0.003001339422637299], [0.9072267405947188, 0.06466990997520917, 0.003001543906225019, 0.004696858856677201, 0.017403402760944906, 0.003001543906225019], [0.9486732729482621, 0.034878662940035145, 0.0030170511875555225, 0.0030170511875555225, 0.007396910549036054, 0.0030170511875555225], [0.9561692122158436, 0.02824052793602913, 0.0030056429826572774, 0.0030056429826572774, 0.006573330900155476, 0.0030056429826572774], [0.9564210849829922, 0.02791941293735143, 0.00300562705285007, 0.00300562705285007, 0.00664262092110617, 0.00300562705285007], [0.01789502395606835, 0.02256044750946174, 0.0030175944945825704, 0.0030175944945825704, 0.9504917450507222, 0.0030175944945825704], [0.9611590789031607, 0.02352699102286229, 0.003002599887163098, 0.003002599887163098, 0.0063061304124877515, 0.003002599887163098], [0.01565834484911442, 0.01887694776374038, 0.0030137578601593168, 0.0030137578601593168, 0.9564234338066673, 0.0030137578601593168], [0.9630713104187474, 0.02255078199080116, 0.0030012623654497197, 0.0030012623654497197, 0.005374120494102242, 0.0030012623654497197], [0.015164297699374218, 0.019691084396764074, 0.003011580711097454, 0.003011580711097454, 0.9561098757705694, 0.003011580711097454], [0.9587141448478365, 0.026688345223216448, 0.003001194890318104, 0.003001194890318104, 0.005593925257992779, 0.003001194890318104], [0.023297076173311566, 0.03529340551822158, 0.0030467634628300413, 0.0030467634628300413, 0.9322692279199767, 0.0030467634628300413], [0.9278860143196579, 0.026823548216421314, 0.023098667068824127, 0.004220506450693853, 0.014963915012291131, 0.0030073489321117267], [0.8783151953962288, 0.030776795435222187, 0.018949288811348296, 0.023228117793284295, 0.03223144486456112, 0.016499157699355373], [0.878370419590428, 0.028249803068328725, 0.020022490827778672, 0.021246578720087443, 0.03574070205442106, 0.01637000573895625], [0.8764620616533992, 0.02850905682989565, 0.019769267514287696, 0.021157125360701315, 0.037966129233472194, 0.016136359408243817], [0.9110619923917143, 0.01724553399618269, 0.013882754199343506, 0.012829148333242113, 0.035240077234448774, 0.009740493845068731]], [[0.9321216766864373, 0.017969319533434263, 0.01082061550591442, 0.010267289339234603, 0.022740626481946698, 0.006080472453032688], [0.015817134827040797, 0.011490137704618103, 0.008696738248547303, 0.003013020658832681, 0.9579699479021284, 0.003013020658832681], [0.956328964818756, 0.02884039402816686, 0.0030023917302121495, 0.0030023917302121495, 0.00582346596244087, 0.0030023917302121495], [0.9534406908702284, 0.03138464631165742, 0.0030049193736320754, 0.0030049193736320754, 0.006159904697217923, 0.0030049193736320754], [0.908505039524757, 0.060184114846187076, 0.0030027916320804157, 0.004868457217554088, 0.020436805147340968, 0.0030027916320804157], [0.8946715747014554, 0.07108827667468885, 0.0030024582055661053, 0.004870323660464859, 0.02336490855225847, 0.0030024582055661053], [0.8664916814146381, 0.09059188767716768, 0.0030271303169380746, 0.00604336417379157, 0.030818806100526622, 0.0030271303169380746], [0.8152907955712146, 0.1245667981243107, 0.0030026395856409195, 0.008192459428265098, 0.04594466770492779, 0.0030026395856409195], [0.8040130347880854, 0.13392308254616672, 0.0030047278558799698, 0.009268756189844221, 0.04678567076414371, 0.0030047278558799698], [0.12984830413329887, 0.13771652606883272, 0.0030386161071265095, 0.010790657615616494, 0.715567279967999, 0.0030386161071265095], [0.4931009266126293, 0.25595678593932136, 0.0030174554390226694, 0.017383923803371098, 0.22752345276663305, 0.0030174554390226694], [0.12308364376923825, 0.14357120509719887, 0.0030311836793822573, 0.010700265895890237, 0.7165825178789081, 0.0030311836793822573], [0.8106029934805882, 0.12583990507766094, 0.003002189516452672, 0.00988380790709329, 0.047668914501752195, 0.003002189516452672], [0.8040582938843857, 0.14014715338627146, 0.0030013408947568484, 0.008567999729042937, 0.04122387121078618, 0.0030013408947568484], [0.8236818417475054, 0.11585043629717916, 0.003002380745262515, 0.008936379796742023, 0.04552658066804854, 0.003002380745262515], [0.8864114479142116, 0.06931593485152907, 0.003016438005067961, 0.006658522561486504, 0.03158121866263686, 0.003016438005067961], [0.08628301435155747, 0.06433948913206576, 0.0030045251655490633, 0.00584337733282513, 0.8375250688524535, 0.0030045251655490633], [0.062334099275449494, 0.06128580165097148, 0.003019105993114319, 0.0050372525204237595, 0.8653046345669267, 0.003019105993114319], [0.8768301865521928, 0.0841882248341334, 0.003020869803279151, 0.005889460768860936, 0.027050388238254595, 0.003020869803279151], [0.842669038223477, 0.11270975062319927, 0.0030967164596648706, 0.0066613741776302155, 0.03176640405636359, 0.0030967164596648706], [0.7862430996570735, 0.15354382252377005, 0.003032765124428297, 0.008673567707700053, 0.04547397986259982, 0.003032765124428297], [0.11670365086990303, 0.1748680816229895, 0.003010198736718062, 0.009844998618505461, 0.6925628714151658, 0.003010198736718062], [0.802747726060898, 0.1410257024398565, 0.0030149135237466495, 0.008729248889577995, 0.041467495562174383, 0.0030149135237466495], [0.8645446559373187, 0.0944444866393525, 0.003041466062738046, 0.006173078954578984, 0.02875484634327391, 0.003041466062738046], [0.8956547738923252, 0.07311802563794165, 0.0030044576907507976, 0.004703368573659135, 0.02051491651457244, 0.0030044576907507976], [0.0464327482599604, 0.0520346880822104, 0.0030074220655452928, 0.004756525088402387, 0.8907611944383362, 0.0030074220655452928], [0.02264615923505283, 0.03341920765039855, 0.0030493992249550042, 0.0030493992249550042, 0.9347864354396836, 0.0030493992249550042], [0.9561481441701538, 0.02765140960974018, 0.0030072446710395773, 0.0030072446710395773, 0.007178712206987188, 0.0030072446710395773], [0.9564582360762597, 0.027832060859389354, 0.0030038571665807366, 0.0030038571665807366, 0.006698131564608803, 0.0030038571665807366], [0.962133954583665, 0.02425393221308826, 0.003000085123614931, 0.003000085123614931, 0.004611857832401959, 0.003000085123614931], [0.9597608174238105, 0.02540107979538551, 0.0030014408212334274, 0.0030014408212334274, 0.005833780317103689, 0.0030014408212334274], [0.01608345019803213, 0.019141259810286495, 0.0030146506674477687, 0.0030146506674477687, 0.9557313379893381, 0.0030146506674477687], [0.9592869429782558, 0.025129095343926627, 0.0030030221747210564, 0.0030030221747210564, 0.006574895153654516, 0.0030030221747210564], [0.9540819608455855, 0.030562322552141592, 0.003004604365336335, 0.003004604365336335, 0.0063419035062638966, 0.003004604365336335], [0.9233058105734828, 0.026456340121024838, 0.025622801776669746, 0.0042188031049128815, 0.0173907880306679, 0.003005456393241953], [0.9027352579179597, 0.03105965930387556, 0.010554618583597524, 0.017598516947858266, 0.026855167532411534, 0.011196779714297377], [0.9131136383871132, 0.03058412260299255, 0.023344849227172476, 0.00528259842881637, 0.024660731939152608, 0.0030140594147527442], [0.8619739409392271, 0.042259334049852645, 0.051370011470890486, 0.007561165683736832, 0.033823124891727306, 0.003012422964565637], [0.9101563387187186, 0.03277028125031067, 0.02445446936034359, 0.00567196481502439, 0.02393560432683157, 0.003011341528771137], [0.9077790733598818, 0.02078828723978502, 0.014489343054054917, 0.01573684648837685, 0.029960357231620393, 0.011246092626281064]], [[0.9329599892373251, 0.01650465097768062, 0.00992269363601949, 0.010110034737209474, 0.02421375420467311, 0.006288877207092136], [0.9327168366155444, 0.016656237223672727, 0.013534444225719951, 0.009379986352415293, 0.02195044092011127, 0.005762054662536396], [0.020577762975677906, 0.010913088936581035, 0.008074975277708969, 0.0030355090579446613, 0.9543631546941427, 0.0030355090579446613], [0.028368564822134623, 0.013431541056115366, 0.014120131979742252, 0.0030982769663207015, 0.9378832082093663, 0.0030982769663207015], [0.9149027831666725, 0.0261394325636528, 0.0291004774540545, 0.004540922860452347, 0.02230815758881271, 0.0030082263663551824], [0.902097239578352, 0.03084600895235286, 0.03140644155325642, 0.005926618464287526, 0.026708649228311197, 0.00301504222343997], [0.07218704813159513, 0.03289237405316609, 0.03137817617706831, 0.006033288184857121, 0.8544293613145467, 0.003079752138766642], [0.8829462022409851, 0.033402485176052106, 0.04224959393420074, 0.007366847014833677, 0.03099745965690655, 0.0030374119770219055], [0.8318354406692364, 0.04850634545501252, 0.06370591257561514, 0.010011604404106318, 0.042934962754247005, 0.0030057341417824095], [0.8336545360276131, 0.049454407741458116, 0.057231391368665736, 0.010894842904723723, 0.04575441047641869, 0.003010411481120538], [0.7956245299458397, 0.12589004947190324, 0.003015215708913938, 0.012490012876510748, 0.0599649762879185, 0.003015215708913938], [0.13318248422839088, 0.12015932638752165, 0.0030396403160696454, 0.011008418129927993, 0.7295704906220203, 0.0030396403160696454], [0.5209730275414531, 0.20730841152460114, 0.0030017918753685604, 0.016803290426852628, 0.24891168675635605, 0.0030017918753685604], [0.11838155617885125, 0.11454483240238805, 0.003026323793452471, 0.009030951871856673, 0.751990011959999, 0.003026323793452471], [0.8352015174609606, 0.11271526491244344, 0.0030021275443376824, 0.007460313383798437, 0.038618649154122095, 0.0030021275443376824], [0.099539335107244, 0.09136884123720912, 0.0030172798290332517, 0.00793335481232933, 0.7951239091851512, 0.0030172798290332517], [0.8961023224654648, 0.0616644557087719, 0.003011159716362088, 0.006250752669519094, 0.02996014972351996, 0.003011159716362088], [0.893211017811584, 0.0655286362265096, 0.0030094101674079075, 0.0062932947084184425, 0.02894823091867223, 0.0030094101674079075], [0.8673099207593491, 0.09102673511756652, 0.0030356011129114217, 0.0064407312978467576, 0.029151410599414743, 0.0030356011129114217], [0.10629699061208912, 0.17281108630482894, 0.0030212785449403464, 0.009785584166637041, 0.7050637818265643, 0.0030212785449403464], [0.0955383174055252, 0.1585601046322337, 0.0030345060688558574, 0.009317785995296715, 0.7305147798292329, 0.0030345060688558574], [0.7746501154527755, 0.1602516535300085, 0.0030495502883057814, 0.008087340612696952, 0.050911789827907464, 0.0030495502883057814], [0.7929218009888048, 0.14655247054601464, 0.003022094099750149, 0.009869231721437386, 0.044612308544242904, 0.003022094099750149], [0.7989923199620711, 0.14968028458277044, 0.0030024811039384485, 0.0074615588872195965, 0.03786087436006212, 0.0030024811039384485], [0.8835379469789864, 0.07558644468412001, 0.00301435011664223, 0.006064126688293739, 0.02878278141531551, 0.00301435011664223], [0.9046346700770642, 0.06081005175227124, 0.0030025683277085493, 0.005009869047132727, 0.023540272468114784, 0.0030025683277085493], [0.9222059147450272, 0.048398969517439806, 0.0030076904304371112, 0.004706894363061767, 0.018672840513596807, 0.0030076904304371112], [0.95310627021724, 0.030237265001847525, 0.0030112010967435028, 0.0030112010967435028, 0.007622861490682004, 0.0030112010967435028], [0.9563370312698031, 0.026698433757671464, 0.003007606963562315, 0.003007606963562315, 0.007941714081838674, 0.003007606963562315], [0.9589452454967846, 0.026081011466756787, 0.0030017415830500245, 0.0030017415830500245, 0.005968518287308656, 0.0030017415830500245], [0.9629144565819815, 0.02285407891526709, 0.0030009724281771745, 0.0030009724281771745, 0.00522854721821973, 0.0030009724281771745], [0.018050804004164898, 0.022613959854846093, 0.0030181430018452015, 0.0030181430018452015, 0.9502808071354534, 0.0030181430018452015], [0.9598175857341005, 0.02556250960862753, 0.003001084945796342, 0.003001084945796342, 0.0056166498198830465, 0.003001084945796342], [0.9280635403228162, 0.02478581899470107, 0.021536907807077642, 0.004225957216720414, 0.01837650691342595, 0.003011268745258671], [0.90373465180573, 0.029801567972685187, 0.011040415957753333, 0.01714964683327437, 0.027085067871714816, 0.01118864955884233], [0.06733258009515514, 0.029197129036740585, 0.032908893843218504, 0.005177315493102714, 0.8623238004503805, 0.003060281081402536], [0.8256538110118085, 0.12140953247666358, 0.0030032897573231366, 0.007384282988115593, 0.0395457940087662, 0.0030032897573231366], [0.12270601621643432, 0.13208181616323147, 0.0030251610974022327, 0.008960973176212054, 0.7302008722493177, 0.0030251610974022327], [0.8554761310674244, 0.045232765728513515, 0.051720079751954084, 0.008117447695799432, 0.03644426759526507, 0.003009308161043302], [0.9039586581556003, 0.02331103536275475, 0.01465063098105873, 0.017142032871846343, 0.029154869248972776, 0.011782773379767112]], [[0.9301707154828099, 0.01608174617165863, 0.01016742917863049, 0.009951440122215507, 0.026730986579195266, 0.006897682465490284], [0.9094777080731782, 0.019334434754642676, 0.013730952635297413, 0.011480156031297336, 0.03834331292713267, 0.007633435578451696], [0.9016906837632415, 0.020866854833346177, 0.017160032986820034, 0.01376884694487538, 0.036357031977833056, 0.010156549493884], [0.8821001938774293, 0.026000598428751114, 0.019502246190678946, 0.019033029122841296, 0.037860288985273834, 0.015503643395025463], [0.8732703277423788, 0.028430861386103682, 0.020168877909477603, 0.02230481008560477, 0.03857007760693455, 0.017255045269500495], [0.8758534385050438, 0.029186784586336643, 0.020142408060189083, 0.023229700811137587, 0.03355118212976182, 0.018036485907530996], [0.8744493052547418, 0.027659028787104155, 0.022149793808769563, 0.023157718340805048, 0.03407948918581485, 0.018504664622764604], [0.8754610711776837, 0.027461781415660635, 0.022310007603408684, 0.02345091761654874, 0.032861754399943884, 0.018454467786754473], [0.8692677577431899, 0.030220184896909242, 0.022123959984763516, 0.024889664225426846, 0.033913940608650404, 0.019584492541060185], [0.8774024323240518, 0.02928164094375202, 0.021281943187675015, 0.023823899691893496, 0.03035240375509122, 0.017857680097536358], [0.10052310813026606, 0.04290953441577303, 0.05180032884572827, 0.008194848497425685, 0.7935362789195247, 0.0030359011912821933], [0.8100760384124911, 0.12679461694511837, 0.0030029550837073083, 0.009190289524881866, 0.047933144950094084, 0.0030029550837073083], [0.8088451969204924, 0.11730479835300343, 0.003010387044912585, 0.010538276219249907, 0.05729095441742901, 0.003010387044912585], [0.11451740686711438, 0.12698348032474524, 0.0030230991285379676, 0.009865826368430974, 0.7425870881826335, 0.0030230991285379676], [0.8500951057865976, 0.09655679132760554, 0.003007217937333036, 0.007678196122457788, 0.03965547088867294, 0.003007217937333036], [0.8906722314795084, 0.06736250689083223, 0.003011526633111255, 0.00619477470512631, 0.029747433658310625, 0.003011526633111255], [0.9019428564629816, 0.058886264402816364, 0.0030067586678132266, 0.0058491185799632766, 0.02730824321861219, 0.0030067586678132266], [0.8861309810599629, 0.0698340118895387, 0.0030151551524932835, 0.007067706854544886, 0.03093698989096702, 0.0030151551524932835], [0.8347300430471023, 0.10910109048522537, 0.0030027591043827436, 0.007466641633521491, 0.04269670662538541, 0.0030027591043827436], [0.8132721467513713, 0.13367258920880776, 0.0030091854780480774, 0.00749358747559202, 0.03954330560813285, 0.0030091854780480774], [0.7550764594383413, 0.1843189226350152, 0.003026410715986793, 0.009220620802171422, 0.04533117569249854, 0.003026410715986793], [0.48282851337875, 0.2633647357450954, 0.003021487401360008, 0.029818310124043047, 0.21794546594939165, 0.003021487401360008], [0.7787757731396021, 0.15614584103020873, 0.0030398281124570715, 0.009774330767205231, 0.04922439883806981, 0.0030398281124570715], [0.8151134858004119, 0.11778147222433918, 0.0030103207105146978, 0.007873119025608638, 0.053211281528611126, 0.0030103207105146978], [0.8344898569515083, 0.10689253242556702, 0.0030022930030246782, 0.008773771576859046, 0.04383925304001624, 0.0030022930030246782], [0.8809509997030366, 0.07500447821886963, 0.003019280138160579, 0.0067233695976299775, 0.031282592204142715, 0.003019280138160579], [0.05972565949790062, 0.05593068419118789, 0.0030166655606102535, 0.005048990684705649, 0.8732613345049854, 0.0030166655606102535], [0.0489579891341256, 0.0504011322189886, 0.0030098056952004887, 0.004762446048020328, 0.8898588212084645, 0.0030098056952004887], [0.952959844762664, 0.030526139251861383, 0.0030078964739032013, 0.0030078964739032013, 0.007490326563765036, 0.0030078964739032013], [0.9593884385984045, 0.025108069144743783, 0.0030028269456518065, 0.0030028269456518065, 0.006495011419896188, 0.0030028269456518065], [0.9611938100693573, 0.024064530426239975, 0.0030013727292675795, 0.0030013727292675795, 0.005737541316599967, 0.0030013727292675795], [0.01883307006467899, 0.02336936176589264, 0.003020792065505648, 0.003020792065505648, 0.9487351919729115, 0.003020792065505648], [0.9266377233378617, 0.024521293714654713, 0.024281921605438333, 0.004221128095161995, 0.017329805312747564, 0.0030081279341358964], [0.9031546345253891, 0.029333026498331805, 0.010708960041756574, 0.016300641217300862, 0.02975459383898854, 0.010748143878232898], [0.9068158244026542, 0.03172637307493783, 0.030303863074620112, 0.005502331073937747, 0.02264562000327913, 0.0030059883705710775], [0.8222880230436375, 0.12164986104255943, 0.0030020861255273044, 0.008039275463893193, 0.04201866819885526, 0.0030020861255273044], [0.1245774305082859, 0.14712672543311017, 0.003036418264956651, 0.010729842426368803, 0.7114931651023217, 0.003036418264956651], [0.7784745656494501, 0.15721560829505737, 0.0030269120951673047, 0.00889400067037617, 0.049362001194781985, 0.0030269120951673047], [0.12570434697525953, 0.055490780800035784, 0.07405753898891175, 0.012764305302678181, 0.7281285160336487, 0.0038545118994660356], [0.9026594443588197, 0.022180381168237423, 0.015744120263578496, 0.01704620122147232, 0.030283910608789877, 0.012085942379102186]], [[0.9384567288554317, 0.014540138949017336, 0.010947766290334338, 0.009479723286644383, 0.02076848266631488, 0.005807159952257298], [0.02338445329794826, 0.013639395617126926, 0.009284463811671098, 0.003052393922268895, 0.947586899428716, 0.003052393922268895], [0.06005310752931612, 0.02396030437406204, 0.02535415190866972, 0.0042498615009453535, 0.8833408137045037, 0.003041760982503077], [0.8740820527256722, 0.0291748959635766, 0.0224143943262345, 0.0238382827440955, 0.032578961625959, 0.017911412614462253], [0.07520856317438891, 0.03684493159927787, 0.04078910420910769, 0.007349018688120696, 0.8366172265452724, 0.0031911557838325087], [0.1183675694893712, 0.04995516623011995, 0.06859962298977419, 0.010685481851313652, 0.7491694121983703, 0.0032227472410507048], [0.843603737644421, 0.04193555769164052, 0.0584364582469707, 0.008631196476427634, 0.04438035869760189, 0.003012691242938209], [0.8504936254786392, 0.04485287995039477, 0.04450483799463737, 0.00974593309200446, 0.047377976610261, 0.0030247468740633283], [0.8742260050201346, 0.028243992902669032, 0.023589006528398373, 0.0243200306366598, 0.030945653008449685, 0.018675311903688603], [0.8601704323195292, 0.04621494166746034, 0.03980243280830831, 0.009018152205249394, 0.04177002339205008, 0.0030240176074028033], [0.8291922251413473, 0.1002063681783467, 0.003013273073183717, 0.010229103778543941, 0.054345756755394825, 0.003013273073183717], [0.8221105987633148, 0.0969913216092496, 0.0030324966625058674, 0.00955959771520126, 0.06527348858722269, 0.0030324966625058674], [0.8239874936355043, 0.1150775745736422, 0.003003070579326899, 0.008351827375090236, 0.04657696325710949, 0.003003070579326899], [0.8309720436125275, 0.10580188467839177, 0.003005117181419229, 0.008860854167510803, 0.04835498317873147, 0.003005117181419229], [0.8525943179040905, 0.07503143873922476, 0.0030082143808560415, 0.006798006792250104, 0.05955980780272262, 0.0030082143808560415], [0.06944241532791286, 0.060937737496872424, 0.0030339071014198592, 0.005987904462709115, 0.8575641285096659, 0.0030339071014198592], [0.06804742417728633, 0.05914797268083971, 0.0030310238258478826, 0.005826664337022319, 0.8609158911531559, 0.0030310238258478826], [0.8987416437147648, 0.06233675520106544, 0.0030062593313410955, 0.005716141010224182, 0.027192941411263372, 0.0030062593313410955], [0.8805551018815245, 0.07853025210902087, 0.0030165955758550992, 0.0063225976314545546, 0.028558857226289654, 0.0030165955758550992], [0.8214080030118952, 0.12088356338622035, 0.00300306776377909, 0.008096299736299878, 0.043605998338026315, 0.00300306776377909], [0.7884465430924152, 0.13601197145578922, 0.003011828911173504, 0.00896451461575671, 0.06055331301369178, 0.003011828911173504], [0.782416927251878, 0.1554415256481915, 0.003006736953435317, 0.008036087766352092, 0.048091985426707826, 0.003006736953435317], [0.8149934437610984, 0.12700524576744052, 0.0030052540172529276, 0.008350080354585737, 0.04364072208236942, 0.0030052540172529276], [0.11043828316208687, 0.1019294535163046, 0.0030195093020137552, 0.007709277172587892, 0.7738839675449931, 0.0030195093020137552], [0.894590714319585, 0.06323866700877624, 0.0030122746878047963, 0.005767459711107403, 0.030378609584921702, 0.0030122746878047963], [0.9038852761586106, 0.05841997806598758, 0.0030058724369766247, 0.005292848407204697, 0.026390152494244, 0.0030058724369766247], [0.911963588201971, 0.05380969562295911, 0.003005184680721789, 0.004707175572444944, 0.02350917124118144, 0.003005184680721789], [0.9546235742978105, 0.028337388501903846, 0.0030111350670578773, 0.0030111350670578773, 0.008005631999112094, 0.0030111350670578773], [0.9572112769215363, 0.026563578602658115, 0.0030049682216065545, 0.0030049682216065545, 0.007210239810985952, 0.0030049682216065545], [0.018407170210323592, 0.024524823426886336, 0.003018494324630422, 0.003018494324630422, 0.9480125233888989, 0.003018494324630422], [0.018501107569839647, 0.02357404853012258, 0.003019318130750235, 0.003019318130750235, 0.9488668895077871, 0.003019318130750235], [0.9260480047881028, 0.04632249844271698, 0.0030155431417188006, 0.004888254527984916, 0.016710155957757846, 0.0030155431417188006], [0.916451750635899, 0.05147280688093188, 0.0030084565133157016, 0.004878595162080744, 0.021179934294456814, 0.0030084565133157016], [0.909015499843918, 0.03069561632261301, 0.03127056589263055, 0.005053802896469605, 0.02096094846101156, 0.0030035665833572033], [0.11530149950570581, 0.12069420286927517, 0.0030143362905769885, 0.008850403133412807, 0.7491252219104523, 0.0030143362905769885], [0.8007729917389009, 0.13848486972468763, 0.003007268544323673, 0.008714791813017568, 0.04601280963474656, 0.003007268544323673], [0.13692574631714585, 0.16900409709092615, 0.003088286076942971, 0.011786588119938685, 0.6761069963181033, 0.003088286076942971], [0.5092875557260339, 0.24477678024926366, 0.003010577415827835, 0.017317536919738002, 0.22259697227330874, 0.003010577415827835], [0.8086815868454154, 0.05405467556211054, 0.07492380530393496, 0.011443980133590034, 0.04788020220334298, 0.0030157499516061193], [0.9032759487817288, 0.02284917601597438, 0.015894351970846075, 0.018062524071171537, 0.027917590975165118, 0.012000408185113973]], [[0.9321265576749329, 0.01576882276425779, 0.010452454900961772, 0.010184814072099622, 0.024697186664861252, 0.006770163922886749], [0.9240120900139572, 0.023626887819098226, 0.02846391620606778, 0.004218451463718609, 0.016672689562599086, 0.003005964934559061], [0.9245728310329893, 0.025114459402746078, 0.023588613858613196, 0.004224295881930805, 0.019490280124618106, 0.0030095196991026412], [0.8803021314949901, 0.027616027381544908, 0.02137876872933507, 0.0222416779619591, 0.031073542252818647, 0.017387852179352115], [0.8380979969035182, 0.04659542794902949, 0.06346922685499476, 0.008973501447819643, 0.03985965674321714, 0.0030041901014208686], [0.10871611807205017, 0.15199201200241338, 0.003021925733379015, 0.008741198791066678, 0.7245068196677117, 0.003021925733379015], [0.8072015771033556, 0.13248711768202476, 0.0030047918019520167, 0.008167683893619382, 0.04613403771709619, 0.0030047918019520167], [0.13147565123326072, 0.12575255547251676, 0.0030369541950943752, 0.011335337296573083, 0.7253625476074608, 0.0030369541950943752], [0.11857012098602016, 0.04269529897830314, 0.05118350730221672, 0.009060259539740467, 0.775421981347875, 0.003068831845844482], [0.8403634081615001, 0.08865644214691824, 0.003024952389298815, 0.009340016094883052, 0.05559022881810111, 0.003024952389298815], [0.8287955722470348, 0.09528248909040642, 0.0030259746542972647, 0.009099624076174425, 0.06077036527778998, 0.0030259746542972647], [0.5439743964176086, 0.1791649848740932, 0.003017893955489849, 0.014641390649385286, 0.2561834401479331, 0.003017893955489849], [0.8229730500208388, 0.11220456614195495, 0.003005369304792371, 0.008589288706382038, 0.050222356521239554, 0.003005369304792371], [0.8293852693707906, 0.10744510913363775, 0.003006014745898421, 0.008076789030740833, 0.04908080297303392, 0.003006014745898421], [0.11243985994869393, 0.09555174930581789, 0.0030246310646257555, 0.008444022790889554, 0.7775151058253471, 0.0030246310646257555], [0.8753190202164944, 0.08043525761682878, 0.003019322841135404, 0.006160089479261374, 0.03204698700514461, 0.003019322841135404], [0.9050158233634782, 0.05674206419784241, 0.0030064436293300305, 0.0056250001744121226, 0.02660422500560726, 0.0030064436293300305], [0.906564672949187, 0.05697368050056719, 0.003004296349415162, 0.0055536244290160415, 0.024899429422399505, 0.003004296349415162], [0.8926320365211239, 0.06725601900157034, 0.0030081860371912127, 0.006081162040856419, 0.028014410362066946, 0.0030081860371912127], [0.8764794347129349, 0.07936060802902524, 0.0030241355499787182, 0.006536413643313451, 0.03157527251476901, 0.0030241355499787182], [0.8237943663805295, 0.11683917508355013, 0.0030022985815480615, 0.008625049121198764, 0.04473681225162538, 0.0030022985815480615], [0.8230816477061162, 0.11300403717203904, 0.0030049763234920378, 0.00878263551947635, 0.049121726955384346, 0.0030049763234920378], [0.8153908690798501, 0.1137315626413999, 0.0030122936856746972, 0.009483316665840203, 0.05536966424156032, 0.0030122936856746972], [0.8769208316181581, 0.07555974344042365, 0.0030293017072011556, 0.006784221123175865, 0.03467660040384007, 0.0030293017072011556], [0.895706784904096, 0.0651654769812535, 0.003006550391389761, 0.005841426464003954, 