{"prediction": [[[0.98500332438622, 0.002999335122756038, 0.002999335122756038, 0.002999335122756038, 0.002999335122756038, 0.002999335122756038], [0.98500332438622, 0.002999335122756038, 0.002999335122756038, 0.002999335122756038, 0.002999335122756038, 0.002999335122756038], [0.98500332438622, 0.002999335122756038, 0.002999335122756038, 0.002999335122756038, 0.002999335122756038, 0.002999335122756038], [0.98500332438622, 0.002999335122756038, 0.002999335122756038, 0.002999335122756038, 0.002999335122756038, 0.002999335122756038], [0.98500332438622, 0.002999335122756038, 0.002999335122756038, 0.002999335122756038, 0.002999335122756038, 0.002999335122756038], [0.98500332438622, 0.002999335122756038, 0.002999335122756038, 0.002999335122756038, 0.002999335122756038, 0.002999335122756038], [0.98500332438622, 0.002999335122756038, 0.002999335122756038, 0.002999335122756038, 0.002999335122756038, 0.002999335122756038], [0.98500332438622, 0.002999335122756038, 0.002999335122756038, 0.002999335122756038, 0.002999335122756038, 0.002999335122756038], [0.98500332438622, 0.002999335122756038, 0.002999335122756038, 0.002999335122756038, 0.002999335122756038, 0.002999335122756038], [0.98500332438622, 0.002999335122756038, 0.002999335122756038, 0.002999335122756038, 0.002999335122756038, 0.002999335122756038], [0.98500332438622, 0.002999335122756038, 0.002999335122756038, 0.002999335122756038, 0.002999335122756038, 0.002999335122756038], [0.98500332438622, 0.002999335122756038, 0.002999335122756038, 0.002999335122756038, 0.002999335122756038, 0.002999335122756038], [0.98500332438622, 0.002999335122756038, 0.002999335122756038, 0.002999335122756038, 0.002999335122756038, 0.002999335122756038], [0.98500332438622, 0.002999335122756038, 0.002999335122756038, 0.002999335122756038, 0.002999335122756038, 0.002999335122756038], [0.98500332438622, 0.002999335122756038, 0.002999335122756038, 0.002999335122756038, 0.002999335122756038, 0.002999335122756038], [0.98500332438622, 0.002999335122756038, 0.002999335122756038, 0.002999335122756038, 0.002999335122756038, 0.002999335122756038], [0.98500332438622, 0.002999335122756038, 0.002999335122756038, 0.002999335122756038, 0.002999335122756038, 0.002999335122756038], [0.98500332438622, 0.002999335122756038, 0.002999335122756038, 0.002999335122756038, 0.002999335122756038, 0.002999335122756038], [0.98500332438622, 0.002999335122756038, 0.002999335122756038, 0.002999335122756038, 0.002999335122756038, 0.002999335122756038], [0.98500332438622, 0.002999335122756038, 0.002999335122756038, 0.002999335122756038, 0.002999335122756038, 0.002999335122756038], [0.98500332438622, 0.002999335122756038, 0.002999335122756038, 0.002999335122756038, 0.002999335122756038, 0.002999335122756038], [0.98500332438622, 0.002999335122756038, 0.002999335122756038, 0.002999335122756038, 0.002999335122756038, 0.002999335122756038], [0.98500332438622, 0.002999335122756038, 0.002999335122756038, 0.002999335122756038, 0.002999335122756038, 0.002999335122756038], [0.98500332438622, 0.002999335122756038, 0.002999335122756038, 0.002999335122756038, 0.002999335122756038, 0.002999335122756038], [0.98500332438622, 0.002999335122756038, 0.002999335122756038, 0.002999335122756038, 0.002999335122756038, 0.002999335122756038], [0.98500332438622, 0.002999335122756038, 0.002999335122756038, 0.002999335122756038, 0.002999335122756038, 0.002999335122756038], [0.98500332438622, 0.002999335122756038, 0.002999335122756038, 0.002999335122756038, 0.002999335122756038, 0.002999335122756038], [0.98500332438622, 0.002999335122756038, 0.002999335122756038, 0.002999335122756038, 0.002999335122756038, 0.002999335122756038], [0.98500332438622, 0.002999335122756038, 0.002999335122756038, 0.002999335122756038, 0.002999335122756038, 0.002999335122756038], [0.98500332438622, 0.002999335122756038, 0.002999335122756038, 0.002999335122756038, 0.002999335122756038, 0.002999335122756038], [0.98500332438622, 0.002999335122756038, 0.002999335122756038, 0.002999335122756038, 0.002999335122756038, 0.002999335122756038], [0.98500332438622, 0.002999335122756038, 0.002999335122756038, 0.002999335122756038, 0.002999335122756038, 0.002999335122756038], [0.98500332438622, 0.002999335122756038, 0.002999335122756038, 0.002999335122756038, 0.002999335122756038, 0.002999335122756038], [0.98500332438622, 0.002999335122756038, 0.002999335122756038, 0.002999335122756038, 0.002999335122756038, 0.002999335122756038], [0.98500332438622, 0.002999335122756038, 0.002999335122756038, 0.002999335122756038, 0.002999335122756038, 0.002999335122756038], [0.98500332438622, 0.002999335122756038, 0.002999335122756038, 0.002999335122756038, 0.002999335122756038, 0.002999335122756038], [0.98500332438622, 0.002999335122756038, 0.002999335122756038, 0.002999335122756038, 0.002999335122756038, 0.002999335122756038], [0.98500332438622, 0.002999335122756038, 0.002999335122756038, 0.002999335122756038, 0.002999335122756038, 0.002999335122756038], [0.98500332438622, 0.002999335122756038, 0.002999335122756038, 0.002999335122756038, 0.002999335122756038, 0.002999335122756038], [0.98500332438622, 0.002999335122756038, 0.002999335122756038, 0.002999335122756038, 0.002999335122756038, 0.002999335122756038]], [[0.98500332438622, 0.002999335122756038, 0.002999335122756038, 0.002999335122756038, 0.002999335122756038, 0.002999335122756038], [0.00650475851542308, 0.011745726909392639, 0.00421164338086507, 0.003004428635971001, 0.9715290139223772, 0.003004428635971001], [0.9730390128834981, 0.012829877067486012, 0.004791798471087737, 0.003003928895708221, 0.0033314537865116204, 0.003003928895708221], [0.9716280069136906, 0.014079601889814062, 0.004953901021367865, 0.0030034200708460275, 0.003331650033435573, 0.0030034200708460275], [0.9693908306533319, 0.014420393008420537, 0.006428911442347031, 0.003002184381472218, 0.003755496132956127, 0.003002184381472218], [0.9640328242226671, 0.016839155115791968, 0.008610405393717355, 0.0030006666169874077, 0.004516282033848787, 0.0030006666169874077], [0.015317244177132209, 0.017081689636295295, 0.009493351960211612, 0.003001335916494661, 0.9521050423933716, 0.003001335916494661], [0.9560484682669179, 0.019298955853727026, 0.012132097486941646, 0.0030003471654420906, 0.006519784061529302, 0.0030003471654420906], [0.9474755510159052, 0.021443513921562563, 0.016750625812597078, 0.003084307031848907, 0.008243789868716146, 0.0030022123493702035], [0.04127159914419573, 0.03206802345337975, 0.02599231529912113, 0.004602497248931482, 0.8930614138088554, 0.003004151045516523], [0.05759433433280421, 0.03442111312093885, 0.033563045435889595, 0.0058349221386715736, 0.8655810988656278, 0.0030054861060680193], [0.8856180670316743, 0.03443627016977845, 0.04178915638873928, 0.006834841347788502, 0.028318309445734345, 0.0030033556162850786], [0.8814845370278824, 0.040237481463770375, 0.04167599298899849, 0.007335683100358529, 0.026264169241683653, 0.003002136177306655], [0.8581866470826134, 0.04381950695029738, 0.05450924561946173, 0.008834350906168133, 0.03163973199274165, 0.0030105174487178726], [0.8136669851097265, 0.05962495081176325, 0.07207866907182366, 0.011549842906183503, 0.04007881538237315, 0.003000736718129994], [0.7880198126417358, 0.05867298710760591, 0.08829320952189561, 0.013378015003714458, 0.048632335013983806, 0.003003640711064376], [0.807729545846168, 0.06158998110237142, 0.07832314178310243, 0.011629129999690641, 0.0377279442241148, 0.00300025704455273], [0.08483494623320754, 0.04472715715080318, 0.05453278018297892, 0.008722247365369789, 0.8041537843515745, 0.003029084716066157], [0.0668655887993808, 0.038569522067558, 0.037853682014864075, 0.006587471643316493, 0.8471138644932017, 0.003009870981678939], [0.9105001878034389, 0.03231386602987338, 0.03152644074145612, 0.00531588618763307, 0.017341987479078825, 0.0030016317585195985], [0.05986023297471425, 0.03121545325410568, 0.028717950609600057, 0.005645130659882209, 0.8715529650634793, 0.003008267438218495], [0.9006444243547009, 0.032992045950276515, 0.03077984612492618, 0.006345598491194741, 0.026234809559533816, 0.003003275519367856], [0.8649426251438284, 0.041725458637930486, 0.04890254379862646, 0.008675864153452399, 0.03274588596914669, 0.0030076222970155117], [0.1267263356579722, 0.05584231561022686, 0.07203405033460415, 0.011554731739041845, 0.7308260426843876, 0.003016523973767441], [0.1261675006162861, 0.0661455729635415, 0.09122737983527142, 0.013790513321776441, 0.699653980088874, 0.003015053174250569], [0.7775012700064673, 0.0655170186778381, 0.09273432740151619, 0.013367918603013002, 0.04786989000591879, 0.0030095753052466583], [0.7538732800822374, 0.06803995247096636, 0.10585230393278718, 0.016980772948468694, 0.052240693265031064, 0.00301299730050922], [0.7837200351279695, 0.06710071322860482, 0.08694411189302723, 0.013940820714096039, 0.04529116572278024, 0.0030031533135221797], [0.7449784429450971, 0.06877258079792567, 0.11506097233948606, 0.01563133299344536, 0.05255174473962, 0.0030049261844258108], [0.15799396549761113, 0.0716728834116514, 0.09624895503250301, 0.016412232306573647, 0.6546587522371252, 0.003013211514535593], [0.7664917922635212, 0.06521352008406041, 0.09714331843701954, 0.015558183217550333, 0.05258800704921018, 0.0030051789486384996], [0.799988305924561, 0.05586048654617971, 0.07176962920782627, 0.013182633862658133, 0.05619617350250592, 0.003002770956268845], [0.8480740655280169, 0.04366946849350696, 0.05914209611415771, 0.009561269703800907, 0.03654289878544115, 0.0030102013750764704], [0.8369611626161628, 0.05139993951844251, 0.05765746289475629, 0.011072374688169453, 0.03990337723759418, 0.003005683044874626], [0.8035259245483509, 0.05853277382280244, 0.07348238156448167, 0.013706286357238815, 0.04774984736770968, 0.003002786339416534], [0.795811191075561, 0.06296538294696397, 0.07367467573762511, 0.014687212074119178, 0.04985822856332573, 0.0030033096024050894], [0.7891007773254793, 0.06403918087532996, 0.07939315930158382, 0.014596438436418393, 0.04986723624371114, 0.0030032078174773097], [0.8548480289272419, 0.04939861999206329, 0.05050713085705721, 0.009503707704839185, 0.032732699727506205, 0.0030098127912922016], [0.8888733975054732, 0.041483565036570386, 0.03299995470887707, 0.007112825053702235, 0.026527769369933944, 0.0030024883254431817], [0.98500332438622, 0.002999335122756038, 0.002999335122756038, 0.002999335122756038, 0.002999335122756038, 0.002999335122756038]], [[0.98500332438622, 0.002999335122756038, 0.002999335122756038, 0.002999335122756038, 0.002999335122756038, 0.002999335122756038], [0.007674750595426448, 0.013565506703640443, 0.004263488912619646, 0.0030034801317025965, 0.9684892935249083, 0.0030034801317025965], [0.9655038577046954, 0.02197790946231575, 0.0030013281769752844, 0.0030013281769752844, 0.003514248302063014, 0.0030013281769752844], [0.9638787171158982, 0.022737355403013894, 0.0030009077154151674, 0.0030009077154151674, 0.004381204334842419, 0.0030009077154151674], [0.9577311447417641, 0.02829826366947513, 0.002999999992534775, 0.002999999992534775, 0.004970591611156501, 0.002999999992534775], [0.9497667560382345, 0.03480822864513889, 0.003000403545797608, 0.003000403545797608, 0.006423804679233975, 0.003000403545797608], [0.019556321344158228, 0.03922429813765667, 0.0030033622674565394, 0.0030148990621597024, 0.9321977569211124, 0.0030033622674565394], [0.9377603017596281, 0.04574569807975651, 0.0030041716299450075, 0.0030041716299450075, 0.007481485270780382, 0.0030041716299450075], [0.88949483152536, 0.08384142252477411, 0.003001977456643549, 0.004875004130258714, 0.015784786906320004, 0.003001977456643549], [0.870973662580644, 0.09679467054959132, 0.003001885536362977, 0.006019303357292246, 0.020208592439746504, 0.003001885536362977], [0.8319430769284604, 0.12589397893532342, 0.003012976037977614, 0.007599401644771221, 0.02853759041548982, 0.003012976037977614], [0.7908729766271166, 0.1485403077645838, 0.0030007829653838406, 0.009416766646263522, 0.045168383031268244, 0.0030007829653838406], [0.8157069145487096, 0.12897574320087624, 0.003020674324788184, 0.009127531092025036, 0.04014846250881286, 0.003020674324788184], [0.11217436080001958, 0.15920482320534649, 0.0030031157450346136, 0.011034516847574116, 0.7115800676569906, 0.0030031157450346136], [0.7304523349557833, 0.20019857129761923, 0.0030034731426418068, 0.01268239587047844, 0.05065975159083536, 0.0030034731426418068], [0.7232717423068513, 0.1973995545426154, 0.0030108737445122833, 0.01198543404455207, 0.06132152161695671, 0.0030108737445122833], [0.10368351783621119, 0.20253223068465587, 0.003010315214221541, 0.012823975957463606, 0.6749396450932262, 0.003010315214221541], [0.7715566733071254, 0.17361156779922543, 0.003003715206328723, 0.009646416125495806, 0.039177912355495934, 0.003003715206328723], [0.8266762727761532, 0.12472146692946157, 0.003014512890660385, 0.008692766764846928, 0.03388046774821752, 0.003014512890660385], [0.8531862973907104, 0.10092346851340776, 0.003004713163357511, 0.0072587760619230324, 0.032622031707243815, 0.003004713163357511], [0.864311373550482, 0.09105093893356801, 0.003002224584233587, 0.007434147061006648, 0.031199091286476188, 0.003002224584233587], [0.8401272044060831, 0.10790454577234114, 0.0030094264227073495, 0.008126035161238058, 0.03782336181492306, 0.0030094264227073495], [0.7771175898192503, 0.15177837122833115, 0.003001360332183475, 0.011203549184526597, 0.05389776910352489, 0.003001360332183475], [0.1396178856755893, 0.17245749760009885, 0.0030128455963268877, 0.012193546604162464, 0.6697053789274957, 0.0030128455963268877], [0.1382439467563722, 0.19387540161521621, 0.0030184168984794205, 0.012980205665579414, 0.6488636121658733, 0.0030184168984794205], [0.46767494839062634, 0.28782943342153033, 0.003005613760531803, 0.01843874780306686, 0.22004564286371284, 0.003005613760531803], [0.7167313661461343, 0.20019331554204917, 0.003007467555307903, 0.014793145529940188, 0.062267237671260495, 0.003007467555307903], [0.1337658259503136, 0.21576023956482193, 0.0030160276575552573, 0.014710366938226414, 0.6297315122315276, 0.0030160276575552573], [0.12645784670954072, 0.20330844701671946, 0.003016930612571337, 0.014299032444526166, 0.649900812604071, 0.003016930612571337], [0.44552442554277566, 0.3100044084849345, 0.00300131570109499, 0.020725852966655398, 0.21774268160344434, 0.00300131570109499], [0.7301933443552491, 0.19046464209262892, 0.0030110292201037158, 0.013293349773481518, 0.06002660533843292, 0.0030110292201037158], [0.14307801857070807, 0.17101542376875378, 0.003011401844335314, 0.012824167668821069, 0.6670595863030465, 0.003011401844335314], [0.7776462436389141, 0.14913644639129484, 0.003001406289197825, 0.011972340436520913, 0.0552421569548744, 0.003001406289197825], [0.13096996116400658, 0.15435384815265413, 0.0030066084675094873, 0.012596208292528463, 0.6960667654557919, 0.0030066084675094873], [0.1486816001346894, 0.19567534651719598, 0.003025093603382535, 0.01552552448072491, 0.6340673416606247, 0.003025093603382535], [0.14048016135019736, 0.22386342493721897, 0.003034385608268624, 0.01634812320599355, 0.6132395192900528, 0.003034385608268624], [0.720130032687589, 0.20357988394314547, 0.003014928816264057, 0.013989494461260191, 0.0562707312754771, 0.003014928816264057], [0.7468358484201469, 0.18387295889544245, 0.0030064505201948337, 0.011728926673093224, 0.05154936497092775, 0.0030064505201948337], [0.8484140418258556, 0.04864249880769985, 0.054833422507298155, 0.010422102169796891, 0.03467478987257483, 0.003013144816774676], [0.98500332438622, 0.002999335122756038, 0.002999335122756038, 0.002999335122756038, 0.002999335122756038, 0.002999335122756038]], [[0.98500332438622, 0.002999335122756038, 0.002999335122756038, 0.002999335122756038, 0.002999335122756038, 0.002999335122756038], [0.9688468406731608, 0.01542089947463811, 0.006199975176480199, 0.0030021745495310615, 0.0035279355766586057, 0.0030021745495310615], [0.9626593481981047, 0.02405615421561407, 0.0030005812932079722, 0.0030005812932079722, 0.004282753706657265, 0.0030005812932079722], [0.956561568983866, 0.029089106864943155, 0.0029999999903620703, 0.0029999999903620703, 0.005349324180104592, 0.0029999999903620703], [0.0155490642982828, 0.0332180391666953, 0.0030006978031683123, 0.0030106495265565317, 0.9422208514021287, 0.0030006978031683123], [0.020422030236280836, 0.042216514539024474, 0.0030046543695975395, 0.003015414940655108, 0.9283367315448445, 0.0030046543695975395], [0.021942317389983187, 0.05100311361156873, 0.0030092718776348784, 0.003020413510599314, 0.9180156117325791, 0.0030092718776348784], [0.04197377278840319, 0.07894452961557166, 0.0030023537534719282, 0.004297733388339849, 0.8687792567007413, 0.0030023537534719282], [0.864868134606698, 0.10423489001763271, 0.0030038198533266784, 0.0057931308232809795, 0.019096204845735164, 0.0030038198533266784], [0.8152237682467706, 0.14027913282189183, 0.0030223039221526594, 0.007809892162933143, 0.030642598924099214, 0.0030223039221526594], [0.768974807913651, 0.17387441977912282, 0.0030034669215975884, 0.01014784003161787, 0.040995998432413236, 0.0030034669215975884], [0.13297350780884235, 0.17324066351646797, 0.0030101243051399184, 0.011578048811366473, 0.6761875312530433, 0.0030101243051399184], [0.7727790614996757, 0.1570948784110224, 0.003001493686820416, 0.011368946408343229, 0.052754126307317864, 0.003001493686820416], [0.13556935970923784, 0.1623711302553434, 0.003011534610511531, 0.01232859905197112, 0.6837078417624246, 0.003011534610511531], [0.7334232845790865, 0.190619948476651, 0.0030034794225899885, 0.013186183359653688, 0.05676362473942902, 0.0030034794225899885], [0.43577020827843266, 0.32957273223678146, 0.003004322284472194, 0.021203321493473832, 0.20744509342236767, 0.003004322284472194], [0.7222903886873339, 0.21221973890490958, 0.0030167833464248128, 0.011971539498826105, 0.04748476621608083, 0.0030167833464248128], [0.10473077957572484, 0.18553943457552105, 0.003005298308148671, 0.01090370000408263, 0.6928154892283741, 0.003005298308148671], [0.10396191807531599, 0.16260715679660928, 0.0030025394135939454, 0.009959477548100261, 0.7174663687527866, 0.0030025394135939454], [0.8362535523225904, 0.11183507582173424, 0.0030108029502450883, 0.008148728015898356, 0.037741037939286834, 0.0030108029502450883], [0.08874771463611542, 0.1015711887990626, 0.0030168968442070817, 0.008135144669085019, 0.7955121582073229, 0.0030168968442070817], [0.0979308102649026, 0.12051086701581291, 0.0030310515974190716, 0.008737131129452782, 0.7667590883949935, 0.0030310515974190716], [0.7660568409657018, 0.1607065719232053, 0.0030022865804108373, 0.012166115481910723, 0.055065898468360415, 0.0030022865804108373], [0.7339786366993527, 0.18653136409317983, 0.0030101083622964446, 0.012425517886325866, 0.06104426459654872, 0.0030101083622964446], [0.144896118192548, 0.19216011157144766, 0.003021323730961644, 0.013871728919000653, 0.6430293938550805, 0.003021323730961644], [0.7331471861666622, 0.17904843314479124, 0.003013409962743716, 0.01401191582319018, 0.06776564493986907, 0.003013409962743716], [0.7381972798684432, 0.17961291046805689, 0.0030107412252242493, 0.013925398614341696, 0.06224292859870969, 0.0030107412252242493], [0.7362376050965913, 0.17619280654752015, 0.0030048314477131586, 0.014198259848630388, 0.06736166561183182, 0.0030048314477131586], [0.7071744916363256, 0.21381936990272957, 0.003007364697996109, 0.013452923329126747, 0.05953848573582584, 0.003007364697996109], [0.7304413090881064, 0.19439757830836557, 0.003002333912078938, 0.013862008085145225, 0.05529443669422478, 0.003002333912078938], [0.7220635347511954, 0.19668174857714818, 0.0030044916197840815, 0.014204485298778453, 0.06104124813330978, 0.0030044916197840815], [0.7703234022630927, 0.15343903973297243, 0.003002024512207777, 0.013104292964695117, 0.057129216014824236, 0.003002024512207777], [0.7942496099141648, 0.12872795447218077, 0.003003294081317561, 0.012063862714333627, 0.05895198473668569, 0.003003294081317561], [0.750773853842116, 0.16132595286526835, 0.003006856235088154, 0.014668824640229425, 0.06721765618220989, 0.003006856235088154], [0.4590702414095915, 0.3017745625892799, 0.003005841335049215, 0.02311818395066074, 0.21002532938036939, 0.003005841335049215], [0.1408501040496771, 0.23174698883385436, 0.003039928782636518, 0.017919282721051175, 0.6034037668301443, 0.003039928782636518], [0.6859408688424732, 0.22942945594689865, 0.0030316004128426964, 0.016258171773042715, 0.06230830261190012, 0.0030316004128426964], [0.7119205458216895, 0.21305299562119304, 0.0030190713778318955, 0.013650926176207884, 0.05533738962524585, 0.0030190713778318955], [0.7944848079122416, 0.06044980269520765, 0.07948493140041349, 0.01353953465703455, 0.04903803901000005, 0.0030028843251028005], [0.98500332438622, 0.002999335122756038, 0.002999335122756038, 0.002999335122756038, 0.002999335122756038, 0.002999335122756038]], [[0.98500332438622, 0.002999335122756038, 0.002999335122756038, 0.002999335122756038, 0.002999335122756038, 0.002999335122756038], [0.9678513363822034, 0.016311627433923462, 0.0058539718939860244, 0.0030021797352796156, 0.003978704819327798, 0.0030021797352796156], [0.960840370231071, 0.025370157538889188, 0.0030002709291840914, 0.0030002709291840914, 0.004788659442487481, 0.0030002709291840914], [0.9537361356408705, 0.03091633471521627, 0.0030000465036808263, 0.0030000465036808263, 0.006347390132870903, 0.0030000465036808263], [0.9437525223232894, 0.03963689348598853, 0.003001930562336402, 0.003001930562336402, 0.007604792503712807, 0.003001930562336402], [0.9359769695077859, 0.04720187896373573, 0.003005027505587978, 0.003005027505587978, 0.007806069011714545, 0.003005027505587978], [0.8882700993666832, 0.08644086858470564, 0.003002650692519608, 0.00451386570544667, 0.014769864958125229, 0.003002650692519608], [0.8758034367868134, 0.09467038068499603, 0.003002070586913406, 0.005356394869673643, 0.01816564648469001, 0.003002070586913406], [0.8221868563982404, 0.13637438489805961, 0.0030187393918165925, 0.007802486984921328, 0.0275987929351453, 0.0030187393918165925], [0.7658221630486028, 0.18083250722300373, 0.0030054157081774576, 0.010365389887485092, 0.03696910842455345, 0.0030054157081774576], [0.10946839558561851, 0.21891603059413092, 0.003018637071282113, 0.013424850902338997, 0.6521534487753473, 0.003018637071282113], [0.7284376415951038, 0.20128460990192112, 0.003012753955093208, 0.01209683479711065, 0.052155405795677956, 0.003012753955093208], [0.16453224318797752, 0.18652847934668573, 0.0030119524753794225, 0.014248850457181389, 0.6286665220573965, 0.0030119524753794225], [0.12697547751026386, 0.17006740968235684, 0.003006117673933745, 0.012926823065690185, 0.6840180543938216, 0.003006117673933745], [0.7506899399732166, 0.17253332670226168, 0.0030066410236756947, 0.01338778176637711, 0.05737566951079306, 0.0030066410236756947], [0.12968209280073917, 0.19242314972525354, 0.0030066333983968163, 0.012933761399597812, 0.6589477292776159, 0.0030066333983968163], [0.11229285878670255, 0.215780928506015, 0.0030053706841337738, 0.013623247255245928, 0.6522922240837691, 0.0030053706841337738], [0.11223058400063683, 0.18582255682670457, 0.003001654600290149, 0.011456550058410097, 0.6844869999136682, 0.003001654600290149], [0.8226423867314424, 0.1259274523034371, 0.0030165394412378825, 0.009002975240741815, 0.03639410684190291, 0.0030165394412378825], [0.8509259923443849, 0.09926045156676347, 0.0030055411904545784, 0.008416648068294487, 0.03538582563964798, 0.0030055411904545784], [0.8334582135578118, 0.1109140851932837, 0.003006267906781664, 0.009101487857973968, 0.04051367757736728, 0.003006267906781664], [0.11026774116983154, 0.1410102840141125, 0.003001754157877152, 0.010933748876997551, 0.7317847176233041, 0.003001754157877152], [0.7468678626326227, 0.17672221652993567, 0.0030058520306642344, 0.013236368294777319, 0.05716184848133582, 0.0030058520306642344], [0.7334651955712019, 0.18019254770505674, 0.0030108727025827103, 0.013279331047796867, 0.06704118027077915, 0.0030108727025827103], [0.733280985277106, 0.18246766800322475, 0.0030102647340989326, 0.013870575819408473, 0.06436024143206305, 0.0030102647340989326], [0.7479929507648767, 0.16349955705685137, 0.003009480276839374, 0.014364526322625443, 0.06812400530196784, 0.003009480276839374], [0.7700440089210354, 0.1494317805296747, 0.003004000040883414, 0.013335363656386308, 0.06118084681113673, 0.003004000040883414], [0.7691006129193736, 0.1506185803973597, 0.0030331129847300173, 0.010910776645846068, 0.06330380406796074, 0.0030331129847300173], [0.772092056941311, 0.15698159221198324, 0.003001312159625589, 0.012318746794554306, 0.052604979732900216, 0.003001312159625589], [0.7375151321040908, 0.18319619452949848, 0.0030065030337500433, 0.012664796519916652, 0.06061087077899393, 0.0030065030337500433], [0.1201457407608065, 0.1584331923210901, 0.0030035651058397473, 0.011886019355208501, 0.7035279173512154, 0.0030035651058397473], [0.81568974867104, 0.1187607029821906, 0.003022991247233462, 0.010549449209060733, 0.04895411664324175, 0.003022991247233462], [0.8126534472170714, 0.112008861285016, 0.0030067828044309623, 0.011001084363699945, 0.05832304152535073, 0.0030067828044309623], [0.7802742946926358, 0.13994456578392614, 0.00300285785189273, 0.013009750681834907, 0.0607656731378177, 0.00300285785189273], [0.7198185281332483, 0.18298856691219859, 0.0030166272059078073, 0.016412137505998733, 0.0747475130367389, 0.0030166272059078073], [0.6976597566334467, 0.20777659257262945, 0.003025028920288834, 0.016570888797884837, 0.07194270415546132, 0.003025028920288834], [0.4536414054554146, 0.30880081013232413, 0.0030076129732675293, 0.021724995733545294, 0.2098175627321809, 0.0030076129732675293], [0.7192408317360739, 0.20190199183100258, 0.0030150128131958835, 0.014337009053759318, 0.058490141752772416, 0.0030150128131958835], [0.7896347443391304, 0.0601473247106507, 0.08278288436330171, 0.01428843722756281, 0.05014297995915202, 0.003003629400202368], [0.98500332438622, 0.002999335122756038, 0.002999335122756038, 0.002999335122756038, 0.002999335122756038, 0.002999335122756038]], [[0.98500332438622, 0.002999335122756038, 0.002999335122756038, 0.002999335122756038, 0.002999335122756038, 0.002999335122756038], [0.9649812194110132, 0.016858097576762602, 0.007415736807243941, 0.003001167075197046, 0.004742612054586205, 0.003001167075197046], [0.9569325818209784, 0.02823036997324108, 0.002999999999880782, 0.002999999999880782, 0.005837048206138218, 0.002999999999880782], [0.9524034845464309, 0.03216788394540065, 0.0030001205705744304, 0.0030001205705744304, 0.006428269796445089, 0.0030001205705744304], [0.9402545820068322, 0.04234988500464608, 0.003003258329883799, 0.003003258329883799, 0.008385757998870261, 0.003003258329883799], [0.0322887689330156, 0.07042343616784444, 0.00300689916156124, 0.003952732550951541, 0.887321264025066, 0.00300689916156124], [0.8823414893938889, 0.09043556084512912, 0.0030021849136231175, 0.004973823670718688, 0.01624475626301709, 0.0030021849136231175], [0.841550865256135, 0.12024348412820964, 0.0030095448711299003, 0.006826237129779181, 0.025360323743616374, 0.0030095448711299003], [0.789093255093634, 0.16128941201191274, 0.003002850903306969, 0.009169468746282381, 0.03444216234155692, 0.003002850903306969], [0.747747260472512, 0.19373446389496943, 0.003008719197352529, 0.011401826343523325, 0.04109901089429006, 0.003008719197352529], [0.7183410138560337, 0.21506110350039598, 0.003018250270765445, 0.012529594048623442, 0.04803178805341611, 0.003018250270765445], [0.4518367043138048, 0.32106844216249303, 0.003011165863356326, 0.020526317956921187, 0.2005462038400684, 0.003011165863356326], [0.732552190603062, 0.18651555456940122, 0.003007106515433343, 0.012604216704677354, 0.062313825091992785, 0.003007106515433343], [0.14641745850334345, 0.16204276841383833, 0.003003432447072445, 0.012587369010463532, 0.6729455391782098, 0.003003432447072445], [0.7754055730321608, 0.14891264798838252, 0.00300231245539247, 0.013127187871688135, 0.056549966196983506, 0.00300231245539247], [0.7657500754046898, 0.15951685213147665, 0.003002669924757822, 0.011832655187835476, 0.056895077426482386, 0.003002669924757822], [0.7752878614716191, 0.15818790662123644, 0.0030010815886669716, 0.011232217623682334, 0.0492898511061281, 0.0030010815886669716], [0.8182933718639293, 0.129628565264567, 0.0030192234230905766, 0.008533275743391737, 0.037506340281930874, 0.0030192234230905766], [0.8439276048804337, 0.10742930269888858, 0.00300307349281842, 0.007910817680720914, 0.03472612775431995, 0.00300307349281842], [0.8557385147861057, 0.08908427003250584, 0.003007095281775909, 0.008198690571196333, 0.040964334046640294, 0.003007095281775909], [0.8245292475557082, 0.11626856333367165, 0.003004639916686131, 0.009642136544913492, 0.04355077273233441, 0.003004639916686131], [0.7971113494215384, 0.13563727014772842, 0.0030012301066870838, 0.010488043575384378, 0.0507608766419747, 0.0030012301066870838], [0.7563439071344138, 0.16996632359042887, 0.0030039630360080417, 0.012029332266994798, 0.055652510936146524, 0.0030039630360080417], [0.4557730270085288, 0.29516008468891825, 0.0030049595693367303, 0.018483952898816228, 0.2245730162650632, 0.0030049595693367303], [0.7565555366457689, 0.16048401214260608, 0.0030055792111803865, 0.012238173958818124, 0.06471111883044614, 0.0030055792111803865], [0.7638936370440073, 0.1505035910835519, 0.003006731254993129, 0.012679366366459582, 0.06690994299599501, 0.003006731254993129], [0.7937067284797467, 0.13020892313104454, 0.0030031315950733916, 0.011423300665777741, 0.05865478453328427, 0.0030031315950733916], [0.8417799589270274, 0.10066938896110884, 0.0030120321975641265, 0.009044170638527322, 0.04248241707820826, 0.0030120321975641265], [0.8069987866426913, 0.13430054536250768, 0.003010517064589845, 0.00999345976037169, 0.04268617410524959, 0.003010517064589845], [0.8027244488868011, 0.13312295390385245, 0.003001133235377306, 0.010685232930365504, 0.047465097808226366, 0.003001133235377306], [0.8265747656888567, 0.11603339480875646, 0.0030152000368046214, 0.009944515173379987, 0.041416924255397614, 0.0030152000368046214], [0.8553035197420432, 0.08868665242497444, 0.0030069462868264445, 0.009245340588850662, 0.04075059467047896, 0.0030069462868264445], [0.8268812167918458, 0.09992637275054031, 0.003002352040881969, 0.010077068818970965, 0.05711063755687909, 0.003002352040881969], [0.7683580878515789, 0.14641249357244937, 0.003007521564160569, 0.013470344992073245, 0.0657440304555773, 0.003007521564160569], [0.7447806723144051, 0.163536523359972, 0.0030089559899937842, 0.015218095177122684, 0.07044679716851267, 0.0030089559899937842], [0.719986185812092, 0.18459489979120725, 0.0030158172953282524, 0.016986792869431395, 0.0724004869366129, 0.0030158172953282524], [0.7194776824793518, 0.1962803884672845, 0.003014688768744531, 0.015128695348975305, 0.06308385616689934, 0.003014688768744531], [0.731874956877893, 0.1927163263920203, 0.0030103347552105308, 0.013734796251163424, 0.05565325096850225, 0.0030103347552105308], [0.8145580290591611, 0.06109875945388729, 0.0668971614616846, 0.011938127951232096, 0.042506109225453996, 0.0030018128485810192], [0.98500332438622, 0.002999335122756038, 0.002999335122756038, 0.002999335122756038, 0.002999335122756038, 0.002999335122756038]], [[0.98500332438622, 0.002999335122756038, 0.002999335122756038, 0.002999335122756038, 0.002999335122756038, 0.002999335122756038], [0.010198020204880599, 0.01733937619039169, 0.005739478369874151, 0.0030017332084916835, 0.9607196588178702, 0.0030017332084916835], [0.9541519741774658, 0.030895304690566693, 0.002999999996820474, 0.002999999996820474, 0.005952721141506136, 0.002999999996820474], [0.9519251195110976, 0.03234862501097671, 0.00300022789870967, 0.00300022789870967, 0.006725571781796711, 0.00300022789870967], [0.9391434681748511, 0.04296078487005248, 0.003003808970360555, 0.003003808970360555, 0.008884320044014758, 0.003003808970360555], [0.924407907795905, 0.056580481272567124, 0.0030121167880357105, 0.003272889838542482, 0.00971448751691409, 0.0030121167880357105], [0.03299766324260029, 0.0837404490363728, 0.003004661774617908, 0.0042505085149500185, 0.8730020556568411, 0.003004661774617908], [0.8628444503477667, 0.10518144033346108, 0.0030039099046079744, 0.006006291465958179, 0.019959998043598076, 0.0030039099046079744], [0.8240358174855474, 0.13522627374908788, 0.0030178668201474176, 0.0077132434174812395, 0.026988931707588624, 0.0030178668201474176], [0.7767715537519386, 0.17460112495324842, 0.003005071081782638, 0.009583973772451088, 0.033033205358796655, 0.003005071081782638], [0.10659545016731985, 0.20968810376937963, 0.003013000500260645, 0.01260640142357151, 0.6650840436392077, 0.003013000500260645], [0.733264170625139, 0.2021601105249221, 0.0030122012271419055, 0.011648777060647141, 0.04690253933500799, 0.0030122012271419055], [0.7637439864563342, 0.17393984743608323, 0.0030031761316460914, 0.011335770976382902, 0.044974042867907356, 0.0030031761316460914], [0.807260252435119, 0.1368814989321885, 0.003000770432086152, 0.009778871462083798, 0.040077836306436514, 0.003000770432086152], [0.8268901898172586, 0.11068394080477029, 0.003019438256595557, 0.009653963306850331, 0.04673302955792981, 0.003019438256595557], [0.8158967143002641, 0.12209982169890675, 0.003003317690933524, 0.009322847576469402, 0.04667398104249271, 0.003003317690933524], [0.8416717509419359, 0.10652910703074218, 0.0030087989860723757, 0.008236702621596379, 0.037544841433580715, 0.0030087989860723757], [0.8672429784296708, 0.0877316783451609, 0.003002039216187984, 0.007349038286583234, 0.03167222650620893, 0.003002039216187984], [0.882932251399725, 0.07566688588603428, 0.0030012325560980586, 0.006498104277343001, 0.028900293324701627, 0.0030012325560980586], [0.8899417130948758, 0.07113833492089759, 0.0030012605832578794, 0.006402977229667003, 0.026514453588043944, 0.0030012605832578794], [0.07831823063439522, 0.08430904068058773, 0.003008042143171828, 0.007579207811669062, 0.8237774365870044, 0.003008042143171828], [0.1010679851041418, 0.11790493385982181, 0.0030061170382627385, 0.00892706691531715, 0.7660877800441939, 0.0030061170382627385], [0.7791374860476797, 0.1506154658127927, 0.003001231503682532, 0.010958372951075362, 0.05328621218108716, 0.003001231503682532], [0.7685493950985567, 0.15479817384709915, 0.003003077301048728, 0.011192987128630113, 0.05945328932361656, 0.003003077301048728], [0.7730883628371097, 0.15210802578636926, 0.003001907427515724, 0.01209306745818823, 0.05670672906330127, 0.003001907427515724], [0.7976631404035103, 0.12596693937431414, 0.003003763234021128, 0.011178466818845377, 0.059183926935288046, 0.003003763234021128], [0.1114826587994347, 0.10067597427012279, 0.0030399921904604625, 0.009921169441696333, 0.7718402131078252, 0.0030399921904604625], [0.8598353524755571, 0.08961752305339925, 0.003005195129261322, 0.00819086701909311, 0.036345867193428, 0.003005195129261322], [0.8609004795766526, 0.08836594879819464, 0.00300407112418904, 0.008570740917034211, 0.03615468845974032, 0.00300407112418904], [0.8549163222219165, 0.09103066552710194, 0.0030063717918036824, 0.008544377838719695, 0.039495890828654685, 0.0030063717918036824], [0.8669926973013109, 0.08453377299965373, 0.003002790003582889, 0.008279785366050412, 0.03418816432581923, 0.003002790003582889], [0.8563710415219854, 0.09166036649586791, 0.0030050030461397895, 0.00889215099244981, 0.0370664348974172, 0.0030050030461397895], [0.11148111344502984, 0.11323419515859609, 0.0030118110855526055, 0.010692370257151633, 0.7585686989681173, 0.0030118110855526055], [0.14177628468088935, 0.16046553524372642, 0.003011444962482854, 0.013840594049620522, 0.677894696100798, 0.003011444962482854], [0.7214242753483039, 0.17557586231439473, 0.0030186057096914776, 0.01609293803051282, 0.08086971288740556, 0.0030186057096914776], [0.7433099869090734, 0.17001866620664263, 0.003007570359017635, 0.01549504952882615, 0.06516115663742249, 0.003007570359017635], [0.1407198566121044, 0.17715507176042983, 0.0030145420296390146, 0.015053796860473968, 0.6610421907077138, 0.0030145420296390146], [0.7741324313882186, 0.15971318231906867, 0.0030010378519072403, 0.011792004142432498, 0.04836030644646565, 0.0030010378519072403], [0.8590251282496876, 0.04459680146543581, 0.05056585782151685, 0.009471604475447178, 0.033331418557605415, 0.0030091894303071916], [0.98500332438622, 0.002999335122756038, 0.002999335122756038, 0.002999335122756038, 0.002999335122756038, 0.002999335122756038]], [[0.98500332438622, 0.002999335122756038, 0.002999335122756038, 0.002999335122756038, 0.002999335122756038, 0.002999335122756038], [0.010892750169783782, 0.01717890934998683, 0.006984705177530826, 0.0030010491325356756, 0.9589415370376273, 0.0030010491325356756], [0.011629933767652595, 0.030424132006303874, 0.0029999999996857506, 0.0030104774046348206, 0.9489354568220373, 0.0029999999996857506], [0.9547436843582016, 0.02982268454584385, 0.003000078527062094, 0.003000078527062094, 0.0064333955147683804, 0.003000078527062094], [0.9457220361163617, 0.03734925136515873, 0.0030015049357692185, 0.0030015049357692185, 0.007924197711171855, 0.0030015049357692185], [0.9359009951067888, 0.046581878953685485, 0.0030051344558464465, 0.0030051344558464465, 0.008501722571986307, 0.0030051344558464465], [0.023649861295895375, 0.06044009979779488, 0.0030165562967949832, 0.0033960132361893123, 0.9064809130765304, 0.0030165562967949832], [0.8879581838335922, 0.08685074575373178, 0.00300269074288115, 0.004650750730935353, 0.014534938195978425, 0.00300269074288115], [0.8629282167813271, 0.10444878933487728, 0.0030036211050776984, 0.006117091255715927, 0.02049866041792434, 0.0030036211050776984], [0.8283655351043449, 0.1332699458966742, 0.003016331753139051, 0.007194820636841433, 0.02513703485586133, 0.003016331753139051], [0.7937335073277231, 0.1606970805631797, 0.0030041234202134366, 0.008239836756840944, 0.031321328511829595, 0.0030041234202134366], [0.7765898520324144, 0.1608528053720481, 0.0030080466178756984, 0.009622472080118363, 0.04691877727966779, 0.0030080466178756984], [0.8158218007711984, 0.1375921681761938, 0.0030037308312666666, 0.008353029548235677, 0.032225539841838874, 0.0030037308312666666], [0.855038845677555, 0.10066892096341196, 0.0030050467722081446, 0.007292489824024747, 0.030989649990592054, 0.0030050467722081446], [0.8800131765759293, 0.0789066061419062, 0.0030011354544716403, 0.006432154030309576, 0.028645792342911654, 0.0030011354544716403], [0.8697179686285674, 0.08089211205312273, 0.00300388266255661, 0.007031175393810605, 0.03635097859938612, 0.00300388266255661], [0.8861131910600617, 0.07240884365248565, 0.003001540221294411, 0.006561402543806873, 0.02891348230105695, 0.003001540221294411], [0.8892393909549782, 0.07086349007134404, 0.0030014507751868905, 0.006446564666797413, 0.027447652756506614, 0.0030014507751868905], [0.9239008598988082, 0.047732240475588085, 0.0030170731010897307, 0.0045674904195162815, 0.017765263003907864, 0.0030170731010897307], [0.8925635019861093, 0.06780993932575245, 0.0030020441148190134, 0.006183483393705483, 0.027438987064794695, 0.0030020441148190134], [0.8786342890760663, 0.07806836228644845, 0.0030016140918040085, 0.006560124165179676, 0.03073399628869755, 0.0030016140918040085], [0.8564420937730213, 0.09185374102564586, 0.003005610357093266, 0.007658247471848544, 0.03803469701529779, 0.003005610357093266], [0.8208626409833343, 0.11724388434812733, 0.0030042522012550354, 0.009753651612907366, 0.04613131865312119, 0.0030042522012550354], [0.1314070007408266, 0.1312781627043703, 0.0030078303576125277, 0.01073750239680016, 0.7205616734427779, 0.0030078303576125277], [0.7980277010040284, 0.1295630932149263, 0.0030025726764628365, 0.010878092202633001, 0.055525968225486645, 0.0030025726764628365], [0.8391641879399445, 0.09881841555349076, 0.0030154312490025884, 0.00889634446244776, 0.04709018954611179, 0.0030154312490