{"prediction": [[[0.98500332438622, 0.002999335122756038, 0.002999335122756038, 0.002999335122756038, 0.002999335122756038, 0.002999335122756038], [0.98500332438622, 0.002999335122756038, 0.002999335122756038, 0.002999335122756038, 0.002999335122756038, 0.002999335122756038], [0.98500332438622, 0.002999335122756038, 0.002999335122756038, 0.002999335122756038, 0.002999335122756038, 0.002999335122756038], [0.98500332438622, 0.002999335122756038, 0.002999335122756038, 0.002999335122756038, 0.002999335122756038, 0.002999335122756038], [0.98500332438622, 0.002999335122756038, 0.002999335122756038, 0.002999335122756038, 0.002999335122756038, 0.002999335122756038], [0.98500332438622, 0.002999335122756038, 0.002999335122756038, 0.002999335122756038, 0.002999335122756038, 0.002999335122756038], [0.98500332438622, 0.002999335122756038, 0.002999335122756038, 0.002999335122756038, 0.002999335122756038, 0.002999335122756038], [0.98500332438622, 0.002999335122756038, 0.002999335122756038, 0.002999335122756038, 0.002999335122756038, 0.002999335122756038], [0.98500332438622, 0.002999335122756038, 0.002999335122756038, 0.002999335122756038, 0.002999335122756038, 0.002999335122756038], [0.98500332438622, 0.002999335122756038, 0.002999335122756038, 0.002999335122756038, 0.002999335122756038, 0.002999335122756038], [0.98500332438622, 0.002999335122756038, 0.002999335122756038, 0.002999335122756038, 0.002999335122756038, 0.002999335122756038], [0.98500332438622, 0.002999335122756038, 0.002999335122756038, 0.002999335122756038, 0.002999335122756038, 0.002999335122756038], [0.98500332438622, 0.002999335122756038, 0.002999335122756038, 0.002999335122756038, 0.002999335122756038, 0.002999335122756038], [0.98500332438622, 0.002999335122756038, 0.002999335122756038, 0.002999335122756038, 0.002999335122756038, 0.002999335122756038], [0.98500332438622, 0.002999335122756038, 0.002999335122756038, 0.002999335122756038, 0.002999335122756038, 0.002999335122756038], [0.98500332438622, 0.002999335122756038, 0.002999335122756038, 0.002999335122756038, 0.002999335122756038, 0.002999335122756038], [0.98500332438622, 0.002999335122756038, 0.002999335122756038, 0.002999335122756038, 0.002999335122756038, 0.002999335122756038], [0.98500332438622, 0.002999335122756038, 0.002999335122756038, 0.002999335122756038, 0.002999335122756038, 0.002999335122756038], [0.98500332438622, 0.002999335122756038, 0.002999335122756038, 0.002999335122756038, 0.002999335122756038, 0.002999335122756038], [0.98500332438622, 0.002999335122756038, 0.002999335122756038, 0.002999335122756038, 0.002999335122756038, 0.002999335122756038], [0.98500332438622, 0.002999335122756038, 0.002999335122756038, 0.002999335122756038, 0.002999335122756038, 0.002999335122756038], [0.98500332438622, 0.002999335122756038, 0.002999335122756038, 0.002999335122756038, 0.002999335122756038, 0.002999335122756038], [0.98500332438622, 0.002999335122756038, 0.002999335122756038, 0.002999335122756038, 0.002999335122756038, 0.002999335122756038], [0.98500332438622, 0.002999335122756038, 0.002999335122756038, 0.002999335122756038, 0.002999335122756038, 0.002999335122756038], [0.98500332438622, 0.002999335122756038, 0.002999335122756038, 0.002999335122756038, 0.002999335122756038, 0.002999335122756038], [0.98500332438622, 0.002999335122756038, 0.002999335122756038, 0.002999335122756038, 0.002999335122756038, 0.002999335122756038], [0.98500332438622, 0.002999335122756038, 0.002999335122756038, 0.002999335122756038, 0.002999335122756038, 0.002999335122756038], [0.98500332438622, 0.002999335122756038, 0.002999335122756038, 0.002999335122756038, 0.002999335122756038, 0.002999335122756038], [0.98500332438622, 0.002999335122756038, 0.002999335122756038, 0.002999335122756038, 0.002999335122756038, 0.002999335122756038], [0.98500332438622, 0.002999335122756038, 0.002999335122756038, 0.002999335122756038, 0.002999335122756038, 0.002999335122756038], [0.98500332438622, 0.002999335122756038, 0.002999335122756038, 0.002999335122756038, 0.002999335122756038, 0.002999335122756038], [0.98500332438622, 0.002999335122756038, 0.002999335122756038, 0.002999335122756038, 0.002999335122756038, 0.002999335122756038], [0.98500332438622, 0.002999335122756038, 0.002999335122756038, 0.002999335122756038, 0.002999335122756038, 0.002999335122756038], [0.98500332438622, 0.002999335122756038, 0.002999335122756038, 0.002999335122756038, 0.002999335122756038, 0.002999335122756038], [0.98500332438622, 0.002999335122756038, 0.002999335122756038, 0.002999335122756038, 0.002999335122756038, 0.002999335122756038], [0.98500332438622, 0.002999335122756038, 0.002999335122756038, 0.002999335122756038, 0.002999335122756038, 0.002999335122756038], [0.98500332438622, 0.002999335122756038, 0.002999335122756038, 0.002999335122756038, 0.002999335122756038, 0.002999335122756038], [0.98500332438622, 0.002999335122756038, 0.002999335122756038, 0.002999335122756038, 0.002999335122756038, 0.002999335122756038], [0.98500332438622, 0.002999335122756038, 0.002999335122756038, 0.002999335122756038, 0.002999335122756038, 0.002999335122756038], [0.98500332438622, 0.002999335122756038, 0.002999335122756038, 0.002999335122756038, 0.002999335122756038, 0.002999335122756038]], [[0.98500332438622, 0.002999335122756038, 0.002999335122756038, 0.002999335122756038, 0.002999335122756038, 0.002999335122756038], [0.8930984977458016, 0.06245805852092473, 0.029183530325893974, 0.004563252108594628, 0.007688133153957216, 0.0030085281448278623], [0.8712514936415697, 0.07468373875069009, 0.036912793652654256, 0.005669050335803126, 0.008478997776162882, 0.003003925843119938], [0.03449481864178366, 0.08937781848781616, 0.06371184421205053, 0.008355501368146884, 0.8010513316219101, 0.0030086856682926956], [0.791761451099736, 0.09928378562359681, 0.07811819223134037, 0.010205303089814698, 0.017626811667543645, 0.003004456287968484], [0.04397890833544447, 0.11478861937640553, 0.08620122769238928, 0.01093839439222991, 0.7410912080842933, 0.003001642119237561], [0.7162241492767673, 0.115322067526546, 0.1253365067675553, 0.014012559348411079, 0.02609977293555783, 0.0030049441451624934], [0.6090458135083447, 0.16308886482859605, 0.16784627039981867, 0.023833808910262103, 0.03316713695404045, 0.003018105398937961], [0.5071278747590904, 0.18104975651423905, 0.24663655353882447, 0.021968913833573137, 0.040206344122385725, 0.003010557231887269], [0.5065359595604629, 0.19078431903021406, 0.2290185973112189, 0.023562286599398644, 0.04708927544493955, 0.0030095620537658753], [0.5447268855372662, 0.176376541553485, 0.21645300313575844, 0.02180991257383596, 0.03763004401039493, 0.003003613189259552], [0.5886903475488572, 0.16705361556079518, 0.18588846611852422, 0.01974673630717113, 0.03561434393321898, 0.003006490531433277], [0.6476461920053546, 0.14682110059914621, 0.15030911411285447, 0.01805332018177611, 0.03415784140532323, 0.0030124316955455347], [0.7103496383734516, 0.12481770618009683, 0.12135995642728087, 0.014011970361053096, 0.026459505724162218, 0.0030012229339555214], [0.7774241893542333, 0.10960155461083393, 0.07861107805857427, 0.011444366415238357, 0.01991803132015675, 0.0030007802409633736], [0.03658710377351972, 0.1029308329695699, 0.07180661556930384, 0.009764732056635549, 0.7759056779828709, 0.003005037648100163], [0.804779209031756, 0.09629850245174686, 0.06809467666697715, 0.01049640289440614, 0.017328266161027416, 0.003002942794086415], [0.769696595176895, 0.1099166829657457, 0.08457176152088935, 0.012150083191033565, 0.020662310377022826, 0.0030025667684135666], [0.719607582982211, 0.13093493009036355, 0.10851934419202786, 0.013557180450837484, 0.024375958861733365, 0.0030050034228267185], [0.7151791163355327, 0.12611484650756816, 0.11648861657736893, 0.014266991049886038, 0.024933890384560276, 0.0030165391450840116], [0.05757636145717476, 0.15006278059445752, 0.15797006722031545, 0.01600390535370678, 0.6153594839650969, 0.0030274014092485316], [0.7252715311377562, 0.11977529502087852, 0.11411205710032939, 0.013969211863296527, 0.023859199266589963, 0.00301270561114939], [0.7559067811255145, 0.11614259452985545, 0.09310846823180113, 0.01242654774600687, 0.0194102809987847, 0.00300532736803727], [0.036155393852146916, 0.11169908443123365, 0.08105007491323454, 0.010282306768999253, 0.7578080231976132, 0.003005116836772428], [0.7810563032523399, 0.10384389349209974, 0.08027667449497462, 0.011983054168449287, 0.01983858841093725, 0.0030014861811992785], [0.7681732030314908, 0.10674949034063304, 0.09119621579849073, 0.011945389974272776, 0.0189313039901483, 0.003004396864964314], [0.04775227418146873, 0.1534563287159403, 0.12696448277124717, 0.01395596217618196, 0.6548582861574254, 0.0030126659977365803], [0.5676252389852076, 0.19832790307367187, 0.1793255745729075, 0.02023217475097264, 0.03148359511744361, 0.0030055134997967773], [0.41863980614771834, 0.22041898061772985, 0.2899498716040478, 0.02420857067397799, 0.04374296470760197, 0.003039806248923972], [0.10591873104651717, 0.23306279631850793, 0.2702034811443304, 0.02666808337861271, 0.36111757865264144, 0.003029329459390318], [0.08055475968511314, 0.21922222514500556, 0.2705427683849723, 0.025338784696133675, 0.40132497046424903, 0.0030164916245263625], [0.5419221827242433, 0.19253428453061358, 0.19895270844736493, 0.0247122064970887, 0.038875181222770165, 0.003003436577919345], [0.06454681213136094, 0.1560540303649217, 0.13514223485007196, 0.01843163710613774, 0.6227989652352653, 0.0030263203122423595], [0.6894684667202098, 0.13846571143184042, 0.11886716173325902, 0.018968283202463673, 0.031202762107227763, 0.003027614804999266], [0.6377320401386452, 0.1519333821025894, 0.15044157071209166, 0.020366762089495356, 0.036488102118583124, 0.0030381428385953323], [0.5164612686892547, 0.20066168903408738, 0.21474293071762562, 0.02506574884412555, 0.04006425232720362, 0.0030041103877031816], [0.4319225041401985, 0.21678423393956156, 0.2783863800051046, 0.026935213643425215, 0.04294619776223579, 0.0030254705094742286], [0.42602536008838066, 0.2301825649703449, 0.2575813167506897, 0.02971188590724131, 0.05347097591680576, 0.0030278963665377693], [0.42930813422247244, 0.22368943765034874, 0.2613513777124052, 0.033497153208916976, 0.04911515219637356, 0.0030387450094830327], [0.98500332438622, 0.002999335122756038, 0.002999335122756038, 0.002999335122756038, 0.002999335122756038, 0.002999335122756038]], [[0.98500332438622, 0.002999335122756038, 0.002999335122756038, 0.002999335122756038, 0.002999335122756038, 0.002999335122756038], [0.8692812064546287, 0.06943817137135984, 0.04383903481884451, 0.006026312482930571, 0.008394356279554063, 0.0030209185926821608], [0.8141626389190966, 0.1573908446272394, 0.003010264104969293, 0.008716853400037966, 0.013709134843687543, 0.003010264104969293], [0.7858074631503573, 0.17875931150989124, 0.0030037774909170804, 0.011315534129483957, 0.018110136228433407, 0.0030037774909170804], [0.757246215825805, 0.19850911889467987, 0.0030016617171640656, 0.013855419540942654, 0.02438592230424443, 0.0030016617171640656], [0.7291102000149833, 0.21571536118592485, 0.003004181964774103, 0.017511485564358636, 0.03165458930518489, 0.003004181964774103], [0.6479131046213316, 0.28780087191915316, 0.0030318404598906512, 0.019868427592277364, 0.038353914947456505, 0.0030318404598906512], [0.5808486204524004, 0.3426380734494054, 0.0030017411429153536, 0.023639375301375793, 0.046870448510987615, 0.0030017411429153536], [0.4998982592562622, 0.41448563616161543, 0.0030013903985858896, 0.0263183442259278, 0.05329497955902282, 0.0030013903985858896], [0.27387028416666437, 0.5489624663701325, 0.0030145376432608104, 0.03856818006917168, 0.13256999410750983, 0.0030145376432608104], [0.48656788934842865, 0.425641016541932, 0.0030029979577786223, 0.026781365262504218, 0.055003732931577995, 0.0030029979577786223], [0.575814592006146, 0.35399074823889765, 0.0030026187054880667, 0.022350275447053633, 0.04183914689692656, 0.0030026187054880667], [0.573113284702406, 0.35805000439315837, 0.0030061253847129374, 0.022072360111256326, 0.04075210002375338, 0.0030061253847129374], [0.07177985658490675, 0.30721599142472156, 0.0030580075385215344, 0.019093749947513474, 0.5957943869658152, 0.0030580075385215344], [0.7114035332300671, 0.2419700482322721, 0.003003886816452815, 0.01514106195899777, 0.025477582945757464, 0.003003886816452815], [0.7516886803895133, 0.2033801767651903, 0.0030011871630772915, 0.015200119495107687, 0.023728649024033946, 0.0030011871630772915], [0.742417931509827, 0.21133343336832294, 0.003000510508661489, 0.015077054156732826, 0.0251705599477944, 0.003000510508661489], [0.7015782399491481, 0.24739576051242024, 0.00301426353295339, 0.01679438475223469, 0.02820308772029023, 0.00301426353295339], [0.6014090644322135, 0.33357227456730926, 0.003023080942465298, 0.019661159351742747, 0.039311339763803875, 0.003023080942465298], [0.5783507055322443, 0.36550148989394105, 0.0030108996651630475, 0.018974551428477742, 0.031151453815010874, 0.0030108996651630475], [0.06446847039984242, 0.3640343900619764, 0.0030300879262555877, 0.020006475897568637, 0.5454304877881013, 0.0030300879262555877], [0.5948147176414477, 0.35555071839189306, 0.0030169922086864796, 0.016988774166259227, 0.02661180538302711, 0.0030169922086864796], [0.046435508023876935, 0.24989631592227268, 0.003014587291419916, 0.015363211788597926, 0.6822757896824125, 0.003014587291419916], [0.04182175481980119, 0.21944483976692797, 0.0030077235639790517, 0.01368549263737907, 0.7190324656479337, 0.0030077235639790517], [0.765739042283778, 0.19158425219243383, 0.0030015175428094055, 0.01415103061528219, 0.022522639822887235, 0.0030015175428094055], [0.7349400936174546, 0.21872742347888285, 0.003006457929672875, 0.015286183855745464, 0.0250333831885713, 0.003006457929672875], [0.6131760668582756, 0.3309846659170818, 0.0030146362715313324, 0.019597730278609764, 0.03021226440297005, 0.0030146362715313324], [0.5124051096545474, 0.42168049302250593, 0.0030063812182824765, 0.02281402087373138, 0.03708761401265018, 0.0030063812182824765], [0.4243658853068491, 0.495635072180095, 0.0030243709888436374, 0.026467797913916576, 0.04748250262145188, 0.0030243709888436374], [0.1974133777878095, 0.6594793770901586, 0.0030024512962867466, 0.0361458598019067, 0.1009564827275518, 0.0030024512962867466], [0.41557070356539816, 0.502135086006892, 0.0030278832794819912, 0.02833508717531495, 0.04790335669343097, 0.0030278832794819912], [0.08097553932080322, 0.44311708242599945, 0.003009648738918833, 0.02664775362672502, 0.4432403271486347, 0.003009648738918833], [0.5901569893702945, 0.3359339109505838, 0.003003547227391349, 0.026310833179493183, 0.04159117204484573, 0.003003547227391349], [0.07429135572932172, 0.272907919529497, 0.003027655667597571, 0.022166781253753348, 0.6245786321522327, 0.003027655667597571], [0.5630959184970626, 0.3663089221200787, 0.0030046171861283577, 0.024686130039476877, 0.03989979497112509, 0.0030046171861283577], [0.07849243234437987, 0.4346919749350752, 0.0030100521294295687, 0.026834163945631782, 0.453961324516054, 0.0030100521294295687], [0.4201059147905267, 0.5013086745621065, 0.0030274493535648586, 0.028582409313487708, 0.04394810262674934, 0.0030274493535648586], [0.20950460398693746, 0.6452475223422256, 0.0030007491749788743, 0.03683019271008219, 0.1024161826107971, 0.0030007491749788743], [0.4362207376024403, 0.2303085781822823, 0.2503311446542214, 0.028735855015138857, 0.05138074679767762, 0.003022937748239588], [0.98500332438622, 0.002999335122756038, 0.002999335122756038, 0.002999335122756038, 0.002999335122756038, 0.002999335122756038]], [[0.98500332438622, 0.002999335122756038, 0.002999335122756038, 0.002999335122756038, 0.002999335122756038, 0.002999335122756038], [0.032205725066483414, 0.10023271124564102, 0.07418790443923584, 0.008641352943767947, 0.7817156967313026, 0.0030166095735692294], [0.7767014875126235, 0.19109671023025643, 0.0030054549349632998, 0.010323493783406086, 0.015867398603787438, 0.0030054549349632998], [0.04895508081046385, 0.21979287456508176, 0.003005482819993194, 0.013563619528564937, 0.7116774594559031, 0.003005482819993194], [0.08083089281848553, 0.2827174448846757, 0.0030572987960014552, 0.0203441768477932, 0.6099928878570426, 0.0030572987960014552], [0.6929532307978404, 0.24097527868032503, 0.003014708311788611, 0.020336612886200065, 0.039705461012057186, 0.003014708311788611], [0.6657018177766296, 0.2598428902070094, 0.0030272829733521034, 0.021991223339546315, 0.04640950273011052, 0.0030272829733521034], [0.6007652244102888, 0.3225543982540728, 0.0030043164881685394, 0.023739481157711975, 0.04693226320158922, 0.0030043164881685394], [0.5358897024237299, 0.3831535263960613, 0.0030005493377289125, 0.025727726047193807, 0.04922794645755732, 0.0030005493377289125], [0.4985930088070149, 0.40540111668379125, 0.00300119012701994, 0.028360066642255887, 0.06164342761289812, 0.00300119012701994], [0.5472504439492605, 0.37518014299241786, 0.0030015905355418393, 0.02509294942889172, 0.0464732825583463, 0.0030015905355418393], [0.5523645450658866, 0.37511911690198974, 0.0030027542624125525, 0.02340712453112469, 0.04310370497617377, 0.0030027542624125525], [0.5231012376992952, 0.3744713947445626, 0.0030026800870921458, 0.02788062091166476, 0.06854138647029323, 0.0030026800870921458], [0.0788497753775316, 0.37433659741854075, 0.0030191791589728205, 0.022786211439603774, 0.5179890574463781, 0.0030191791589728205], [0.0701585034310891, 0.2937816360024117, 0.0030690985477083424, 0.018193316402513527, 0.6117283470685689, 0.0030690985477083424], [0.7229661382661188, 0.22290832116300055, 0.0030058904250799853, 0.01695883557225625, 0.03115492414846434, 0.0030058904250799853], [0.6889591218543393, 0.252834826853482, 0.0030052688955667906, 0.018219855930939267, 0.03397565757010593, 0.0030052688955667906], [0.6040443330803521, 0.33251518325725393, 0.0030071444972534426, 0.020322018359798775, 0.03710417630808829, 0.0030071444972534426], [0.5551539486710148, 0.3803509855687496, 0.003004837974901222, 0.021509440789118567, 0.03697594902131472, 0.003004837974901222], [0.5254430507019009, 0.4107802523478533, 0.003009141795174379, 0.021219298264170124, 0.03653911509572697, 0.003009141795174379], [0.4825618151267713, 0.44838751169505636, 0.003008734212835434, 0.022667121623111856, 0.040366083129389635, 0.003008734212835434], [0.06516066384014164, 0.3919518494430779, 0.003022180457236409, 0.020859672026885354, 0.5159834537754223, 0.003022180457236409], [0.610105610680235, 0.3400016670932267, 0.003013671424754732, 0.016967971281732133, 0.02689740809529669, 0.003013671424754732], [0.7121351507628478, 0.24268414810475428, 0.003012531424805768, 0.014880708498391789, 0.024274929784394557, 0.003012531424805768], [0.7599158559767861, 0.19758729443996081, 0.0030020018144009514, 0.013913482499040793, 0.02257936345541026, 0.0030020018144009514], [0.04487405868167356, 0.21409782695503024, 0.0030031529764324473, 0.013563497554814574, 0.7214583108556167, 0.0030031529764324473], [0.051205896414167375, 0.2820674281167501, 0.003004888382161389, 0.015968597667175746, 0.644748301037584, 0.003004888382161389], [0.5568307958318202, 0.39105480151112326, 0.003009077288398858, 0.0180036723037101, 0.02809257577654876, 0.003009077288398858], [0.4264592218876994, 0.5088730011890701, 0.0030500183261012487, 0.022583886121710813, 0.03598385414931713, 0.0030500183261012487], [0.4026588226936874, 0.5142111848954404, 0.0030341076819106563, 0.02780304653507308, 0.04925873051197786, 0.0030341076819106563], [0.41922066726805585, 0.5177394413810451, 0.0030358146199865425, 0.0224016912847605, 0.03456657082616549, 0.0030358146199865425], [0.07041876532717414, 0.4000500240645101, 0.0030163750999095506, 0.023458548625967687, 0.5000399117825289, 0.0030163750999095506], [0.6560389718913816, 0.28030253180983233, 0.003034109059891671, 0.021498007499575124, 0.03609227067942768, 0.003034109059891671], [0.67940921352573, 0.25465842197083993, 0.0030208543270836405, 0.02259172633417341, 0.037298929515089285, 0.0030208543270836405], [0.63486336272471, 0.29848068719407217, 0.0030475549122730514, 0.02235116247446798, 0.03820967778220369, 0.0030475549122730514], [0.506959107165765, 0.42741263349324127, 0.0030063120024276997, 0.023898818760404054, 0.03571681657573437, 0.0030063120024276997], [0.07673744859036709, 0.5092789508039527, 0.0030270384110646377, 0.02553510726918546, 0.3823944165143653, 0.0030270384110646377], [0.4132894295525014, 0.5113150272099803, 0.0030321287488987016, 0.02720987442790233, 0.042121411311818444, 0.0030321287488987016], [0.43445231868708395, 0.20915997832198097, 0.2911163335737106, 0.024706393927493814, 0.03753814455906836, 0.003026830930662341], [0.98500332438622, 0.002999335122756038, 0.002999335122756038, 0.002999335122756038, 0.002999335122756038, 0.002999335122756038]], [[0.98500332438622, 0.002999335122756038, 0.002999335122756038, 0.002999335122756038, 0.002999335122756038, 0.002999335122756038], [0.7765666172755801, 0.10537206501904917, 0.08757889994908857, 0.010629048383177403, 0.01685053013389464, 0.003002839239210257], [0.044464016631723044, 0.25000494381339133, 0.0030060269972883983, 0.013939355785620205, 0.6855796297746886, 0.0030060269972883983], [0.6314186794655293, 0.31949214303474266, 0.0030280564818012446, 0.016104723903447186, 0.026928340632678367, 0.0030280564818012446], [0.0029993351227560394, 0.0029993351227560394, 0.0029993351227560394, 0.0029993351227560394, 0.0029993351227560394, 0.9850033243862198], [0.5983156475004328, 0.3132363009422118, 0.003013852718470786, 0.02549093165502918, 0.056929414465384826, 0.003013852718470786], [0.590081381660472, 0.32339331897982143, 0.0030097359342189274, 0.025879014762617544, 0.05462681272865118, 0.0030097359342189274], [0.5669583066517926, 0.340674130017494, 0.003004786487976516, 0.027309038155148155, 0.05904895219961228, 0.003004786487976516], [0.10349340563552334, 0.33024669623758146, 0.0030076252601428043, 0.02509442127137265, 0.535150226335237, 0.0030076252601428043], [0.5597497731996882, 0.35077620261473286, 0.0030030420144932816, 0.026227407151182693, 0.05724053300540972, 0.0030030420144932816], [0.5551271418894924, 0.3567106139205956, 0.002999999997221368, 0.026536071503489495, 0.05562617269197996, 0.002999999997221368], [0.1245011188098126, 0.38429895084319515, 0.003000577996703636, 0.02921397681193859, 0.45598479754164645, 0.003000577996703636], [0.28196027399233997, 0.5360588432390829, 0.0030198863268489484, 0.03766268636691789, 0.13827842374796143, 0.0030198863268489484], [0.5540703399867779, 0.35819714665338404, 0.00300059203935886, 0.02682691259704387, 0.054904416684076564, 0.00300059203935886], [0.6123172421087324, 0.3172529883067839, 0.0030225750159604257, 0.022033823677567264, 0.042350795874995774, 0.0030225750159604257], [0.644064782580062, 0.2831112554311335, 0.0030300569620250427, 0.02272430848460754, 0.04403953958014685, 0.0030300569620250427], [0.6164123585342375, 0.3109061654250657, 0.003017674719551652, 0.022592433503983583, 0.04405369309760994, 0.003017674719551652], [0.5470744290605478, 0.38283729970352964, 0.0030033665238759217, 0.022766752192854102, 0.04131478599531669, 0.0030033665238759217], [0.46946972723150904, 0.4462794819716025, 0.0030070909547780787, 0.02566764802834113, 0.05256896085899115, 0.0030070909547780787], [0.44078496786324917, 0.48141809449930756, 0.003018165097599249, 0.025124290009570848, 0.04663631743267379, 0.003018165097599249], [0.26010405053071056, 0.5655188237060524, 0.0030045097536681394, 0.03395122958480908, 0.1344168766710915, 0.0030045097536681394], [0.496983385899238, 0.43150456186231384, 0.0030127267007194407, 0.02290216185672243, 0.042584436980286924, 0.0030127267007194407], [0.5937505488336863, 0.3507195352358288, 0.003008928450743568, 0.01822799891599136, 0.031284060113006606, 0.003008928450743568], [0.6727282400043185, 0.2767759725164308, 0.0030313796815671494, 0.016711499944742792, 0.027721528171373643, 0.0030313796815671494], [0.7614129339577715, 0.19476166407241294, 0.0030015065837586414, 0.014643748118136417, 0.02317864068416163, 0.0030015065837586414], [0.783210697444266, 0.17815330948276326, 0.00300201263482565, 0.01265170635575899, 0.01998026144756042, 0.00300201263482565], [0.7413550594361423, 0.21952666458883272, 0.003007885173788273, 0.013149225144213853, 0.019953280483234494, 0.003007885173788273], [0.6580347896034245, 0.29552139812193307, 0.0030230347632225303, 0.015691153011758413, 0.024706589736438887, 0.0030230347632225303], [0.5480254357148782, 0.40378848948416307, 0.0030126848954965856, 0.016878955167041222, 0.025281749842924566, 0.0030126848954965856], [0.4863644082867504, 0.45549187435399663, 0.0030135144538426684, 0.020036388903477656, 0.032080299548089955, 0.0030135144538426684], [0.5598092525500075, 0.3848150156435862, 0.003009134050586797, 0.019669796011108746, 0.02968766769412401, 0.003009134050586797], [0.6347379125340177, 0.31070836185927164, 0.003027645440103817, 0.018702832181364985, 0.029795602545137988, 0.003027645440103817], [0.7253101649143433, 0.22373503674222298, 0.00300622764800024, 0.01781928179492799, 0.027123061252505194, 0.00300622764800024], [0.7277783448297889, 0.21566078892726048, 0.0030046361363046583, 0.020024382398452997, 0.030527211571888306, 0.0030046361363046583], [0.6777494594312294, 0.2652805360178608, 0.0030089214624083103, 0.020658857307470403, 0.03029330431862278, 0.0030089214624083103], [0.6149278596013434, 0.32427559173479653, 0.003065605870932465, 0.021050404897442494, 0.033614932024552686, 0.003065605870932465], [0.06630388324561358, 0.4439920663043263, 0.0030174458986482276, 0.022993916343668302, 0.4606752423090953, 0.0030174458986482276], [0.06987683440522238, 0.4505888115972542, 0.003021890464532845, 0.02382989564491465, 0.4496606774235432, 0.003021890464532845], [0.06530566169934751, 0.20061071813297285, 0.1967858180077648, 0.022200731972039436, 0.5120893440980766, 0.003007726089798855], [0.98500332438622, 0.002999335122756038, 0.002999335122756038, 0.002999335122756038, 0.002999335122756038, 0.002999335122756038]], [[0.98500332438622, 0.002999335122756038, 0.002999335122756038, 0.002999335122756038, 0.002999335122756038, 0.002999335122756038], [0.7272466475422535, 0.11953914216784219, 0.11501375776624594, 0.012611078927235671, 0.022576597353693505, 0.003012776242729143], [0.6227177676799286, 0.33448496117789067, 0.003028114742572227, 0.014390346206655488, 0.022350695450380764, 0.003028114742572227], [0.07330304928024384, 0.3992291480706885, 0.0030134892229650577, 0.02156408807554118, 0.4998767361275965, 0.0030134892229650577], [0.0029993351227560394, 0.0029993351227560394, 0.0029993351227560394, 0.0029993351227560394, 0.0029993351227560394, 0.9850033243862198], [0.5457588197313857, 0.37292285212411813, 0.0030008459576682375, 0.026240457501131603, 0.049076178728028066, 0.0030008459576682375], [0.5745773030630702, 0.34074062721385445, 0.0030006984067899693, 0.026104221942839925, 0.05257645096665551, 0.0030006984067899693], [0.551578462067002, 0.3426534202791415, 0.003001891812171826, 0.03059261401312091, 0.06917172001639202, 0.003001891812171826], [0.5778684243557116, 0.33165200097429703, 0.0030012520247887603, 0.02662315999824032, 0.05785391062217361, 0.0030012520247887603], [0.11149742219396518, 0.3315286472819815, 0.0030142919340688775, 0.026650909680994133, 0.5242944369749214, 0.0030142919340688775], [0.5673372606524919, 0.3419838265840624, 0.0030046387922382785, 0.02616694809382176, 0.05850268708514751, 0.0030046387922382785], [0.5429965065412731, 0.37281816348384017, 0.003000756902031078, 0.0264130784312676, 0.05177073773955707, 0.003000756902031078], [0.5189355472388497, 0.3886537062164024, 0.003000014519962655, 0.02744790681266893, 0.0589628106921536, 0.003000014519962655], [0.08860392926384081, 0.37042520703049553, 0.0030150653633238557, 0.023578062464376496, 0.5113626705146395, 0.0030150653633238557], [0.6134377667966696, 0.3023895745027838, 0.0030137361582751555, 0.022852684052031367, 0.055292502331964956, 0.0030137361582751555], [0.6370919245707067, 0.2842373829977938, 0.0030272500140346684, 0.02337760690171824, 0.049238585501711916, 0.0030272500140346684], [0.6020335336017714, 0.3258080654192675, 0.0030126661526656906, 0.02186861035243183, 0.04426445832119801, 0.0030126661526656906], [0.11177787944564524, 0.3949795043919425, 0.0030014597369151033, 0.02678504895178433, 0.46045464773679773, 0.0030014597369151033], [0.2580762205231067, 0.5710627398209265, 0.003008641031277974, 0.035548462478018066, 0.12929529511539284, 0.003008641031277974], [0.09610950961583407, 0.45988132402282533, 0.003008058869940191, 0.025126056151082772, 0.41286699247037756, 0.003008058869940191], [0.4668710397459854, 0.45889266048525484, 0.0030106475322443584, 0.02354944665997541, 0.04466555804429571, 0.0030106475322443584], [0.5399270183526942, 0.3987577974281907, 0.0030078558752000845, 0.020393606183264627, 0.03490586628545032, 0.0030078558752000845], [0.6044971585192475, 0.3391792744934554, 0.0030288723039867743, 0.01713891024923986, 0.03312691213008377, 0.0030288723039867743], [0.7401430171682367, 0.21849262094128497, 0.003005710478252613, 0.013418293730646598, 0.02193464720332652, 0.003005710478252613], [0.79578893938321, 0.16938048177146572, 0.003004767996959134, 0.011475848545906626, 0.017345194305499273, 0.003004767996959134], [0.8084630863250009, 0.15924561847683386, 0.003006076332577466, 0.010832498759419707, 0.015446643773590778, 0.003006076332577466], [0.7875832710477646, 0.18039219513895796, 0.0030077210369722175, 0.010759273174935125, 0.015249818564397843, 0.0030077210369722175], [0.7340538615457474, 0.23324282839483443, 0.00300476307757697, 0.0110018478621106, 0.01569193604215369, 0.00300476307757697], [0.04075928308346923, 0.2605960084928336, 0.003020659810944732, 0.014266715453660154, 0.6783366733481475, 0.003020659810944732], [0.618478369596183, 0.33740605245509636, 0.003026085018221031, 0.015063590195151504, 0.022999817717127235, 0.003026085018221031], [0.6830006164748266, 0.2739102687563861, 0.00301125223946703, 0.014666751588410453, 0.02239985870144283, 0.00301125223946703], [0.7416414617033593, 0.21773364006879112, 0.0030019188358323306, 0.01395278914321386, 0.020668271412971003, 0.0030019188358323306], [0.044074500996734906, 0.1859776604845128, 0.0030042298472944067, 0.013629042813393607, 0.7503103360107699, 0.0030042298472944067], [0.8263984252717566, 0.14022602951422322, 0.0030496036266992686, 0.011665252686275948, 0.01561108527434577, 0.0030496036266992686], [0.05009014757269147, 0.22481074796221237, 0.0030019361177961758, 0.016723098192784093, 0.7023721340367197, 0.0030019361177961758], [0.6856337236207571, 0.2604805980532202, 0.003020753957858455, 0.01908021159105799, 0.02876395881924777, 0.003020753957858455], [0.056274755855466894, 0.3073093761474502, 0.0030226713754804707, 0.018339240483822187, 0.6120312847622998, 0.0030226713754804707], [0.5861020253317167, 0.35908227259550834, 0.003012997149809721, 0.019317236897401512, 0.029472470875753984, 0.003012997149809721], [0.6634784531705427, 0.15592056275296595, 0.13202951398006235, 0.017394197496420828, 0.028152841825805817, 0.0030244307742024407], [0.98500332438622, 0.002999335122756038, 0.002999335122756038, 0.002999335122756038, 0.002999335122756038, 0.002999335122756038]], [[0.98500332438622, 0.002999335122756038, 0.002999335122756038, 0.002999335122756038, 0.002999335122756038, 0.002999335122756038], [0.6543542354516679, 0.14790700126343212, 0.15120921569623555, 0.016122909732994725, 0.027390585161765527, 0.003016052693904411], [0.535490376955212, 0.41058601731057875, 0.003009183473604963, 0.01787827150977099, 0.030026967277228398, 0.003009183473604963], [0.4816637368526439, 0.4385052345299136, 0.0030147035635623882, 0.026167226471055117, 0.04763439501926273, 0.0030147035635623882], [0.25782137472027644, 0.5777677593602191, 0.0030021152729413168, 0.0358379721770155, 0.12256866319660625, 0.0030021152729413168], [0.12198847075081963, 0.4097815098236804, 0.003004057133361186, 0.030552083994433765, 0.43166982116434377, 0.003004057133361186], [0.0029993351227560394, 0.0029993351227560394, 0.0029993351227560394, 0.0029993351227560394, 0.0029993351227560394, 0.9850033243862198], [0.3079996139259592, 0.49010880885836006, 0.003042474080258541, 0.04078935408371374, 0.15501727497144993, 0.003042474080258541], [0.5508618353430051, 0.3455080055070256, 0.0030043759910935047, 0.029845121667164923, 0.06777628550061729, 0.0030043759910935047], [0.12455855151624155, 0.3344059508944217, 0.0030103841882561776, 0.029041921701574904, 0.5059728075112494, 0.0030103841882561776], [0.5805097794369553, 0.32878383374344977, 0.0030015711431455993, 0.02691013708880366, 0.0577931074445001, 0.0030015711431455993], [0.09801544675224437, 0.3718905327397919, 0.0030071278472825363, 0.02629161917710968, 0.4977881456362889, 0.0030071278472825363], [0.5134707103070673, 0.39496860844021525, 0.003000106936734347, 0.027501189159439762, 0.05805927821980898, 0.003000106936734347], [0.5757810243777635, 0.34948793457108385, 0.0030031053118602814, 0.02366765970586487, 0.04505717072156734, 0.0030031053118602814], [0.5999561997442298, 0.31836312294146485, 0.0030184781087935863, 0.024298526652492016, 0.051345194444226215, 0.0030184781087935863], [0.6803130293433937, 0.24518167733066232, 0.0030089864316870697, 0.022504597458324026, 0.04598272300424585, 0.0030089864316870697], [0.6521425448349344, 0.2765356919997141, 0.003019434029872614, 0.022487298948700853, 0.042795596156905556, 0.003019434029872614], [0.5515739740173919, 0.3781079083569756, 0.0030029074035765753, 0.022481097138583032, 0.04183120567989624, 0.0030029074035765753], [0.09586373555401409, 0.40219540407285004, 0.0030046176272023415, 0.024288486868267276, 0.47164313825046394, 0.0030046176272023415], [0.5171043132954036, 0.4205035690172438, 0.0030061361915160512, 0.02095501249708933, 0.03542483280723104, 0.0030061361915160512], [0.5662698368063133, 0.373771802680621, 0.003007615726884328, 0.01948356602736495, 0.0344595630319322, 0.003007615726884328], [0.6065233888983361, 0.3404731450913102, 0.0030182520568899896, 0.017304557655961766, 0.02966240424061205, 0.0030182520568899896], [0.7224973439590305, 0.23544195583053698, 0.003010343061370935, 0.013505178538923959, 0.022534835548766573, 0.003010343061370935], [0.7825513806620008, 0.18221333002029338, 0.0030038191446260898, 0.011479843191307399, 0.017747807837146235, 0.0030038191446260898], [0.8158287478350732, 0.1546094882249702, 0.003019525223256905, 0.00945025687762023, 0.014072456615822541, 0.003019525223256905], [0.8761348111820069, 0.10312556143933026, 0.003013534672851155, 0.0062024032245074166, 0.008510154808453225, 0.003013534672851155], [0.01959106284910492, 0.11642355789134895, 0.003019515860404703, 0.006698024723229952, 0.8512483228155068, 0.003019515860404703], [0.026120965878457834, 0.17438116185019858, 0.0030220593195867435, 0.009026957207116782, 0.7844267964250533, 0.0030220593195867435], [0.7623684996477966, 0.20824652820104175, 0.0030073680531030483, 0.009716465294671819, 0.013653770750283649, 0.0030073680531030483], [0.03377971071507888, 0.20954352122961797, 0.0030109707060982944, 0.011197991021811909, 0.7394568356212946, 0.0030109707060982944], [0.7888993099135909, 0.17906961523064202, 0.0030055756047259897, 0.010572195361922162, 0.01544772828439289, 0.0030055756047259897], [0.8067732509383353, 0.16090754598838217, 0.0030072548871322487, 0.01070121465342089, 0.015603478645597075, 0.0030072548871322487], [0.025135124899360543, 0.12262861643163149, 0.0030248399142933633, 0.008606124563864202, 0.837580454276557, 0.0030248399142933633], [0.8545603299284795, 0.11750551496623651, 0.003025005521888032, 0.009576531244930025, 0.012307612816577931, 0.003025005521888032], [0.7723030113888645, 0.18313457147878837, 0.003001017517240795, 0.015644148709413535, 0.022916233388452015, 0.003001017517240795], [0.74029734822874, 0.20784201071359515, 0.0030026680503149683, 0.018281153023626505, 0.02757415193340831, 0.0030026680503149683], [0.7108218155730596, 0.2362149980002713, 0.003001715371994737, 0.017952644771435832, 0.029007110911243777, 0.003001715371994737], [0.7115830524318777, 0.2337804247672421, 0.003009388734993607, 0.01808141725155898, 0.030536328079334134, 0.003009388734993607], [0.7534497736534296, 0.11713579281256224, 0.08938310136333533, 0.014070391595723855, 0.022956018721054506, 0.0030049218538945924], [0.98500332438622, 0.002999335122756038, 0.002999335122756038, 0.002999335122756038, 0.002999335122756038, 0.002999335122756038]], [[0.98500332438622, 0.002999335122756038, 0.002999335122756038, 0.002999335122756038, 0.002999335122756038, 0.002999335122756038], [0.6795136890113814, 0.13651177169452394, 0.14139841668884992, 0.014709463142357623, 0.024829744957991878, 0.0030369145048952015], [0.601525331869737, 0.3488221702728085, 0.003012740179536877, 0.016782931997198467, 0.02684408550118223, 0.003012740179536877], [0.47152192205013327, 0.47180318379825203, 0.003031376502997116, 0.01954818098366433, 0.031063960161956287, 0.003031376502997116], [0.11010285835959097, 0.4491977944821607, 0.003013555114989908, 0.027568025781439787, 0.4071042111468287, 0.003013555114989908], [0.4725037892240293, 0.4617024398052032, 0.0030128979208867293, 0.022472874020457632, 0.03729510110853635, 0.0030128979208867293], [0.09068583923513189, 0.3749561536484726, 0.0030188978096230778, 0.0252243237186019, 0.5030958877785474, 0.0030188978096230778], [0.5387876465225039, 0.3700442985537744, 0.0030004790473012475, 0.028512026283564272, 0.05665507054555501, 0.0030004790473012475], [0.1040351736589692, 0.3543790172543742, 0.0030028546092881457, 0.02795345754393333, 0.507626642324147, 0.0030028546092881457], [0.6281718198087654, 0.29045754590967293, 0.003011229828488093, 0.024981154706378992, 0.05036701991820659, 0.003011229828488093], [0.5963630536959962, 0.32479613877376884, 0.0030034649512941814, 0.024526773812969725, 0.04830710381467683, 0.0030034649512941814], [0.5428074125943085, 0.36935099009057454, 0.003000761949376785, 0.02595198095161098, 0.05588809246475242, 0.003000761949376785], [0.2869418133791606, 0.5212653935787382, 0.003014644286770127, 0.035949938993756834, 0.14981356547480412, 0.003014644286770127], [0.12579213553839627, 0.37584465526256633, 0.0030004111426886544, 0.02745391111558942, 0.46490847579807076, 0.0030004111426886544], [0.6066327833222219, 0.3127424843000467, 0.0030099386986071437, 0.02373693465734658, 0.05086792032317046, 0.0030099386986071437], [0.6343541234044824, 0.27954440146654985, 0.003026199606915935, 0.023341253954556322, 0.0567078219605796, 0.003026199606915935], [0.09227563213439059, 0.24895401965727876, 0.0030135669643203858, 0.020677216475064587, 0.6320659978046254, 0.0030135669643203858], [0.6476010882678116, 0.28952345531223184, 0.0030318553398375656, 0.02031208589323483, 0.03649965984704658, 0.0030318553398375656], [0.6048842338783285, 0.33013022506804335, 0.0030068568495941993, 0.02070516262478736, 0.03826666472965231, 0.0030068568495941993], [0.6320988971876828, 0.30909598981238323, 0.0030143751848190673, 0.018757520041878604, 0.03401884258841742, 0.0030143751848190673], [0.6339637475209864, 0.3109136987380637, 0.003026983299243342, 0.017723072213812373, 0.03134551492865076, 0.003026983299243342], [0.7215283336665049, 0.23314884582196624, 0.0030016285248330794, 0.014419833028729944, 0.02489973043313274, 0.0030016285248330794], [0.03776348790604564, 0.18126450958903395, 0.003008227858038946, 0.011079050907701787, 0.7638764958811408, 0.003008227858038946], [0.8212744671743725, 0.14959859608355258, 0.0030115196681534, 0.008892495254616236, 0.01421140215115205, 0.0030115196681534], [0.876822690634395, 0.10248370555277748, 0.003011553630611908, 0.006133015751686369, 0.00853748079991734, 0.003011553630611908], [0.8856438760845, 0.09531892854629548, 0.0030088356375456426, 0.005536330335654405, 0.00748319375845894, 0.0030088356375456426], [0.8870185005414811, 0.094993204113062, 0.0030085648562338148, 0.00509636840804815, 0.006874797224941118, 0.00300856485623