{"prediction": [[[0.98500332438622, 0.002999335122756038, 0.002999335122756038, 0.002999335122756038, 0.002999335122756038, 0.002999335122756038], [0.98500332438622, 0.002999335122756038, 0.002999335122756038, 0.002999335122756038, 0.002999335122756038, 0.002999335122756038], [0.98500332438622, 0.002999335122756038, 0.002999335122756038, 0.002999335122756038, 0.002999335122756038, 0.002999335122756038], [0.98500332438622, 0.002999335122756038, 0.002999335122756038, 0.002999335122756038, 0.002999335122756038, 0.002999335122756038], [0.98500332438622, 0.002999335122756038, 0.002999335122756038, 0.002999335122756038, 0.002999335122756038, 0.002999335122756038], [0.98500332438622, 0.002999335122756038, 0.002999335122756038, 0.002999335122756038, 0.002999335122756038, 0.002999335122756038], [0.98500332438622, 0.002999335122756038, 0.002999335122756038, 0.002999335122756038, 0.002999335122756038, 0.002999335122756038], [0.98500332438622, 0.002999335122756038, 0.002999335122756038, 0.002999335122756038, 0.002999335122756038, 0.002999335122756038], [0.98500332438622, 0.002999335122756038, 0.002999335122756038, 0.002999335122756038, 0.002999335122756038, 0.002999335122756038], [0.98500332438622, 0.002999335122756038, 0.002999335122756038, 0.002999335122756038, 0.002999335122756038, 0.002999335122756038], [0.98500332438622, 0.002999335122756038, 0.002999335122756038, 0.002999335122756038, 0.002999335122756038, 0.002999335122756038], [0.98500332438622, 0.002999335122756038, 0.002999335122756038, 0.002999335122756038, 0.002999335122756038, 0.002999335122756038], [0.98500332438622, 0.002999335122756038, 0.002999335122756038, 0.002999335122756038, 0.002999335122756038, 0.002999335122756038], [0.98500332438622, 0.002999335122756038, 0.002999335122756038, 0.002999335122756038, 0.002999335122756038, 0.002999335122756038], [0.98500332438622, 0.002999335122756038, 0.002999335122756038, 0.002999335122756038, 0.002999335122756038, 0.002999335122756038], [0.98500332438622, 0.002999335122756038, 0.002999335122756038, 0.002999335122756038, 0.002999335122756038, 0.002999335122756038], [0.98500332438622, 0.002999335122756038, 0.002999335122756038, 0.002999335122756038, 0.002999335122756038, 0.002999335122756038], [0.98500332438622, 0.002999335122756038, 0.002999335122756038, 0.002999335122756038, 0.002999335122756038, 0.002999335122756038], [0.98500332438622, 0.002999335122756038, 0.002999335122756038, 0.002999335122756038, 0.002999335122756038, 0.002999335122756038], [0.98500332438622, 0.002999335122756038, 0.002999335122756038, 0.002999335122756038, 0.002999335122756038, 0.002999335122756038], [0.98500332438622, 0.002999335122756038, 0.002999335122756038, 0.002999335122756038, 0.002999335122756038, 0.002999335122756038], [0.98500332438622, 0.002999335122756038, 0.002999335122756038, 0.002999335122756038, 0.002999335122756038, 0.002999335122756038], [0.98500332438622, 0.002999335122756038, 0.002999335122756038, 0.002999335122756038, 0.002999335122756038, 0.002999335122756038], [0.98500332438622, 0.002999335122756038, 0.002999335122756038, 0.002999335122756038, 0.002999335122756038, 0.002999335122756038], [0.98500332438622, 0.002999335122756038, 0.002999335122756038, 0.002999335122756038, 0.002999335122756038, 0.002999335122756038], [0.98500332438622, 0.002999335122756038, 0.002999335122756038, 0.002999335122756038, 0.002999335122756038, 0.002999335122756038], [0.98500332438622, 0.002999335122756038, 0.002999335122756038, 0.002999335122756038, 0.002999335122756038, 0.002999335122756038], [0.98500332438622, 0.002999335122756038, 0.002999335122756038, 0.002999335122756038, 0.002999335122756038, 0.002999335122756038], [0.98500332438622, 0.002999335122756038, 0.002999335122756038, 0.002999335122756038, 0.002999335122756038, 0.002999335122756038], [0.98500332438622, 0.002999335122756038, 0.002999335122756038, 0.002999335122756038, 0.002999335122756038, 0.002999335122756038], [0.98500332438622, 0.002999335122756038, 0.002999335122756038, 0.002999335122756038, 0.002999335122756038, 0.002999335122756038], [0.98500332438622, 0.002999335122756038, 0.002999335122756038, 0.002999335122756038, 0.002999335122756038, 0.002999335122756038], [0.98500332438622, 0.002999335122756038, 0.002999335122756038, 0.002999335122756038, 0.002999335122756038, 0.002999335122756038], [0.98500332438622, 0.002999335122756038, 0.002999335122756038, 0.002999335122756038, 0.002999335122756038, 0.002999335122756038], [0.98500332438622, 0.002999335122756038, 0.002999335122756038, 0.002999335122756038, 0.002999335122756038, 0.002999335122756038], [0.98500332438622, 0.002999335122756038, 0.002999335122756038, 0.002999335122756038, 0.002999335122756038, 0.002999335122756038], [0.98500332438622, 0.002999335122756038, 0.002999335122756038, 0.002999335122756038, 0.002999335122756038, 0.002999335122756038], [0.98500332438622, 0.002999335122756038, 0.002999335122756038, 0.002999335122756038, 0.002999335122756038, 0.002999335122756038], [0.98500332438622, 0.002999335122756038, 0.002999335122756038, 0.002999335122756038, 0.002999335122756038, 0.002999335122756038], [0.98500332438622, 0.002999335122756038, 0.002999335122756038, 0.002999335122756038, 0.002999335122756038, 0.002999335122756038]], [[0.98500332438622, 0.002999335122756038, 0.002999335122756038, 0.002999335122756038, 0.002999335122756038, 0.002999335122756038], [0.7767453196809986, 0.08072855446437241, 0.0735810981537837, 0.01476715485051584, 0.051172324839529486, 0.0030055480108000018], [0.7180903629268357, 0.08512032521602693, 0.11926956429060304, 0.019362204337522396, 0.055133696818019655, 0.0030238464109925414], [0.15338443567414708, 0.09191433599518342, 0.12288147973915764, 0.02080246650440741, 0.6079609321844803, 0.0030563499026241216], [0.7366297457691171, 0.0813566163830672, 0.11291661059434382, 0.01637211816866872, 0.04971199214412674, 0.003012916940676599], [0.1056159775714814, 0.06789769881943283, 0.07779143555905829, 0.012208519971630173, 0.7334813312917242, 0.003005036786673091], [0.870511788431968, 0.045021969986631806, 0.0481809523871616, 0.007460495741818558, 0.02582120236038196, 0.0030035910920382007], [0.060743519037691124, 0.03494871351713071, 0.028866065904382204, 0.005866046102410932, 0.8665676944798113, 0.0030079609585737803], [0.9274096331716848, 0.028122786866368158, 0.02237241822681844, 0.004407938621726516, 0.014680407385048583, 0.003006815728353493], [0.9552351588126138, 0.019321545888705192, 0.012412460752521197, 0.0030005574822389897, 0.007029719581681704, 0.0030005574822389897], [0.9587359515403087, 0.01813897465496422, 0.01021569511165035, 0.003000685531216842, 0.006908007630643022, 0.003000685531216842], [0.9621867638742718, 0.016319503994045085, 0.009270336198450305, 0.0030007635789552453, 0.006221868775322294, 0.0030007635789552453], [0.9618154363077016, 0.016537888147693823, 0.009723903957511144, 0.0030005336441941686, 0.005921704298705165, 0.0030005336441941686], [0.9584685745306402, 0.017729385792159914, 0.011212680252679064, 0.003000439324442893, 0.006588480775635086, 0.003000439324442893], [0.9516778082714027, 0.0196455711195326, 0.012956556908057406, 0.003149563948759297, 0.00956795528530621, 0.003002544466941802], [0.9249260915251145, 0.027493437888072247, 0.02225623031733126, 0.004697537129244381, 0.017620078682580857, 0.0030066244576567886], [0.057610685792283955, 0.03141549256083037, 0.027390776413699722, 0.0053611310823526185, 0.8752142362206317, 0.0030076779302015636], [0.8750590670850258, 0.04106518387708783, 0.04733196035604137, 0.007618857408906388, 0.025921936837763185, 0.0030029944351754683], [0.7924369429358948, 0.07027665101486712, 0.08406255825599127, 0.011622838607004282, 0.03859597107444262, 0.0030050381117999038], [0.7266622557251938, 0.0791380081467849, 0.1277210322078498, 0.017123916271091076, 0.04634835356508225, 0.003006434083998171], [0.7209616739711389, 0.0824422433038827, 0.09864396879800433, 0.01852201499191537, 0.07642183217465807, 0.0030082667604005046], [0.98500332438622, 0.002999335122756038, 0.002999335122756038, 0.002999335122756038, 0.002999335122756038, 0.002999335122756038], [0.98500332438622, 0.002999335122756038, 0.002999335122756038, 0.002999335122756038, 0.002999335122756038, 0.002999335122756038], [0.98500332438622, 0.002999335122756038, 0.002999335122756038, 0.002999335122756038, 0.002999335122756038, 0.002999335122756038], [0.98500332438622, 0.002999335122756038, 0.002999335122756038, 0.002999335122756038, 0.002999335122756038, 0.002999335122756038], [0.9389240553528927, 0.024120583303305812, 0.014264489097827127, 0.0039028146855704256, 0.015775148772058906, 0.0030129087883451738], [0.98500332438622, 0.002999335122756038, 0.002999335122756038, 0.002999335122756038, 0.002999335122756038, 0.002999335122756038], [0.9640913049125032, 0.015824908050332723, 0.008981835087278, 0.003000526303743189, 0.005100899342399715, 0.003000526303743189], [0.9616145762947184, 0.01700723030585543, 0.010468983854801727, 0.0030001729905479602, 0.004908863563528577, 0.0030001729905479602], [0.012272170267814913, 0.016477957104077606, 0.010364334838770603, 0.0030002216984725306, 0.9548850943923918, 0.0030002216984725306], [0.014243863543557793, 0.01800560915387313, 0.011604444044143524, 0.003000761984653465, 0.9501445592891187, 0.003000761984653465], [0.9442979727255635, 0.023290549412849502, 0.01749595433707343, 0.0036979633716728564, 0.00820216144456439, 0.0030153987082763806], [0.9566016755532435, 0.01875743373186815, 0.012486449993354111, 0.0030001969902408933, 0.006154046741052438, 0.0030001969902408933], [0.9590413427688548, 0.017857255867213595, 0.01155382484114178, 0.003000076172455556, 0.005547424177878818, 0.003000076172455556], [0.9630844173381128, 0.01659969717355994, 0.009568732203859868, 0.0030003974894223543, 0.0047463583056227415, 0.0030003974894223543], [0.9647023291671274, 0.015638029456421402, 0.00924399014229037, 0.003000611612848799, 0.004414428008463252, 0.003000611612848799], [0.0098635492046275, 0.014313254871321075, 0.007458072808950052, 0.0030009675882783603, 0.9623631879385446, 0.0030009675882783603], [0.9675335057040556, 0.014951898170175858, 0.007782904407439266, 0.0030013630950047124, 0.003728965528319788, 0.0030013630950047124], [0.9673040940403996, 0.015593499337999386, 0.007159039288774335, 0.0030015065120264626, 0.003940354308773737, 0.0030015065120264626], [0.98500332438622, 0.002999335122756038, 0.002999335122756038, 0.002999335122756038, 0.002999335122756038, 0.002999335122756038]], [[0.98500332438622, 0.002999335122756038, 0.002999335122756038, 0.002999335122756038, 0.002999335122756038, 0.002999335122756038], [0.16500045119632012, 0.092186483617216, 0.11576403061877817, 0.020857982800797252, 0.6031343091941593, 0.003056742572729211], [0.6310816648975254, 0.28038523561397566, 0.003042077082452979, 0.015797059856984985, 0.0666518854666081, 0.003042077082452979], [0.4207317290920698, 0.3573400406970615, 0.0030269306178533207, 0.023648666042038326, 0.19222570293312385, 0.0030269306178533207], [0.6807660699502558, 0.23868207911229858, 0.0030362964744868348, 0.01390901112860599, 0.06057024685986596, 0.0030362964744868348], [0.11557915743761786, 0.19948717125752682, 0.0030117320048417546, 0.012421495150008439, 0.6664887121451635, 0.0030117320048417546], [0.08988813919140462, 0.16030854091509741, 0.003001559060093271, 0.009062755531155821, 0.7347374462421555, 0.003001559060093271], [0.06157246756784908, 0.09454131652280566, 0.0030026655625165553, 0.005988847323536527, 0.8318920374607756, 0.0030026655625165553], [0.9038820295824632, 0.06735096872090116, 0.0030029063179198784, 0.00482243169592437, 0.017938757364871532, 0.0030029063179198784], [0.9243796643637255, 0.05148265293420531, 0.0030101557974731006, 0.004113247954156299, 0.014004123152966726, 0.0030101557974731006], [0.9492531490636162, 0.03406356967756982, 0.0030008044764477672, 0.0030008044764477672, 0.0076808678294705505, 0.0030008044764477672], [0.9510570622287625, 0.03220800524763331, 0.003000653757585028, 0.003000653757585028, 0.007732971250848972, 0.003000653757585028], [0.018983880879129254, 0.030682207149420222, 0.003002374882187453, 0.0030130582780001423, 0.9413161039290755, 0.003002374882187453], [0.02420547344548524, 0.0355049182907346, 0.0030069479149864298, 0.0030069479149864298, 0.9312687645188209, 0.0030069479149864298], [0.9126995486954502, 0.05883270788828566, 0.003004471976461087, 0.0043897895203609955, 0.018069009942981103, 0.003004471976461087], [0.8877990837321688, 0.07446824225289714, 0.003001055913711275, 0.0056534181986627, 0.026077143988848837, 0.003001055913711275], [0.854692123767918, 0.09411705634374548, 0.0030177023432075563, 0.010598355810174813, 0.03455705939174648, 0.0030177023432075563], [0.7779443599773641, 0.16341957568658255, 0.003001635149639643, 0.009544693040247137, 0.04308810099652688, 0.003001635149639643], [0.7304697775884975, 0.20111668364586222, 0.0030025812790852144, 0.011294865868032668, 0.051113510339437195, 0.0030025812790852144], [0.6686560751699047, 0.238984708285367, 0.0030316265168265403, 0.014913507423917905, 0.0713824560871573, 0.0030316265168265403], [0.42482921311575467, 0.3416984808912456, 0.003007205584639157, 0.021436616970535994, 0.20602127785318552, 0.003007205584639157], [0.20288005251002866, 0.08325199068236831, 0.12925959071156737, 0.021678021855603184, 0.5598150675629097, 0.003115276677522834], [0.98500332438622, 0.002999335122756038, 0.002999335122756038, 0.002999335122756038, 0.002999335122756038, 0.002999335122756038], [0.98500332438622, 0.002999335122756038, 0.002999335122756038, 0.002999335122756038, 0.002999335122756038, 0.002999335122756038], [0.98500332438622, 0.002999335122756038, 0.002999335122756038, 0.002999335122756038, 0.002999335122756038, 0.002999335122756038], [0.98500332438622, 0.002999335122756038, 0.002999335122756038, 0.002999335122756038, 0.002999335122756038, 0.002999335122756038], [0.9429183444009657, 0.021964141664544308, 0.01749860762047831, 0.003909020394474034, 0.010696931082955347, 0.003012954836582406], [0.9558712333669321, 0.029184177255920308, 0.0029999999996887052, 0.0029999999996887052, 0.005944589378081408, 0.0029999999996887052], [0.9531223717161219, 0.03186400377637332, 0.0030000121866389797, 0.0030000121866389797, 0.006013587947587772, 0.0030000121866389797], [0.9474628626631219, 0.03583352708857574, 0.0030010904072179287, 0.0030010904072179287, 0.007700339026648435, 0.0030010904072179287], [0.9262195938708007, 0.05275087900171747, 0.0030114022724448547, 0.0041385271137212055, 0.010868195468870929, 0.0030114022724448547], [0.0358793603508988, 0.0580583118979037, 0.0030093110343193245, 0.004017581106854514, 0.8960261245757044, 0.0030093110343193245], [0.9257697879762731, 0.052866213979711744, 0.003011121592399057, 0.004042428608633467, 0.0112993262505835, 0.003011121592399057], [0.9486804577765016, 0.035779801080474356, 0.0030006024556351344, 0.0030006024556351344, 0.006537933776118566, 0.0030006024556351344], [0.9510279721407305, 0.03398781974607374, 0.0030001850774309478, 0.0030001850774309478, 0.005983652880902896, 0.0030001850774309478], [0.9544708122830999, 0.03117524471029636, 0.002999999989870794, 0.002999999989870794, 0.005353943036991394, 0.002999999989870794], [0.9582487657660439, 0.027765060271891673, 0.0029999999969263615, 0.0029999999969263615, 0.004986173971285508, 0.0029999999969263615], [0.010331119646018965, 0.023752942193492787, 0.0030013028059104716, 0.003011272940945209, 0.9569020596077221, 0.0030013028059104716], [0.01007168385588672, 0.014370919963993402, 0.007264819162271743, 0.0030010377755267524, 0.9622905014667946, 0.0030010377755267524], [0.98500332438622, 0.002999335122756038, 0.002999335122756038, 0.002999335122756038, 0.002999335122756038, 0.002999335122756038]], [[0.98500332438622, 0.002999335122756038, 0.002999335122756038, 0.002999335122756038, 0.002999335122756038, 0.002999335122756038], [0.7005571030897464, 0.09545736778709508, 0.12246123865874615, 0.021742032546978422, 0.05675832952927011, 0.0030239283881639146], [0.6238523810386373, 0.2749666384213165, 0.003077114061866636, 0.018385079739136244, 0.0766416726771767, 0.003077114061866636], [0.6355218091767589, 0.2709796828586468, 0.0030678614995155173, 0.018045933658168884, 0.06931685130739446, 0.0030678614995155173], [0.14877731677191042, 0.21794758806383824, 0.003020275733927346, 0.016170785890050807, 0.6110637578063458, 0.003020275733927346], [0.7348008873459516, 0.1938271867199275, 0.0030099157119909637, 0.012694259690183615, 0.05265783481995541, 0.0030099157119909637], [0.08949425100602702, 0.13172964934003534, 0.003030178508309268, 0.009659833769097449, 0.7630559088682215, 0.003030178508309268], [0.8667762937561416, 0.09383802522109301, 0.003001438967784861, 0.006875274407039052, 0.026507528680156687, 0.003001438967784861], [0.8941254368501093, 0.07162841509283634, 0.0030011159982347006, 0.005787054058124836, 0.022456862002460113, 0.0030011159982347006], [0.93452634880489, 0.043652834184020245, 0.0030070533703848022, 0.0037377011556895055, 0.012069009114630698, 0.0030070533703848022], [0.9447962822900587, 0.037152444096148235, 0.0030020888123353136, 0.003185604179481051, 0.00886149180964129, 0.0030020888123353136], [0.945475070994573, 0.037024281634085165, 0.0030017662271834304, 0.0030017662271834304, 0.008495348689791514, 0.0030017662271834304], [0.9409247430120931, 0.04120615611645862, 0.0030031599097552495, 0.0030031599097552495, 0.00885962114218257, 0.0030031599097552495], [0.04736263773023257, 0.06284626305980086, 0.0030038794704395086, 0.004480101172291484, 0.8793032390967961, 0.0030038794704395086], [0.891677106858205, 0.07507638662902116, 0.003000705117453755, 0.005139234237341057, 0.022105862040525306, 0.003000705117453755], [0.873364551766544, 0.07909581684868988, 0.00300318988403918, 0.006715950046078909, 0.034817301570608666, 0.00300318988403918], [0.8522578606780936, 0.09415226317717146, 0.0030068405223874603, 0.008135084213905595, 0.0394411108860545, 0.0030068405223874603], [0.8213260974907693, 0.12343370982934601, 0.003017414308830793, 0.009502117308062571, 0.039703246754160475, 0.003017414308830793], [0.7390278780810181, 0.18480205017829454, 0.003007602707605345, 0.012479878333824078, 0.057674987991652625, 0.003007602707605345], [0.6724575982647294, 0.249015707155559, 0.0030193893600168977, 0.016085423426961572, 0.056402492432716236, 0.0030193893600168977], [0.6521097119293343, 0.26091221853508906, 0.003055417909644799, 0.01703374407839166, 0.0638334896378955, 0.003055417909644799], [0.16523263575474761, 0.09475059188049927, 0.14524948865495257, 0.025184880583688746, 0.5664926793663309, 0.00308972375978096], [0.98500332438622, 0.002999335122756038, 0.002999335122756038, 0.002999335122756038, 0.002999335122756038, 0.002999335122756038], [0.13502548022007654, 0.0584587853626362, 0.049285441437735666, 0.014395328859437017, 0.7398070038581842, 0.0030279602619303577], [0.98500332438622, 0.002999335122756038, 0.002999335122756038, 0.002999335122756038, 0.002999335122756038, 0.002999335122756038], [0.98500332438622, 0.002999335122756038, 0.002999335122756038, 0.002999335122756038, 0.002999335122756038, 0.002999335122756038], [0.03379335954115341, 0.02454393388085736, 0.016075576546298095, 0.004227188119018357, 0.9183478971758413, 0.003012044736831455], [0.9497201205689155, 0.034534555365294935, 0.003000700927677192, 0.003000700927677192, 0.006743221282757969, 0.003000700927677192], [0.9426819519043359, 0.03967668741044111, 0.003002432612961209, 0.003262799523133753, 0.008373695936166912, 0.003002432612961209], [0.037220146368194415, 0.06231411350858883, 0.0030070499962044327, 0.0043183856246868935, 0.890133254506121, 0.0030070499962044327], [0.04235231407117906, 0.07582962786089902, 0.003002368560639685, 0.004712777427806845, 0.8711005435188357, 0.003002368560639685], [0.056117953634851656, 0.0922288400422594, 0.00300170528505965, 0.0051241427300174275, 0.8405256530227523, 0.00300170528505965], [0.8958857292341752, 0.07411118783375452, 0.003001460298112389, 0.0051341854218899035, 0.01886597691395558, 0.003001460298112389], [0.908304353984513, 0.06567176047396715, 0.0030041876880407196, 0.004704066361725129, 0.015311443803713342, 0.0030041876880407196], [0.019887698365127934, 0.04042952161924466, 0.0030038376060073702, 0.0030154062939011057, 0.9306596985097116, 0.0030038376060073702], [0.028956923396102188, 0.04868720536683142, 0.003017097667607216, 0.003965856260860509, 0.9123558196409914, 0.003017097667607216], [0.9479742809359525, 0.03678803873365687, 0.0030007005289455135, 0.0030007005289455135, 0.006235578743554048, 0.0030007005289455135], [0.956286061543739, 0.02945156366277823, 0.002999999989289996, 0.002999999989289996, 0.005262374825612839, 0.002999999989289996], [0.9644301137670216, 0.016008115928523563, 0.00874803344911491, 0.0030007146722150387, 0.004812307510909799, 0.0030007146722150387], [0.98500332438622, 0.002999335122756038, 0.002999335122756038, 0.002999335122756038, 0.002999335122756038, 0.002999335122756038]], [[0.98500332438622, 0.002999335122756038, 0.002999335122756038, 0.002999335122756038, 0.002999335122756038, 0.002999335122756038], [0.7352374464247022, 0.08101753772104477, 0.0977924386568148, 0.019977826778987903, 0.06295622959680391, 0.0030185208216464347], [0.4408966032854831, 0.32908019965396934, 0.0030142195010874236, 0.02251946462384643, 0.20147529343452625, 0.0030142195010874236], [0.6584503248111685, 0.24312099988599684, 0.003049153577264962, 0.017025077429238256, 0.07530529071906655, 0.003049153577264962], [0.15389181357219345, 0.18867989565254256, 0.0030259927537513824, 0.016915259652742112, 0.6344610456150191, 0.0030259927537513824], [0.12439055305233603, 0.15887433127918354, 0.003005511736373322, 0.013482162342597272, 0.6972419298531366, 0.003005511736373322], [0.08763354949831696, 0.10606302493744442, 0.0030174019039711578, 0.00950092730314795, 0.7907676944531482, 0.0030174019039711578], [0.8633416705630881, 0.08941839044712155, 0.0030028514169845454, 0.007860171620213656, 0.033374064535607637, 0.0030028514169845454], [0.8897837629771931, 0.07218517017195725, 0.003000967171619045, 0.00647330974430663, 0.02555582276330506, 0.003000967171619045], [0.9104877125737552, 0.059049337384843505, 0.003004638927634884, 0.0053910999276711065, 0.01906257225846045, 0.003004638927634884], [0.9379256733456078, 0.04165484248496973, 0.00300494657188522, 0.0036758827571934383, 0.01073370826845854, 0.00300494657188522], [0.936769752333278, 0.04339434682353898, 0.003005219702745345, 0.003469436952516553, 0.010356024485175768, 0.003005219702745345], [0.04773090470937868, 0.06673139917149586, 0.0030033748589561385, 0.0049541167262897754, 0.8745768296749235, 0.0030033748589561385], [0.8890691166433545, 0.08104163820852182, 0.0030009277484513036, 0.0048881263698865645, 0.018999263281334455, 0.0030009277484513036], [0.09134708672861414, 0.10110647839875817, 0.003003610986763205, 0.007203570248444866, 0.7943356426506563, 0.003003610986763205], [0.823926828301779, 0.11446991259002898, 0.003005197979491694, 0.0092343370044439, 0.046358526144764725, 0.003005197979491694], [0.8503884182130563, 0.09180127578693664, 0.003008949159086517, 0.008793439645891759, 0.0429989680359422, 0.003008949159086517], [0.8446792447239028, 0.09599351925390644, 0.00301022231773614, 0.009800913859011872, 0.04350587752770666, 0.00301022231773614], [0.7710270716432825, 0.1570092463879083, 0.0030015339435009985, 0.012293375129307827, 0.05366723895249934, 0.0030015339435009985], [0.13516734577954787, 0.2050892136932677, 0.003021498029879721, 0.013768086323590558, 0.6399323581438344, 0.003021498029879721], [0.6701385174722655, 0.24462464717812404, 0.00302079368203672, 0.014224675076999392, 0.06497057290853768, 0.00302079368203672], [0.44517458116437436, 0.3160336734167641, 0.0030100724773058393, 0.01907167130115585, 0.21369992916309397, 0.0030100724773058393], [0.16114400754867614, 0.08285403530359783, 0.11572700426446403, 0.021684283308976753, 0.6155433889308719, 0.0030472806434133732], [0.7624314001004744, 0.05619375452321513, 0.09396449193805356, 0.01542387077280902, 0.06896913159056352, 0.003017351074884378], [0.98500332438622, 0.002999335122756038, 0.002999335122756038, 0.002999335122756038, 0.002999335122756038, 0.002999335122756038], [0.08745799381082557, 0.030135517295381015, 0.027582516871617745, 0.007125919532811059, 0.8446673118620677, 0.0030307406272968972], [0.9232237020100351, 0.04810181895039761, 0.004384202314921929, 0.0052481867539846344, 0.016032876234041978, 0.003009213736618808], [0.9235224741839018, 0.05251274839330057, 0.003008337933522457, 0.004501631460041168, 0.013446470095711554, 0.003008337933522457], [0.9131984573257731, 0.059592508841569566, 0.003005439655337475, 0.004941494839537586, 0.01625665968244482, 0.003005439655337475], [0.05257110311303159, 0.0741478314939334, 0.003001465017011402, 0.0057222109016812515, 0.861555924457331, 0.003001465017011402], [0.8479137179182138, 0.11325932869000732, 0.0030067653868975732, 0.006651458445948999, 0.026161964172034712, 0.0030067653868975732], [0.8186153077289529, 0.13044888390945816, 0.0030033349983307157, 0.00840729792369462, 0.036521840441232994, 0.0030033349983307157], [0.8549984407411139, 0.10243887226024556, 0.003004030031967884, 0.006969064184069682, 0.02958556275063502, 0.003004030031967884], [0.8927147576073086, 0.07515994220879019, 0.003000854192172087, 0.005750882674304962, 0.020372709125252107, 0.003000854192172087], [0.04444525672337405, 0.06559301452527054, 0.003003996928782212, 0.004970833655808173, 0.8789829012379828, 0.003003996928782212], [0.9172422020615323, 0.05841946210669277, 0.00300710117794151, 0.004652881441415767, 0.01367125203447606, 0.00300710117794151], [0.9199433711565722, 0.05669403496943051, 0.0030082953364371076, 0.004232049496399178, 0.013113953704723952, 0.0030082953364371076], [0.9480564645896196, 0.036398918047685094, 0.003000716364108498, 0.003000716364108498, 0.0065424682703698715, 0.003000716364108498], [0.9601735849836238, 0.01713201723274186, 0.010660665300973173, 0.003000327030857903, 0.006033078420945338, 0.003000327030857903], [0.98500332438622, 0.002999335122756038, 0.002999335122756038, 0.002999335122756038, 0.002999335122756038, 0.002999335122756038]], [[0.98500332438622, 0.002999335122756038, 0.002999335122756038, 0.002999335122756038, 0.002999335122756038, 0.002999335122756038], [0.7679166672982529, 0.07202785747099973, 0.09056529943596536, 0.016577117941293438, 0.04990748881437495, 0.003005569039113442], [0.155898908906445, 0.2188290763523927, 0.003041321138326524, 0.016468632597334203, 0.6027207398671751, 0.003041321138326524], [0.15399501201176305, 0.20551483696800318, 0.0030330990362524325, 0.016750392278264352, 0.6176735606694645, 0.0030330990362524325], [0.13666563889673025, 0.16461085861526384, 0.0030089321144728368, 0.014838515789416966, 0.6778671224696432, 0.0030089321144728368], [0.7688598060955935, 0.14397201549594757, 0.0030086604340001303, 0.01385847436534012, 0.06729238317511858, 0.0030086604340001303], [0.8089484228062912, 0.12089047358340312, 0.0030033506901742256, 0.011508107077917348, 0.05264629515203991, 0.0030033506901742256], [0.82142951594244, 0.1160187885047575, 0.003004436343525736, 0.01010097923875804, 0.04644184362699305, 0.003004436343525736], [0.8695532692744454, 0.08634286727979287, 0.003001675581418073, 0.007191999634168342, 0.030908512648757117, 0.003001675581418073], [0.896910738969217, 0.06909653061788144, 0.003001473669529616, 0.005945960741048984, 0.02204382233279331, 0.003001473669529616], [0.9079328587270117, 0.06135089900075341, 0.0030038585367318216, 0.00537773547956496, 0.01933078971920636, 0.0030038585367318216], [0.9030226619260636, 0.0653600409386213, 0.0030026485895781295, 0.0053487723745817934, 0.020263227581576927, 0.0030026485895781295], [0.8888449420802761, 0.07957659932877782, 0.0030006770066745734, 0.005631229853466455, 0.019945874724130418, 0.0030006770066745734], [0.07877322928098275, 0.11798705903854224, 0.0030185209243809084, 0.0077640451458862265, 0.7894386246858269, 0.0030185209243809084], [0.7898105199460361, 0.15256772225473292, 0.003001180200728997, 0.009139993698873061, 0.04247940369889987, 0.003001180200728997], [0.7608314230287496, 0.1678632473945674, 0.0030033061742801553, 0.011174279384273676, 0.05412443784384916, 0.0030033061742801553], [0.1276765217381569, 0.12900893621891477, 0.0030068176689882517, 0.011284869309020834, 0.726016037395931, 0.0030068176689882517], [0.8346212842238604, 0.10424046584542866, 0.0030102686074461133, 0.009570290701525742, 0.04554742201429302, 0.0030102686074461133], [0.8261528557583575, 0.10121855268304585, 0.003002605526079599, 0.009856388590900591, 0.05676699191553704, 0.003002605526079599], [0.7631508022772954, 0.16419605885262206, 0.0030026038930363115, 0.01224979846458063, 0.054398132619429364, 0.0030026038930363115], [0.14667497561579187, 0.210540428698866, 0.003017748090144489, 0.014255144557720678, 0.6224939549473324, 0.003017748090144489], [0.705278248935976, 0.19684801763608825, 0.0030268747882817664, 0.01935017975495529, 0.07246980409641683, 0.0030268747882817664], [0.687430435996594, 0.2189981362945728, 0.0030156140142344203, 0.014670888619076717, 0.07286931106128763, 0.0030156140142344203], [0.7708194659022659, 0.06975698658156791, 0.07239779107247801, 0.01672194253318306, 0.06728972603660455, 0.0030140878739005105], [0.98500332438622, 0.002999335122756038, 0.002999335122756038, 0.002999335122756038, 0.002999335122756038, 0.002999335122756038], [0.98500332438622, 0.002999335122756038, 0.002999335122756038, 0.002999335122756038, 0.002999335122756038, 0.002999335122756038], [0.06179796035846472, 0.029167500718208648, 0.02462776723289368, 0.005699754650647697, 0.8756956541546531, 0.003011362885132234], [0.9137419698557067, 0.057910300188209925, 0.003004682706881172, 0.004708166380795985, 0.017630198161525133, 0.003004682706881172], [0.8998229625563483, 0.06749880757660741, 0.0030019757977159584, 0.0056041479924686, 0.021070130279143746, 0.0030019757977159584], [0.8492661006556428, 0.10851643417269917, 0.0030058382152135053, 0.00680525452693196, 0.029400534214299088, 0.0030058382152135053], [0.7948481766103687, 0.14874221130386447, 0.003004320642472773, 0.00951297606479902, 0.04088799473602234, 0.003004320642472773], [0.7513286016616192, 0.18515190526333516, 0.003006339408211054, 0.010532335724057715, 0.04697447853456583, 0.003006339408211054], [0.8145089799561291, 0.12967187874709957, 0.003002353003497387, 0.009210809814064393, 0.04060362547571207, 0.003002353003497387], [0.8489065106976061, 0.10602881115461361, 0.0030056236088993097, 0.0076436829799127705, 0.03140974795006884, 0.0030056236088993097], [0.8954184676519452, 0.07140736436908629, 0.0030010639571707064, 0.006269840952881691, 0.020902199111745453, 0.0030010639571707064], [0.8988291348446165, 0.06915735105477944, 0.0030016304978324813, 0.005965640959544306, 0.020044612145394824, 0.0030016304978324813], [0.9088997771678043, 0.06456393634856172, 0.0030042123002015815, 0.0050072688975444845, 0.015520592985686425, 0.0030042123002015815], [0.03532848602723687, 0.05462651857696933, 0.003011057438015318, 0.003959168638897512, 0.9000637118808656, 0.003011057438015318], [0.021422524596089107, 0.019836833338284177, 0.012426683299867701, 0.0030055057816833364, 0.9403029472023924, 0.0030055057816833364], [0.98500332438622, 0.002999335122756038, 0.002999335122756038, 0.002999335122756038, 0.002999335122756038, 0.002999335122756038]], [[0.98500332438622, 0.002999335122756038, 0.002999335122756038, 0.002999335122756038, 0.002999335122756038, 0.002999335122756038], [0.8322863710161503, 0.05566974554475417, 0.05644689975529337, 0.011229360152004233, 0.04136246484830691, 0.0030051586834910025], [0.15949404720665344, 0.1619634251810733, 0.003021988170921498, 0.013242522742781544, 0.6592560285276488, 0.003021988170921498], [0.13297268375346344, 0.14763090574852197, 0.0030070381441942673, 0.013367730954856405, 0.7000146032547696, 0.0030070381441942673], [0.15529394712702616, 0.1552141541092453, 0.003018770350260383, 0.014051506648574711, 0.6694028514146331, 0.003018770350260383], [0.16910739642229608, 0.1555216223661898, 0.0030276366165801656, 0.014073656047029282, 0.6552420519313246, 0.0030276366165801656], [0.7559527919090793, 0.15844323033398833, 0.0030061473350124434, 0.012936183325384388, 0.06665549976152306, 0.0030061473350124434], [0.7585403145477732, 0.1628745037837512, 0.0030042307292982196, 0.012132468071527538, 0.06044425213835165, 0.0030042307292982196], [0.8170646287835465, 0.12403364368667641, 0.003002954730095322, 0.009447154913462564, 0.043448663156123946, 0.003002954730095322], [0.07258338680417964, 0.09310429507489697, 0.0030059328683272775, 0.007546358424162803, 0.8207540939601061, 0.0030059328683272775], [0.8963675919109813, 0.07074719676672085, 0.0030013645470386343, 0.005636826148648589, 0.02124565607957215, 0.0030013645470386343], [0.8859130043897105, 0.07464936147310292, 0.0030010077852302484, 0.006253098162785716, 0.02718252040394036, 0.0030010077852302484], [0.8381846167207181, 0.11889666578107336, 0.003001270333368903, 0.007213227634809245, 0.029702949196661388, 0.003001270333368903], [0.7956067016759517, 0.14674397548281032, 0.003000816820180257, 0.009165306630608265, 0.042482382570269324, 0.003000816820180257], [0.7223980370574586, 0.20701469494412436, 0.003005392623291245, 0.012215735185341097, 0.052360747566493476, 0.003005392623291245], [0.7238838710304946, 0.19527886662022903, 0.00301358277222403, 0.012921940727865506, 0.061888156076962846, 0.00301358277222403], [0.7418531562021927, 0.18312213369307423, 0.0030075243804660793, 0.01224744213047196, 0.056762219213329045, 0.0030075243804660793], [0.12611565346684125, 0.11492526893464754, 0.003009528118051681, 0.01091320947250393, 0.7420268118899039, 0.003009528118051681], [0.859117451340569, 0.08416377000648931, 0.0030073059249752943, 0.008831143893365168, 0.041873022909625864, 0.0030073059249752943], [0.8342156914816772, 0.10167174054127352, 0.0030160792687252413, 0.009266621349995697, 0.048813788089603107, 0.0030160792687252413], [0.7827347246658563, 0.13851492096739654, 0.003003219981920938, 0.011593257524503648, 0.06115065687840143, 0.003003219981920938], [0.7372110776606766, 0.17378630679658272, 0.003007455268377197, 0.011874071135853766, 0.07111363387013252, 0.003007455268377197], [0.7355327338955598, 0.1739311199080267, 0.0030114520611780864, 0.013292660351525036, 0.07122058172253247, 0.0030114520611780864], [0.4913031983614992, 0.24137200467232875, 0.0030020531542641928, 0.01577492161334794, 0.24554576904429562, 0.0030020531542641928], [0.794899570746123, 0.05644513407386059, 0.06985908265391506, 0.012952088744131764, 0.06283358958515327, 0.0030105341968163315], [0.8469100234297884, 0.04404654538595158, 0.04906745937441454, 0.009738257439042951, 0.04722585488312, 0.003011859487682499], [0.98500332438622, 0.002999335122756038, 0.002999335122756038, 0.002999335122756038, 0.002999335122756038, 0.002999335122756038], [0.8996555146416509, 0.0326589515353782, 0.031028070364613806, 0.0065333751339651915, 0.027120516913691932, 0.003003571410699843], [0.0747211601766161, 0.08901556660019641, 0.003006592022334141, 0.007000330299640595, 0.8232497588788786, 0.003006592022334141], [0.09654184960553211, 0.1409421133308328, 0.003001949759059389, 0.00851758619360075, 0.7479945513519155, 0.003001949759059389], [0.7199586576494621, 0.20492162760789637, 0.0030145703315936187, 0.011523739549757045, 0.0575668345296973, 0.0030145703315936187], [0.1464035113178076, 0.1902809091411892, 0.0030079135447632958, 0.013314513968630854, 0.6439852384828457, 0.0030079135447632958], [0.7474496322223719, 0.18638510084654938, 0.0030067494055808375, 0.011452453498393089, 0.048699314621523916, 0.0030067494055808375], [0.8308078034560892, 0.11282800432199533, 0.003006014606946426, 0.009250618267014385, 0.04110154474100831, 0.003006014606946426], [0.8570464703119959, 0.09776899909144532, 0.00300342044431002, 0.007801410471376611, 0.03137627923656199, 0.00300342044431002], [0.8582776659113174, 0.0961746922951113, 0.0030156423166214823, 0.008040413286223206, 0.03147594387410526, 0.0030156423166214823], [0.878694711649667, 0.08456039861867522, 0.0030003377975269013, 0.006387689362809083, 0.024356524773794807, 0.0030003377975269013], [0.8977894104186571, 0.07259743911720867, 0.0030016983488855026, 0.005224050428133835, 0.018385703338229448, 0.0030016983488855026], [0.9271221530978248, 0.026902398030066207, 0.023924884452455882, 0.0045608115878952365, 0.014483285247570536, 0.003006467584187408], [0.98500332438622, 0.002999335122756038, 0.002999335122756038, 0.002999335122756038, 0.002999335122756038, 0.002999335122756038]], [[0.98500332438622, 0.002999335122756038, 0.002999335122756038, 0.002999335122756038, 0.002999335122756038, 0.002999335122756038], [0.099098810770205, 0.0440967851636053, 0.0467736330973495, 0.009111763852491642, 0.797876827589573, 0.0030421795267755567], [0.794713916902013, 0.1273945061519994, 0.0030038561014353268, 0.011797963413365713, 0.06008590132975137, 0.0030038561014353268], [0.7847726719022544, 0.1264457564698828, 0.0030076982884443973, 0.01299480910451082, 0.06977136594646327, 0.0030076982884443973], [0.19947486782985055, 0.141503883189596, 0.003020384274862756, 0.014301155646935244, 0.6386793247838927, 0.003020384274862756], [0.483616133562823, 0.2644220969636493, 0.0030004028686675963, 0.020751611536291, 0.22520935219990143, 0.0030004028686675963], [0.7030301658735412, 0.20496801640540768, 0.0030228861313422463, 0.014580540977496963, 0.07137550448086973, 0.0030228861313422463], [0.7194376259734251, 0.19300953491122536, 0.0030154246267404287, 0.01411491398498561, 0.06740707587688297, 0.0030154246267404287], [0.7645256732345593, 0.16345397797028777, 0.003002798278663888, 0.011088342038038861, 0.05492641019978633, 0.003002798278663888], [0.8347587361352486, 0.11419240922324425, 0.0030068246536835304, 0.008559388193839284, 0.03647581714030075, 0.0030068246536835304], [0.07942860195005999, 0.08945287224002275, 0.003008941955226034, 0.007617472230021848, 0.8174831696694433, 0.003008941955226034], [0.8714814621444071, 0.08661777130466124, 0.0030012441769270318, 0.006723419087002522, 0.02917485911007507, 0.0030012441769270318], [0.0986320117892837, 0.13155529888482478, 0.0030114560958571356, 0.008856931652117907, 0.7549328454820593, 0.0030114560958571356], [0.11525307744165304, 0.18280660740813298, 0.003008863918719882, 0.010617059238289641, 0.6853055280744846, 0.003008863918719882], [0.7156529813910402, 0.21155910289294502, 0.003007040829452631, 0.012676553308499485, 0.05409728074861025, 0.003007040829452631], [0.44410938836440844, 0.3183754871315872, 0.0030113923984449505, 0.018449431698982662, 0.2130429080081318, 0.0030113923984449505], [0.7330329700078192, 0.18983877120874243, 0.003010182288337707, 0.012775155556144493, 0.058332738650618485, 0.003010182288337707], [0.14568693699160215, 0.149341527041244, 0.003012742615886361, 0.012738794706978578, 0.6862072560284026, 0.003012742615886361], [0.8215268996165783, 0.10532491946382702, 0.003008712300495762, 0.010388744713791137, 0.05674201160481207, 0.003008712300495762], [0.12122075984739264, 0.089449579488842, 0.003019354909969651, 0.009605704982758503, 0.7736852458610676, 0.003019354909969651], [0.8257694077327852, 0.10813654440380471, 0.0030144700883021043, 0.009542157434689063, 0.050522950252116755, 0.0030144700883021043], [0.7800829171969376, 0.14178589532520836, 0.0030030332018791276, 0.011359910886654402, 0.06076521018744143, 0.0030030332018791276], [0.7492547703409419, 0.1658797152546803, 0.003007319450364514, 0.012233996712091534, 0.06661687879155728, 0.003007319450364514], [0.1597346974675887, 0.16000274384020408, 0.0030218486635097304, 0.012651157145812626, 0.6615677042193753, 0.0030218486635097304], [0.759965145838207, 0.16511150233989808, 0.0030036376294035913, 0.011560371215433993, 0.05735570534765386, 0.0030036376294035913], [0.10437107088231799, 0.12954386321980474, 0.0030024405309841576, 0.009777690785003998, 0.750302494