{"prediction": [[[0.9468247329050438, 0.007959254149820117, 0.0032781821782754735, 0.0032781821782754735, 0.03538146641030974, 0.0032781821782754735], [0.8916745776011843, 0.02504556417281171, 0.014378236484446994, 0.007777481704652857, 0.05730000000180087, 0.003824140035103286], [0.9113310085530487, 0.02559972114491957, 0.005735897197897342, 0.006354225775337448, 0.047373947298375504, 0.0036052000304213705], [0.9156709973930169, 0.01976412741949201, 0.005267756300991663, 0.004910436279703784, 0.05077658218655502, 0.003610100420240719], [0.9113647668131016, 0.02020600942862654, 0.006556380115607239, 0.004444835539423706, 0.053755440629414515, 0.0036725674738265096], [0.9138732918638941, 0.02640339184594422, 0.004283170003328393, 0.00397903273840338, 0.04784454760345507, 0.0036165659449748978], [0.9151625055292107, 0.019110234090824154, 0.010105514833948184, 0.003574435618058512, 0.048472874309900015, 0.003574435618058512], [0.9336162378941345, 0.015326823813578236, 0.006670885514655293, 0.0033538661594265527, 0.0376783204587789, 0.0033538661594265527], [0.9251551604692422, 0.017866711781641936, 0.0062985158738709515, 0.0034694669726645605, 0.04374067792991581, 0.0034694669726645605], [0.9252733602828069, 0.016922158957512787, 0.009581482242361548, 0.003432489141795279, 0.0413580202337282, 0.003432489141795279], [0.9184142963938963, 0.020534913368327037, 0.007368882954044236, 0.003543219329577507, 0.04659546862457757, 0.003543219329577507], [0.935911276316947, 0.010366873846561762, 0.003906487016114484, 0.003408720376206565, 0.04299792206796357, 0.003408720376206565], [0.9352277490018759, 0.011239425755028018, 0.003417071066650239, 0.003417071066650239, 0.04328161204314538, 0.003417071066650239], [0.9313500206566007, 0.01487218610012065, 0.0034401499519084713, 0.0034401499519084713, 0.043457343387553415, 0.0034401499519084713], [0.9374689932817841, 0.014190744826249067, 0.004242676557575545, 0.0033386952502678954, 0.037420194833855475, 0.0033386952502678954], [0.9060610406828665, 0.01651652486456519, 0.004185878663461342, 0.0038846859191457674, 0.06546718395081533, 0.0038846859191457674], [0.9194485672578309, 0.017906850434937657, 0.004883653821772128, 0.0035902265909372845, 0.05058047530358479, 0.0035902265909372845], [0.9260461025344793, 0.016338947689843578, 0.004283899108372438, 0.0035005173777799, 0.04633001591174476, 0.0035005173777799], [0.9105231433236837, 0.024157026525152666, 0.008845639894184989, 0.003628240467403969, 0.049217709322170594, 0.003628240467403969], [0.9241718927994409, 0.019016896228584924, 0.005045571315593401, 0.0034940934836858663, 0.04477745268900914, 0.0034940934836858663], [0.9309059132472585, 0.020574123666673726, 0.003917776747525421, 0.0033923232326418585, 0.03781753987325861, 0.0033923232326418585], [0.9239149651800201, 0.02421117845841796, 0.0034832986782592085, 0.0034832986782592085, 0.04142396032678423, 0.0034832986782592085], [0.9280768006130354, 0.02029993065818579, 0.004483766362378411, 0.003429049350200128, 0.040281403666000075, 0.003429049350200128], [0.9560479983337792, 0.014415356106763057, 0.0031255340787200527, 0.0031255340787200527, 0.02016004332329768, 0.0031255340787200527], [0.945961820272627, 0.012716893255192834, 0.0032452504169795723, 0.0032452504169795723, 0.03158553522124153, 0.0032452504169795723], [0.944188329649301, 0.01188564151379264, 0.003275771809360466, 0.003275771809360466, 0.03409871340882493, 0.003275771809360466], [0.9527097692030625, 0.012523898477578087, 0.0031661484020493458, 0.0031661484020493458, 0.025267887113211446, 0.0031661484020493458], [0.9322930644251388, 0.01492257519907561, 0.0037345252770891817, 0.0034196531693805356, 0.04221052875993542, 0.0034196531693805356], [0.9411487882579816, 0.014149876848946055, 0.003298644812454024, 0.003298644812454024, 0.03480540045571006, 0.003298644812454024], [0.9352585666456564, 0.01711004342186416, 0.0035354850229737888, 0.0033572589455110936, 0.037381387018483515, 0.0033572589455110936], [0.9234258791629596, 0.018655435007316208, 0.005340971485893518, 0.0035053495551529102, 0.045567015233524855, 0.0035053495551529102], [0.9324213662876981, 0.01373642993385004, 0.0062804284787021745, 0.0033921628542014845, 0.04077744959134663, 0.0033921628542014845], [0.905565828959389, 0.021835757668109343, 0.009867929633528838, 0.003725583174094993, 0.05527931739078295, 0.003725583174094993], [0.906258869771491, 0.025046358750328183, 0.008667792771973567, 0.0036999909062526326, 0.05262699689370181, 0.0036999909062526326], [0.8788810573986169, 0.034342998221819944, 0.01437439865821327, 0.004344310756230726, 0.06399879093784606, 0.004058444027273018], [0.9097684871294102, 0.030121829478848134, 0.006368306202327128, 0.0036372237855650997, 0.046466929618284455, 0.0036372237855650997], [0.9152479494290477, 0.026049765653234927, 0.009123380792973925, 0.0035320482985243275, 0.042514807527694654, 0.0035320482985243275], [0.9173709165471655, 0.02381566038913833, 0.005629112815490902, 0.0035601082349476718, 0.04606409377830998, 0.0035601082349476718], [0.9102147469533016, 0.0219036862362474, 0.011587683087181097, 0.003615260423067074, 0.04906336287713585, 0.003615260423067074], [0.9616124421329557, 0.00684386110530578, 0.003110428266490359, 0.003110428266490359, 0.022212411962267583, 0.003110428266490359]], [[0.9099742775954389, 0.022353742439393205, 0.011976061528568461, 0.006166631153610097, 0.04596006305748016, 0.003569224225509304], [0.0865268421475958, 0.15762114548664347, 0.15707704375217585, 0.020678434356637715, 0.5750850440410762, 0.003011490215871005], [0.6162252690567788, 0.13872820493766105, 0.1826319334273488, 0.020482755094597432, 0.03890368992033199, 0.0030281475632820995], [0.6110350678308173, 0.15240683479921263, 0.1708334130564468, 0.022033687534572265, 0.04066075072823827, 0.003030246050712754], [0.703728583163003, 0.11394525934691004, 0.1183974152066713, 0.018506760149065722, 0.042272170908674224, 0.0031498112256757305], [0.7376432810321197, 0.10769041410378125, 0.10470263087963706, 0.016175675959713445, 0.03070256893877027, 0.0030854290859783948], [0.07391251390200403, 0.10112529823013824, 0.10158083365678026, 0.015178192652435652, 0.705111595114073, 0.0030915664445688436], [0.6601218463777456, 0.12653206720023427, 0.13920662749426796, 0.019348942276484073, 0.05178422331150016, 0.0030062933397679544], [0.6121736003098022, 0.1389916910662325, 0.18659022942276343, 0.01893959787507743, 0.04028187779009664, 0.0030230035360280134], [0.5982894890283668, 0.13904701208785236, 0.19366556779275407, 0.020783548600573482, 0.045198615010893665, 0.0030157674795595647], [0.6133311983713192, 0.12388387118475354, 0.20114780970558038, 0.019269292592016866, 0.03935797242726123, 0.0030098557190689173], [0.6937306159988171, 0.11536866309603076, 0.1336411404221915, 0.017267543963806267, 0.03698022166040758, 0.0030118148587468013], [0.08801894619203228, 0.08295081027521793, 0.07872084600033862, 0.013562738083637208, 0.7336744995654918, 0.0030721598832821762], [0.8215376121499104, 0.07655223220123494, 0.05928213831319903, 0.012390620426067736, 0.02722559717704035, 0.0030117997325475143], [0.8191378959084863, 0.07833762462293609, 0.06128895476879619, 0.012470625017769653, 0.025753037244005426, 0.003011862438006172], [0.8012989431549207, 0.0856220247466435, 0.07283228406224913, 0.012657404233165536, 0.024571571390477324, 0.0030177724125438833], [0.7710391738001966, 0.0861942196930137, 0.09882363318523919, 0.01290043051422821, 0.0279941917634647, 0.0030483510438575794], [0.6537757918210604, 0.15703854486868526, 0.13413218137915234, 0.0164828453452503, 0.035551851589479974, 0.0030187849963717187], [0.6411421969989236, 0.14597800976225814, 0.16384653024564977, 0.015916122140783556, 0.030102409531496135, 0.003014731320888969], [0.6465842796606075, 0.14046452194270737, 0.16746700044828838, 0.015886769277629203, 0.02658812466379691, 0.00300930400697079], [0.7460629491648989, 0.10177101211863245, 0.11406004870859726, 0.012857561015004093, 0.02215918719196079, 0.003089241800906526], [0.03643098640601349, 0.10206881583209937, 0.08802963097936106, 0.010858850195706775, 0.7595678161594985, 0.003043900427320764], [0.8108824663490043, 0.08529307792643223, 0.07688867307468719, 0.009118099965656577, 0.01480151190474718, 0.003016170779472568], [0.8874880855924494, 0.05613308154644749, 0.038617186295242, 0.005622106237305888, 0.009096417160465511, 0.0030431231680897964], [0.9137075488070106, 0.044805697296985816, 0.02812930102397376, 0.00385007452964711, 0.006497544629022734, 0.0030098337133599644], [0.01195878960528592, 0.04240843379424412, 0.023673509175153835, 0.0035132639339001182, 0.9154327904492605, 0.0030132130421555163], [0.9227446239533176, 0.041122575673713545, 0.02430016542126553, 0.003254642270025, 0.005572747158364423, 0.0030052455233138754], [0.015108721888089878, 0.04057754110142451, 0.02595818522341289, 0.0039549927999236725, 0.9113858733026726, 0.0030146856844763445], [0.8884446615565241, 0.05839097151182993, 0.03552164794310797, 0.005674426401477989, 0.008931138699880022, 0.0030371538871800103], [0.8114182344046603, 0.08881931491120934, 0.07036160197316217, 0.010094740437099502, 0.01629344168869491, 0.003012666585173642], [0.7766414236229247, 0.10059553225386161, 0.09207758443940514, 0.010664781425292664, 0.016978737976110717, 0.003041940282405168], [0.7278606109352908, 0.10836450182554928, 0.12427611431987946, 0.013712606957731374, 0.022674071255764445, 0.0031120947057846735], [0.6279376072004602, 0.16443676835774174, 0.16298286158306036, 0.016040800376377444, 0.02559067555292502, 0.003011286929435169], [0.613749749448682, 0.13892437362512267, 0.18448158917613297, 0.028740648435466466, 0.031070524277953194, 0.003033115036642764], [0.6414228342659511, 0.1593643412568397, 0.15113676972800508, 0.016608325617478617, 0.02846338473009703, 0.0030043444016285684], [0.7023487969382125, 0.1319702899658349, 0.12073803808649956, 0.014610677300122039, 0.027241564792861956, 0.0030906329164689435], [0.7757181216671775, 0.09737271855193733, 0.0867110413781716, 0.013213738631657845, 0.02394838270613438, 0.003035997064921285], [0.7935867916159722, 0.09523429309188304, 0.07706726047168624, 0.011746582459611363, 0.019342296329310494, 0.003022776031536622], [0.8784238387439186, 0.06053219808528322, 0.03907454528403412, 0.006779821114502491, 0.012135275105439379, 0.0030543216668222507], [0.9280750429800296, 0.01401112458709758, 0.009244044222300678, 0.0034197902960928393, 0.04183020761838657, 0.0034197902960928393]], [[0.8880294625056775, 0.03755622963489973, 0.007787945894353765, 0.00664906949747395, 0.05606039801867408, 0.003916894448921175], [0.574551993962977, 0.1533924473834734, 0.21038964521025572, 0.021680308049079763, 0.03691306648777898, 0.003072538906435225], [0.5718695911870573, 0.35065221882961667, 0.003066101032634912, 0.023749992816201854, 0.0475959951018544, 0.003066101032634912], [0.5803037822206778, 0.34284492785783255, 0.00305659812075732, 0.023497177438496542, 0.0472409162414785, 0.00305659812075732], [0.6060274087927594, 0.3133547184552408, 0.0030287202620510097, 0.02326634193393363, 0.05129409029396402, 0.0030287202620510097], [0.6828272898912006, 0.23058161657976092, 0.003156067151733836, 0.021052933711971523, 0.05922602551359938, 0.003156067151733836], [0.6405622797690315, 0.2525710944640124, 0.003001726924387083, 0.024474213696619146, 0.07638895822156293, 0.003001726924387083], [0.6678365409695625, 0.24008132477236974, 0.003004663594269604, 0.024309679762662066, 0.06176312730686642, 0.003004663594269604], [0.6084167826960141, 0.28569591718969956, 0.0030195322532177767, 0.03566329642569882, 0.06418493918215187, 0.0030195322532177767], [0.32310981935504934, 0.4796288848304372, 0.0030105751871545555, 0.03764719530187888, 0.1535929501383255, 0.0030105751871545555], [0.14425796256512355, 0.28568938222060186, 0.003005821413246932, 0.02353931956356428, 0.5405016928242165, 0.003005821413246932], [0.6719940770721137, 0.241667684878748, 0.0030019893554755974, 0.02276076925540258, 0.057573490082784506, 0.0030019893554755974], [0.7014172560456029, 0.2083661177450896, 0.0030109567442006867, 0.023036078599403566, 0.0611586341215026, 0.0030109567442006867], [0.764513943167285, 0.15580634449452185, 0.003056646697623291, 0.01875419764210149, 0.054812221300845045, 0.003056646697623291], [0.76869003914188, 0.16382217676214395, 0.003039521476497206, 0.018830036987079392, 0.042578704155902224, 0.003039521476497206], [0.11846883497661599, 0.18786964878882056, 0.0030374571270941307, 0.019918303835091765, 0.6676682981452835, 0.0030374571270941307], [0.641180473821878, 0.2982103861439501, 0.0030040516413889556, 0.019094297293837097, 0.03550673945755686, 0.0030040516413889556], [0.6181822063961043, 0.31984965522930525, 0.0030154763932829704, 0.019214614836830977, 0.036722570751193666, 0.0030154763932829704], [0.09213620272536115, 0.3571225105870792, 0.0030426198055404307, 0.019558601628129637, 0.5250974454483492, 0.0030426198055404307], [0.5968026032813827, 0.34378809841294844, 0.0030328302043086514, 0.01987958481289346, 0.03346405308415828, 0.0030328302043086514], [0.6208621280685531, 0.3290748381301934, 0.003026684776228874, 0.016591448215384063, 0.02741821603341163, 0.003026684776228874], [0.7459214903035358, 0.21204481132500896, 0.0030760742824367227, 0.013344503005658257, 0.02253704680092358, 0.0030760742824367227], [0.7744942229627453, 0.184974051316221, 0.0030374436512411412, 0.012814799578580855, 0.02164203883997062, 0.0030374436512411412], [0.8272066728231183, 0.1361997751365199, 0.0030032879150156764, 0.010595663591711286, 0.019991312618619184, 0.0030032879150156764], [0.8923377737565977, 0.08572837419819462, 0.003035348475575259, 0.006281227693577383, 0.009581927400479693, 0.003035348475575259], [0.9174181461357863, 0.06631869698769907, 0.0030084682371113794, 0.003982450815225134, 0.006263769587066718, 0.0030084682371113794], [0.905933907412688, 0.07534220156403092, 0.0030197004697130104, 0.0049851111413047175, 0.007699378942550387, 0.0030197004697130104], [0.017227869785577235, 0.08116132333632779, 0.003022549849678219, 0.004910787295692886, 0.8906549198830457, 0.003022549849678219], [0.8124427705512886, 0.15154991910803484, 0.0030082052668135156, 0.011301003779189857, 0.018689896027859657, 0.0030082052668135156], [0.7851371762608066, 0.1756126126502932, 0.003023114801666043, 0.012293925936592323, 0.020910055548975903, 0.003023114801666043], [0.0586434480256968, 0.22718074696084575, 0.003081093349363894, 0.0268415535173391, 0.6811720647973907, 0.003081093349363894], [0.6293033080962028, 0.31877994537879556, 0.0030373564687128114, 0.017551737035628276, 0.02829029655194781, 0.0030373564687128114], [0.07665671615103359, 0.38894045015873197, 0.0030574122435910976, 0.021060205256178466, 0.5072278039468737, 0.0030574122435910976], [0.5571390755539344, 0.3729068550509328, 0.0030493234718999233, 0.02209822121913815, 0.04175720123219482, 0.0030493234718999233], [0.5802482484517606, 0.34784839525223216, 0.003066281476433072, 0.03058051925259626, 0.03519027409054481, 0.003066281476433072], [0.6348412445845343, 0.29503347238926475, 0.003029632726354404, 0.01918613753494884, 0.04487988003854352, 0.003029632726354404], [0.7240268571866232, 0.2177582992297658, 0.003084289366169759, 0.017759338275923575, 0.03428692657534798, 0.003084289366169759], [0.7677805370015419, 0.18008472778106493, 0.0030287665316690864, 0.01576021672651537, 0.03031698542753958, 0.0030287665316690864], [0.7955639856211593, 0.08880506389753738, 0.07612018981829069, 0.012769478533757535, 0.023723295705425623, 0.0030179864238294505], [0.9501699824909102, 0.01252201888151988, 0.003194726951005295, 0.003194726951005295, 0.027723817774554037, 0.003194726951005295]], [[0.9190641811486155, 0.026815840234384013, 0.008755291012286899, 0.005361033461043995, 0.03655538566944302, 0.003448268474226597], [0.5691171103711918, 0.16771104783275928, 0.19155542749847695, 0.022733678356221886, 0.04581238043659405, 0.003070355504756031], [0.30607459992499114, 0.5157340584605495, 0.003023908994501448, 0.036112802717222614, 0.1360307209082338, 0.003023908994501448], [0.5581810674248934, 0.36135735885638287, 0.0030807176146572055, 0.023074487165868626, 0.05122565132354076, 0.0030807176146572055], [0.12613786950440822, 0.3228058378295798, 0.0030338736628710127, 0.024453141206923438, 0.5205354041333466, 0.0030338736628710127], [0.6220986680359034, 0.2847169985278226, 0.0030166170183551187, 0.026285158629229418, 0.060865940770334345, 0.0030166170183551187], [0.7162164584150865, 0.1923617969115164, 0.0031044559071374566, 0.02329917013872753, 0.0619136627203947, 0.0031044559071374566], [0.6591458575713665, 0.2348854151262826, 0.0030226409459385693, 0.026346342795017536, 0.0735771026154564, 0.0030226409459385693], [0.6613175346856184, 0.24151409019986694, 0.003008025842404439, 0.024644972172591748, 0.06650735125711402, 0.003008025842404439], [0.6158075607719202, 0.28431231467491275, 0.0030115962026692, 0.023724538177502686, 0.07013239397032602, 0.0030115962026692], [0.6466285961538148, 0.2567806826051307, 0.003010473282268595, 0.032341856812169535, 0.05822791786434789, 0.003010473282268595], [0.6842786492196771, 0.2355932165094354, 0.003010257033327615, 0.021616583511268342, 0.05249103669296391, 0.003010257033327615], [0.6720352217648504, 0.22657062138745, 0.0030124449412595117, 0.025626972970439435, 0.06974229399474118, 0.0030124449412595117], [0.6676000983474857, 0.24180862202071335, 0.003017452588340279, 0.02432944323307733, 0.06022693122204315, 0.003017452588340279], [0.7423698838947662, 0.17358986490310357, 0.003082082791632876, 0.022941425980006046, 0.05493465963885844, 0.003082082791632876], [0.6811830944111893, 0.2345119367220786, 0.00300220899417318, 0.02355030768968033, 0.05475024318870545, 0.00300220899417318], [0.6425434165423375, 0.28201588259322863, 0.0030017929821439812, 0.023071419914552298, 0.04636569498559366, 0.0030017929821439812], [0.5868912406217454, 0.34256595732135536, 0.003009471819253134, 0.020906698831330207, 0.043617159587062755, 0.003009471819253134], [0.29725200993589285, 0.5259803724152295, 0.003004285825435586, 0.03128175205718828, 0.1394772939408182, 0.003004285825435586], [0.09313642698271601, 0.3615519802919741, 0.003037921793116724, 0.03628380599248256, 0.5029519431465939, 0.003037921793116724], [0.6083840077826692, 0.3288999795522545, 0.0030220455026090036, 0.02149048151172671, 0.0351814401481317, 0.0030220455026090036], [0.07642109768260935, 0.30012773901706913, 0.003022566186796832, 0.019875301623842923, 0.5975307293028849, 0.003022566186796832], [0.7494457417380276, 0.19914126053078599, 0.0030590539445050267, 0.016368632273859037, 0.028926257568317182, 0.0030590539445050267], [0.8040367467547068, 0.15317675935381614, 0.0030089543756999593, 0.013140663412170536, 0.023627921727906644, 0.0030089543756999593], [0.04282928712901387, 0.12062242068426661, 0.003007874319151964, 0.009291890445072287, 0.8212406531033433, 0.003007874319151964], [0.9033846036334551, 0.07703496431055239, 0.0030227670519318707, 0.005480181025974661, 0.008054716926154228, 0.0030227670519318707], [0.01750558578028399, 0.07149235856096568, 0.0030120825268718956, 0.0047497438950348725, 0.9002281467099716, 0.0030120825268718956], [0.03792742252507391, 0.12356077658624458, 0.0030093170955265867, 0.008752178238599157, 0.8237409884590292, 0.0030093170955265867], [0.8076063052528123, 0.1553056431225285, 0.0030094612144114376, 0.011616962167914508, 0.01945216702792181, 0.0030094612144114376], [0.7481478173226452, 0.20321509469265228, 0.003055858156427373, 0.015544608389243974, 0.026980763282603806, 0.003055858156427373], [0.6597126064211412, 0.28212494656966913, 0.0030122468855462445, 0.018899381554046746, 0.03323857168405066, 0.0030122468855462445], [0.6206204924158846, 0.3247287439019796, 0.0030178072112330666, 0.018026767876303352, 0.030588381383366482, 0.0030178072112330666], [0.5579295137894571, 0.3712690491919457, 0.003047247178146305, 0.021318797024561548, 0.04338814563774307, 0.003047247178146305], [0.3059754200504895, 0.504156329022621, 0.0030171185667996767, 0.03313896050234149, 0.15069505329094887, 0.0030171185667996767], [0.5759647873850893, 0.34532289756997064, 0.003026715646592266, 0.024189034878400982, 0.04846984887335452, 0.003026715646592266], [0.10923642454632641, 0.32843217630483895, 0.0030102499448128655, 0.025284620808025647, 0.5310262784511832, 0.0030102499448128655], [0.6390275746947577, 0.2700646677876909, 0.003008775123252757, 0.02538674375932415, 0.05950346351172193, 0.003008775123252757], [0.7117502125033146, 0.21486836855571861, 0.003049663877665148, 0.02100757105913246, 0.04627452012650416, 0.003049663877665148], [0.7922703643547404, 0.08747451307932437, 0.07709519431342987, 0.013229878509711048, 0.02690984123264104, 0.0030202085101530725], [0.9373486794461418, 0.01619417545258551, 0.004663770378383076, 0.0033184146974293074, 0.03515654532803114, 0.0033184146974293074]], [[0.9030005561530252, 0.029928626315461487, 0.009152520846688399, 0.004683065772023876, 0.04953698160440936, 0.0036982493083916722], [0.5623470732356998, 0.15872510610793064, 0.21425857077133306, 0.02180551647182675, 0.03977852514172691, 0.0030852082714829467], [0.5657479855464996, 0.3593502140269323, 0.003075872410289543, 0.022394829462055895, 0.04635522614393322, 0.003075872410289543], [0.5664239815494925, 0.3584627358334604, 0.0030751758952587806, 0.023257151421104075, 0.04570577940542553, 0.0030751758952587806], [0.6028252872235792, 0.32094889477108013, 0.0030341054033348027, 0.023057104937191493, 0.04710050226147966, 0.0030341054033348027], [0.11452632886716622, 0.2151596522702732, 0.0031224864925875713, 0.040269451438299006, 0.6237995944390864, 0.0031224864925875713], [0.1473028342376983, 0.17760071245464107, 0.0030751433344767933, 0.02394547327598467, 0.6450006933627225, 0.0030751433344767933], [0.6718875499815595, 0.2203175372251027, 0.003031348655791029, 0.02648537216096758, 0.07524684332078828, 0.003031348655791029], [0.6767960925241727, 0.21643927385821649, 0.0030192633415241856, 0.02765680874494419, 0.07306929818961841, 0.0030192633415241856], [0.6690373062028758, 0.22670734610864696, 0.0030155343874419135, 0.024593823506502095, 0.07363045540709139, 0.0030155343874419135], [0.6801451422299389, 0.23034828727547646, 0.0030043964235993742, 0.0224168818673856, 0.06108089578000037, 0.0030043964235993742], [0.6422381384992862, 0.24260300867768078, 0.003001785785690072, 0.025367542542343503, 0.08378773870930929, 0.003001785785690072], [0.6458637690785873, 0.26033960078772506, 0.0030078002428597546, 0.025531269565890545, 0.06224976008207764, 0.0030078002428597546], [0.1383254589328976, 0.25883090420821697, 0.003003952357410576, 0.039382335966764374, 0.5574533961772998, 0.003003952357410576], [0.6914041507720943, 0.22301641040717757, 0.0030039649885620703, 0.024103479067756648, 0.05546802977584736, 0.0030039649885620703], [0.6936003138598883, 0.2017043926232939, 0.003039632410639576, 0.022970406594630118, 0.0756456221009087, 0.003039632410639576], [0.12804573107367184, 0.29710335901145524, 0.0030067922898638928, 0.025988036828107956, 0.5428492885070373, 0.0030067922898638928], [0.6035505045297446, 0.32527695260351625, 0.0030174628112211686, 0.020656812749984477, 0.04448080449431232, 0.0030174628112211686], [0.567269715406838, 0.3453125480979461, 0.0030353970730499593, 0.022733657444979207, 0.05861328490413681, 0.0030353970730499593], [0.5637206398246137, 0.3633992522306056, 0.0030213212348142527, 0.02167710007597287, 0.04516036539917922, 0.0030213212348142527], [0.6284487076742502, 0.30834923548189813, 0.003030231804621582, 0.019966332697582363, 0.03717526053702618, 0.003030231804621582], [0.7197566950263858, 0.2138107111783247, 0.003082017570687832, 0.030290941494805518, 0.029977617159108357, 0.003082017570687832], [0.7666459538178872, 0.1830013585788017, 0.0030377613561982687, 0.016889514293531756, 0.02738765059738272, 0.0030377613561982687], [0.8096015300180973, 0.14646264001758458, 0.003005574189844441, 0.013772570363503406, 0.024152111221125788, 0.003005574189844441], [0.8887081288158051, 0.08600037852963023, 0.003041923986652643, 0.007714375851338783, 0.011493268829920628, 0.003041923986652643], [0.9093384066844401, 0.07185122025045859, 0.003015570826726724, 0.0051431627371752615, 0.007636068674472579, 0.003015570826726724], [0.9061924683662766, 0.07465900166549806, 0.0030192317104025764, 0.005211059871500835, 0.007899006675919449, 0.0030192317104025764], [0.8995900521466329, 0.08070146629455091, 0.0030281544507535694, 0.005431267122735884, 0.008220905534573206, 0.0030281544507535694], [0.8163303471774132, 0.1451145177248963, 0.0030044959787048136, 0.011933325531599818, 0.020612817608681184, 0.0030044959787048136], [0.7765112577180415, 0.18060432529130288, 0.003027486892572272, 0.013734910111787861, 0.023094533093723228, 0.003027486892572272], [0.7412823220072338, 0.2134350565146572, 0.003070278723785433, 0.014428051710839883, 0.02471401231969852, 0.003070278723785433], [0.6272368767847537, 0.3150325963118863, 0.003011883673108003, 0.018394511100872608, 0.0333122484562714, 0.003011883673108003], [0.5819321245067014, 0.35024061934243045, 0.0030282485541949845, 0.02010500939187656, 0.041665749650601554, 0.0030282485541949845], [0.5634026776145116, 0.35406541220713095, 0.003034749012651307, 0.023685811142352742, 0.05277660101070229, 0.003034749012651307], [0.5992373496448963, 0.31999755531327234, 0.0030344970230938547, 0.023482363801047294, 0.05121373719459638, 0.0030344970230938547], [0.6352003452326622, 0.2893844255521143, 0.003001489979114092, 0.02323750613615087, 0.046174743120844526, 0.003001489979114092], [0.10037832261987566, 0.21018104639885202, 0.003099091488040744, 0.021949626132787274, 0.6612928218724036, 0.003099091488040744], [0.7432968857631258, 0.1853728646857756, 0.0030539470351819238, 0.020629926862490242, 0.044592428618244535, 0.0030539470351819238], [0.05542642697005785, 0.09166044712546027, 0.08225473685414433, 0.012310248380944763, 0.7553195611532435, 0.00302857951614932], [0.9265819300131858, 0.01704781270552345, 0.0058315556709567186, 0.0034603802511123183, 0.04361794110810943, 0.0034603802511123183]], [[0.9347125637116388, 0.017332670683933207, 0.005284203800032982, 0.003498753221932962, 0.03583414151468552, 0.003337667067776543], [0.6071588446873697, 0.1549860317397027, 0.17515563560678513, 0.020581021077090738, 0.03908458911020857, 0.0030338777788431995], [0.6002440647842884, 0.3331210680747956, 0.003043959662304741, 0.019254111007168576, 0.04129283680913799, 0.003043959662304741], [0.5983921748753451, 0.3300809422675315, 0.0030414884902995203, 0.021346133536401968, 0.04409777234012248, 0.0030414884902995203], [0.10538616898297018, 0.24093723823318633, 0.003162588806163259, 0.022602556196233876, 0.6247488589752831, 0.003162588806163259], [0.7200173294989035, 0.20124978076375594, 0.003047467422929427, 0.02370709168798704, 0.04893086320349468, 0.003047467422929427], [0.14065929580951714, 0.21255829980538374, 0.0030211422990464873, 0.0408899917088369, 0.5998501280781693, 0.0030211422990464873], [0.6779081550466711, 0.22301866788905744, 0.0030228543948950357, 0.02624434488076269, 0.06678312339371874, 0.0030228543948950357], [0.6821524767562438, 0.20335925438025376, 0.0030341591384860267, 0.024972107172671062, 0.08344784341385936, 0.0030341591384860267], [0.16746136688890062, 0.204338887851825, 0.0030477707207962664, 0.036175430050141254, 0.5859287737675406, 0.0030477707207962664], [0.6649632577217014, 0.2200753639820929, 0.0030284614783719953, 0.026835308103078968, 0.08206914723638266, 0.0030284614783719953], [0.1861917541566172, 0.25533208608827557, 0.0030660202307402334, 0.027637088430451255, 0.5247070308631755, 0.0030660202307402334], [0.32092957756619944, 0.46866204007547935, 0.0030019756305102413, 0.057661695583511384, 0.14674273551378936, 0.0030019756305102413], [0.1521915295564795, 0.31326040409643224, 0.003022997374017273, 0.028651877961109355, 0.49985019363794436, 0.003022997374017273], [0.6453465309099433, 0.2567650629297671, 0.003003015804943562, 0.024016182097696615, 0.06786619245270568, 0.003003015804943562], [0.6803891717438202, 0.22878074482218236, 0.0030055051898314976, 0.024197759495905597, 0.06062131355842892, 0.0030055051898314976], [0.6867573327730745, 0.20159623109640126, 0.003088991590828426, 0.020643365154740006, 0.08482508779412751, 0.003088991590828426], [0.6273572945173461, 0.28838764373141257, 0.003005187516210152, 0.024629816461460844, 0.05361487025736015, 0.003005187516210152], [0.6165049325665838, 0.30941564361185414, 0.003009082158984849, 0.020506080881267867, 0.04755517862232454, 0.003009082158984849], [0.10606808513350342, 0.3124710680929938, 0.003007348294695509, 0.024375256598904153, 0.5510708935852076, 0.003007348294695509], [0.6906575019567863, 0.23898073281110144, 0.0031531700086412217, 0.019264457997629002, 0.044790967217200855, 0.0031531700086412217], [0.07575936485219747, 0.21211334248383112, 0.0030309992594127195, 0.016803486008614914, 0.6892618081365312, 0.0030309992594127195], [0.7825726167086263, 0.16645162060909818, 0.003020782748874242, 0.016368404449207494, 0.028565792735319492, 0.003020782748874242], [0.8649898620792139, 0.1009257180498402, 0.003096719390944102, 0.011096141739538249, 0.01679483934951954, 0.003096719390944102], [0.8888674008651913, 0.0861064305508309, 0.0030415340500156663, 0.007739218704722386, 0.011203881779224203, 0.0030415340500156663], [0.9040838038817699, 0.07413390582249206, 0.003021958025077983, 0.0060629727808612635, 0.009675401464720958, 0.003021958025077983], [0.9027113018326764, 0.07636520041921194, 0.0030235201878257394, 0.005990677225823847, 0.008885780146636475, 0.0030235201878257394], [0.898111753019247, 0.07878622634514221, 0.0030303669314885612, 0.0066503986231084625, 0.010390888149525303, 0.0030303669314885612], [0.8755325237731956, 0.09910228518019244, 0.0030610887660832368, 0.007808741792197034, 0.011434271722248418, 0.0030610887660832368], [0.05711457679327635, 0.15679598157841299, 0.0030048615263053003, 0.014421704087867367, 0.7656580144878328, 0.0030048615263053003], [0.0622317772917495, 0.18045573005437368, 0.0030205657049446654, 0.015563333458078837, 0.7357080277859086, 0.0030205657049446654], [0.7236680394036986, 0.2144115503506788, 0.0030823112417308327, 0.018279464618607653, 0.037476323143553286, 0.0030823112417308327], [0.6241247157518858, 0.3014716814428374, 0.0030031373415127746, 0.021591244992621873, 0.046806083129629444, 0.0030031373415127746], [0.6198340049474885, 0.3018243873330485, 0.003003714998927452, 0.022817404521224847, 0.04951677320038319, 0.003003714998927452], [0.6247828839709417, 0.287711056991429, 0.003003446512451486, 0.0244358589202313, 0.05706330709249517, 0.003003446512451486], [0.7045265938386129, 0.21432178557392062, 0.0031127605616225033, 0.022844262444610238, 0.052081837019611325, 0.0031127605616225033], [0.7209558144037357, 0.20519171692111485, 0.0030421070026924054, 0.020113040098795387, 0.047655214570969176, 0.0030421070026924054], [0.6964183280526578, 0.23670548384273216, 0.003003107894444209, 0.020985533039760237, 0.03988443927596146, 0.003003107894444209], [0.7726185816451496, 0.08994610564233001, 0.0936859988096806, 0.013463104660398122, 0.027247899012886247, 0.003038310229555147], [0.9320053747202002, 0.01329218018445933, 0.0037878473501720576, 0.0034407831377380378, 0.04403303146969249, 0.0034407831377380378]], [[0.9271171022591196, 0.015149921286146664, 0.00726782016644781, 0.0034497845261649792, 0.043565587235955994, 0.0034497845261649792], [0.0627490449686414, 0.11304428837130294, 0.1212623787327087, 0.015200620279986962, 0.6846139317484378, 0.0031297358989222607], [0.6228445908600417, 0.3040324320497667, 0.00302021166844298, 0.022090778198022906, 0.04499177555528264, 0.00302021166844298], [0.09851818123129456, 0.24013282724008425, 0.0031465047169111516, 0.02137962562451178, 0.6336763564702872, 0.0031465047169111516], [0.7234505186414704, 0.20300176804377443, 0.003080701854265995, 0.021722215161723877, 0.045664094444499384, 0.003080701854265995], [0.6867729779745345, 0.22517160195134198, 0.003017120408456649, 0.025369712311940722, 0.056651466945269395, 0.003017120408456649], [0.6718216943135256, 0.22432545936393597, 0.0030091158507761792, 0.03867502165254352, 0.05915959296844258, 0.0030091158507761792], [0.6796707468990301, 0.21998806040630853, 0.003011642302195838, 0.036578498659679715, 0.05773940943058998, 0.003011642302195838], [0.411858655087933, 0.3714128752726798, 0.003026533499448204, 0.03628678293691014, 0.17438861970358063, 0.003026533499448204], [0.6665408627189995, 0.19628245381346351, 0.003021596670436892, 0.02447824313231039, 0.10665524699435278, 0.003021596670436892], [0.6848021243753986, 0.20385728010340914, 0.0030290163892460475, 0.02627766564760567, 0.07900489709509445, 0.0030290163892460475], [0.6555212863676875, 0.2383943523714957, 0.003015966730861741, 0.02618658911166842, 0.07386583868742486, 0.003015966730861741], [0.1627876036999096, 0.28298612050509275, 0.0030138063909684243, 0.028198542741399553, 0.5200001202716613, 0.0030138063909684243], [0.6236505612350622, 0.300200005794824, 0.0030322635847844924, 0.02412893787512919, 0.045955967925415744, 0.0030322635847844924], [0.6801121808622974, 0.24183180593508055, 0.0030031591727638055, 0.022946223985644186, 0.04910347087145031, 0.0030031591727638055], [0.7342196764166956, 0.1895672270389844, 0.0030415801725135385, 0.0208276793312116, 0.04930225686808134, 0.0030415801725135385], [0.6996461380174094, 0.21967680686149696, 0.00300293136270655, 0.02274902539413423, 0.05192216700154633, 0.00300293136270655], [0.6697507719801544, 0.25161351821930183, 0.003002078203643029, 0.021117703547946187, 0.05151384984531145, 0.003002078203643029], [0.6450213815932646, 0.26936280252701805, 0.003002739788112945, 0.023666908121144147, 0.05594342818234728, 0.003002739788112945], [0.14078506502705518, 0.26186859812894364, 0.0030017154508100575, 0.023006536025737108, 0.5683363699166439, 0.0030017154508100575], [0.6523148876523175, 0.2603884910718658, 0.003008086242004767, 0.03401542954591559, 0.047265019245891604, 0.003008086242004767], [0.7234988634331017, 0.21036458405675534, 0.0030913883192667073, 0.020411805121265173, 0.03954197075034445, 0.0030913883192667073], [0.7682773062522504, 0.17603562942007514, 0.003033097112108812, 0.018112283827649546, 0.03150858627580727, 0.003033097112108812], [0.05450220077204284, 0.1449660429712251, 0.003002382978855053, 0.013712795377008341, 0.7808141949220136, 0.003002382978855053], [0.8786298539028388, 0.09166322766563827, 0.003063153430241723, 0.00942527024470144, 0.014155341326338087, 0.003063153430241723], [0.8928509691029644, 0.08122658201821922, 0.0030399433049583878, 0.00780846831724057, 0.012034093951658956, 0.0030399433049583878], [0.8957934588656141, 0.0783898642358561, 0.0030354973513509504, 0.007821438282484916, 0.011924243913342927, 0.0030354973513509504], [0.8847752851706554, 0.08714005185603772, 0.0030553814756678023, 0.008614339001331146, 0.013359561020640245, 0.0030553814756678023], [0.8122803524675232, 0.1384249615153682, 0.003002053546385146, 0.015699231462031418, 0.027591347462306865, 0.003002053546385146], [0.7943681254096806, 0.1527324412126375, 0.003008656813020642, 0.017034936907643718, 0.02984718284399707, 0.003008656813020642], [0.7763518284439574, 0.16460764115584575, 0.0030196201920036202, 0.01753648940990168, 0.035464800606287886, 0.0030196201920036202], [0.6994773197687676, 0.2236143336498252, 0.003003605242551156, 0.02282625432123947, 0.048074881775065505, 0.003003605242551156], [0.6891872354812848, 0.22951961680703656, 0.0030022235922971376, 0.023231320298134645, 0.052057380228949644, 0.0030022235922971376], [0.14442362615947343, 0.23386042360740372, 0.003014432988702259, 0.025914121644305566, 0.5897729626114128, 0.003014432988702259], [0.6871812811227918, 0.21566545526050507, 0.003011791505885433, 0.02656386107361253, 0.06456581953131975, 0.003011791505885433], [0.6659501678798175, 0.23354179043362633, 0.0030107538087674824, 0.02752493746007094, 0.06696159660895036, 0.0030107538087674824], [0.6741947097297246, 0.24129536978157365, 0.003001632429138558, 0.024157364195640407, 0.05434929143478424, 0.003001632429138558], [0.09626650659403356, 0.2856663994386131, 0.0030061473679901694, 0.021157056341977083, 0.5908977428893959, 0.0030061473679901694], [0.685057139131754, 0.13309928509876226, 0.13355387902692326, 0.016437844630737195, 0.028847777761764646, 0.00300407435005868], [0.9292926350082299, 0.012766499665313142, 0.006164482766339208, 0.0034555986221441112, 0.04486518531582966, 0.0034555986221441112]], [[0.9390284437919411, 0.011342357384221494, 0.003962845237973138, 0.003347011909613087, 0.03897232976663812, 0.003347011909613087], [0.7717661276189898, 0.09557444927781474, 0.0885074777160263, 0.013927641349229658, 0.02718517472140464, 0.0030391293165350597], [0.09433105027691521, 0.21839111596518485, 0.0031007931667066647, 0.021099494991747767, 0.6599767524327389, 0.0031007931667066647], [0.7426698423623492, 0.19110369272683472, 0.003053758646260026, 0.019780750658621157, 0.04033819695967489, 0.003053758646260026], [0.7523714098612034, 0.17855561459039168, 0.003043492284890787, 0.021477147393947682, 0.04150884358467564, 0.003043492284890787], [0.7238172706293641, 0.20274293784410968, 0.0030393491276195003, 0.02099603985762406, 0.04636505341366309, 0.0030393491276195003], [0.669235685104542, 0.25264433167626915, 0.003003827997125099, 0.021990119784702413, 0.05012220744023618, 0.003003827997125099], [0.11774007713034015, 0.29102916272739543, 0.0030011424345534336, 0.024063744820741768, 0.561164730452416, 0.0030011424345534336], [0.6643183385538316, 0.2430325755191969, 0.00300502302222525, 0.02379992936409083, 0.06283911051843014, 0.00300502302222525], [0.1624162577501137, 0.2119662853219301, 0.0030351224620598894, 0.02625411330785823, 0.5932930986959783, 0.0030351224620598894], [0.15034288105010968, 0.21252151601082486, 0.003040425289713252, 0.025235697829414948, 0.605819054530224, 0.003040425289713252], [0.14434504866005385, 0.20848263651749843, 0.0030279503806996404, 0.036787158810025394, 0.604329255251023, 0.0030279503806996404], [0.15517352650333174, 0.25247450140158684, 0.003002261955421011, 0.025089969844505386, 0.5612574783397342, 0.003002261955421011], [0.674382994074254, 0.2466166355001979, 0.003003111942913367, 0.022559276501467534, 0.05043487003825401, 0.003003111942913367], [0.7445930696375141, 0.18312795959947806, 0.0030693780279763103, 0.019822987146075555, 0.04631722756097966, 0.0030693780279763103], [0.708017514167409, 0.20806027913027564, 0.0030070299561499787, 0.023641368948778416, 0.05426677784123704, 0.0030070299561499787], [0.7128387776623734, 0.20582268955208416, 0.00300731616975447, 0.023141357286586343, 0.052182543159447044, 0.00300731616975447], [0.7084264728283504, 0.21192834572993025, 0.0030046644792378206, 0.02139235160581221, 0.052243500877431445, 0.0030046644792378206], [0.4338931241882915, 0.32447829187211563, 0.003056367621210096, 0.03106523320044371, 0.2044506154967289, 0.003056367621210096], [0.6641640510309202, 0.254797878707395, 0.0030020087876311626, 0.02219397280119001, 0.052840079885232545, 0.0030020087876311626], [0.6445517003932881, 0.2637946488810103, 0.0030076028218230196, 0.02283690872098459, 0.06280153636107112, 0.0030076028218230196], [0.653205281851367, 0.2762313073271529, 0.0030008190156911043, 0.021154546419087976, 0.04340722637100995, 0.0030008190156911043], [0.7124271510126606, 0.22775703515447163, 0.003053724972282164, 0.018261485179071252, 0.035446878709232264, 0.003053724972282164], [0.7839292598702968, 0.16712559553870418, 0.0030205165603119726, 0.015763147560959225, 0.02714096390941579, 0.0030205165603119726], [0.8151964409450803, 0.14129796289839724, 0.0030033947818983425, 0.013448053571728763, 0.024050753020997108, 0.0030033947818983425], [0.878646233173247, 0.09321103179248165, 0.003067072404375075, 0.008869484717427737, 0.013139105508093371, 0.003067072404375075], [0.8790678999216622, 0.09381992