{"prediction": [[[0.9483723661423548, 0.011192183572929476, 0.007829295535777776, 0.006797270713116054, 0.021324189256383897, 0.004484694779437852], [0.9258243426224873, 0.0174876132384047, 0.010549592073252395, 0.008848411610417084, 0.0319418261210404, 0.005348214334398272], [0.9205455492579873, 0.017028298508769035, 0.01030771755593357, 0.01074631207954316, 0.033807406124885156, 0.007564716472881828], [0.9292539049539762, 0.017959342278844933, 0.009238875274071629, 0.010730387745930475, 0.026314941305377346, 0.0065025484417994515], [0.9230655401795489, 0.0154548350411059, 0.011439626764459653, 0.010248693843813973, 0.032458591904087605, 0.007332712266984], [0.919946552173504, 0.016495467381431414, 0.012659320093397843, 0.011936719808511648, 0.030431526598840162, 0.00853041394431503], [0.9193748177241179, 0.015891090469312606, 0.01301290315078625, 0.012591738641481796, 0.03018820141991245, 0.008941248594389054], [0.9191764162550583, 0.014264519606249039, 0.013542063071502335, 0.011275608682826696, 0.033151781696348456, 0.008589610688015158], [0.9136077451164761, 0.017088770697787466, 0.014948278475574379, 0.013950660398203798, 0.030541053175244255, 0.00986349213671395], [0.9030563925638377, 0.022005611360821915, 0.015477938335120327, 0.01709260423700303, 0.03106080259152782, 0.011306650911689246], [0.9088436030892988, 0.018782339813566928, 0.015504631572126368, 0.016017380169181968, 0.030060491779134467, 0.010791553576691535], [0.9135242100661004, 0.018029577437294886, 0.013748075676244434, 0.014099098992170338, 0.03076193085835303, 0.00983710696983702], [0.9148618523206646, 0.01450725770390608, 0.012482108852081517, 0.011399652015221591, 0.03778168078770671, 0.008967448320419425], [0.9241396275294925, 0.013428379858874963, 0.011353238689698217, 0.010304074501866985, 0.03329949501088023, 0.007475184409187074], [0.9264512478622624, 0.010821274244875952, 0.009118968008622191, 0.007222067924279383, 0.04091532160920555, 0.005471120350754428], [0.9264514562137378, 0.009664852453297578, 0.009393137923353306, 0.006827848368877961, 0.042415665013930855, 0.005247040026802464], [0.9243889263531403, 0.009207534575592662, 0.009913690226350663, 0.00686319713791993, 0.043863430027922985, 0.005763221679073363], [0.9248431415401929, 0.011051206687311509, 0.011707034561926297, 0.008817568868626398, 0.03621770247144549, 0.007363345870497337], [0.9224230839586735, 0.013237852945634218, 0.01277674796080313, 0.010927026432490014, 0.03136708594699762, 0.009268202755401677], [0.9199899029214548, 0.014437872294468511, 0.014091414293782207, 0.012211604254870712, 0.029428197414954414, 0.009841008820469442], [0.9166619963706354, 0.016119224343880644, 0.014892910012019832, 0.014012479150593142, 0.028056624959943655, 0.010256765162927365], [0.9179765099651109, 0.016311705795398087, 0.013698762424299089, 0.013168136098369213, 0.029106936468447833, 0.009737949248374738], [0.9221982408501678, 0.015131163870954263, 0.011973704296262964, 0.011644313681858375, 0.03029333920003709, 0.00875923810071958], [0.9329140416292938, 0.00991372510070838, 0.010736566451256818, 0.007459674191221021, 0.03325806273820511, 0.005717929889314667], [0.9328928545805719, 0.009397939812338595, 0.008779651289667754, 0.005918843422190161, 0.038614791624663414, 0.004395919270568189], [0.9350056665798053, 0.010476548323640214, 0.007813335145071251, 0.006052145361598332, 0.03650771029815185, 0.004144594291733063], [0.9346810274721845, 0.010964634405010236, 0.009201107455924293, 0.007640719924890414, 0.03213914949081056, 0.005373361251180015], [0.9367759339944752, 0.007754817228592344, 0.007447199390999154, 0.004773110387785138, 0.03928532167844, 0.003963617319708025], [0.9407205548599201, 0.00799175438471507, 0.007329140248309085, 0.005034722513088499, 0.0350061653163041, 0.003917662677663147], [0.9275130901741444, 0.011238814079964222, 0.010212519675547444, 0.00828146951275521, 0.03639947503869044, 0.00635463151889829], [0.9253515165387353, 0.012434848624339285, 0.01261352986818294, 0.010258910333146394, 0.03122984837380647, 0.008111346261789575], [0.9162508053375265, 0.01688584474241428, 0.012255862860876765, 0.012988278884169315, 0.03236860966459653, 0.009250598510416628], [0.9141785313899465, 0.015471603619801723, 0.015770874579125956, 0.013257452815688697, 0.03140174194711811, 0.009919795648319067], [0.9081326979201818, 0.018975795848405086, 0.014958334842267615, 0.014895514767929668, 0.032066092844915794, 0.010971563776299879], [0.910474881250253, 0.01708249448968645, 0.014719525159042075, 0.01412415822802771, 0.03254774795523303, 0.011051192917757687], [0.9112921212701166, 0.01724368089010986, 0.013726898842777207, 0.013060900584567783, 0.03455799624150252, 0.010118402170926013], [0.9118828424471744, 0.01644076469601883, 0.013845622070850902, 0.012102874828173035, 0.036331924550571465, 0.009395971407211353], [0.921261725334184, 0.016284400453477822, 0.012506383997958727, 0.011273003544516796, 0.030409039812760604, 0.008265446857102085], [0.9242588746030492, 0.01412812854277597, 0.012114376232156216, 0.009674787254139653, 0.032803815393523915, 0.007020017974355073], [0.9418295012654746, 0.009964769632963315, 0.008544250283485095, 0.006745981931829134, 0.02784926389302659, 0.0050662329932213155]], [[0.9333691085194474, 0.015518034109800571, 0.010819416978632217, 0.0083853235143967, 0.026899331868091365, 0.005008785009631855], [0.01604304950746917, 0.009316635492188759, 0.006266281002140419, 0.0030184088970809804, 0.9623372162040398, 0.0030184088970809804], [0.9700319779050792, 0.011004474389488688, 0.007445769418224073, 0.0030043642680477813, 0.005509049751112559, 0.0030043642680477813], [0.9429493786445525, 0.022674988483216627, 0.012678721644046433, 0.00422970893789613, 0.014395783129487154, 0.003071419160801149], [0.021835017906647165, 0.012317947825407594, 0.007642104191473922, 0.003045772398808775, 0.9521133852788538, 0.003045772398808775], [0.9404577194879887, 0.019190922084752517, 0.01528118448222426, 0.0041672258093039555, 0.01787802710289014, 0.0030249210328405023], [0.9363250076667209, 0.021626789550702623, 0.01692069595200202, 0.004159756190090349, 0.017948802336032497, 0.003018948304451747], [0.9092932149717233, 0.02472821268130308, 0.033868964982146595, 0.004929877909724696, 0.02416659764722444, 0.003013131807877834], [0.10931314118584404, 0.047983037971238277, 0.06361113873615465, 0.009596870603605295, 0.7664534572379739, 0.003042354265183919], [0.81915024362671, 0.04409008452350013, 0.08171222913060533, 0.00997316854432016, 0.04205494373587816, 0.0030193304389862104], [0.8203849422048609, 0.049554419360301735, 0.07118879117810196, 0.010716084243864273, 0.04514342431250087, 0.003012338700370352], [0.8323776752500269, 0.041748045349559545, 0.07187024703270119, 0.009510831721614434, 0.04148207448796667, 0.0030111261581312414], [0.8478662132224991, 0.039547894784212015, 0.05784134840144322, 0.008397358237595897, 0.04333400544858662, 0.0030131799056632063], [0.8998318937533794, 0.028014046639611805, 0.03313693882920231, 0.00616730109592256, 0.0298212071801704, 0.0030286125017134568], [0.9222677473421257, 0.025026116072644985, 0.02084414567601626, 0.0047903659765307, 0.024053443514653345, 0.003018181418029103], [0.9237246968391719, 0.02176812764724282, 0.020784472354017446, 0.0042841536880049574, 0.026410723782135954, 0.0030278256894268906], [0.9155506698121284, 0.025063771035980443, 0.024055346206927126, 0.004951753388348983, 0.027355330114077064, 0.003023129442537912], [0.9026920355831499, 0.028414908493778212, 0.02706392469861728, 0.006276690816089071, 0.032515096273028433, 0.0030373441353370987], [0.8688676810740158, 0.027614267510638283, 0.024679416834415296, 0.023514560962031996, 0.03680577089364845, 0.018518302725250135], [0.8778808927350275, 0.023892074062054368, 0.025923742764487286, 0.02096412352822506, 0.03489346764406239, 0.01644569926614345], [0.12041333129401026, 0.0526765734366832, 0.06644908053731324, 0.011100402612639388, 0.7461820307178847, 0.0031785814014692253], [0.07879352067017693, 0.03869761197016198, 0.0502533823954971, 0.007579432700608342, 0.8215381165317266, 0.00313793573182909], [0.9149384996963044, 0.026218419932177484, 0.032766547344941076, 0.004381947664681014, 0.0186909108597398, 0.0030036745021562177], [0.9319409661173886, 0.02336302713240544, 0.021281956011721132, 0.004226404013678782, 0.0161753192954429, 0.0030123274293631323], [0.966558355323273, 0.011713802941778055, 0.008253653854980147, 0.0030082359378016954, 0.007457716004365407, 0.0030082359378016954], [0.025267940697287838, 0.011471635919317288, 0.0064463634939587846, 0.003069249213816634, 0.9506755614618028, 0.003069249213816634], [0.9715223923688221, 0.009977823381800687, 0.006030202789618728, 0.0030095697523599215, 0.006450441955038771, 0.0030095697523599215], [0.942147253241199, 0.017599235789333086, 0.01481693102269638, 0.004250880503934742, 0.01815469635318095, 0.003031003089655829], [0.9310893668601932, 0.02072496189510288, 0.019976373149179445, 0.004237531869613133, 0.020951724782735423, 0.003020041443175938], [0.9082090073535086, 0.02533387434788341, 0.031098427217081552, 0.005063190958522936, 0.02727633952669321, 0.0030191605963103838], [0.8505153911163753, 0.04536222724951602, 0.05156626582541725, 0.008449687102232642, 0.04109524872187015, 0.0030111799845886716], [0.8196000715656498, 0.04102511636509415, 0.07868692232434049, 0.009770112996483388, 0.0478949022159356, 0.003022874532496484], [0.8004016778852664, 0.053697768091564534, 0.07756098786233032, 0.012171661383999572, 0.05313899186818813, 0.0030289129086509296], [0.8226146036257431, 0.04214385197060819, 0.07348589034940406, 0.009873691694677446, 0.04886205601902446, 0.00301990634054251], [0.8621366709689701, 0.044414461041531204, 0.040757675566002384, 0.008428113448988545, 0.04123922751881897, 0.0030238514556887946], [0.9097402628741983, 0.02755408939272342, 0.0275475674861543, 0.005446343399842977, 0.026694663818473303, 0.003017073028607764], [0.06886861007758273, 0.026084194278934478, 0.02428117583477345, 0.00463229026868632, 0.8730635764334395, 0.0030701531065836256], [0.048377387119057216, 0.02195797515411228, 0.020934406952024136, 0.004220368917189907, 0.9014863952082988, 0.0030234666493177045], [0.042586732340097876, 0.018740212664104753, 0.014847477386966505, 0.004229917132626124, 0.9165644084476363, 0.003031252028568442], [0.9217967205608472, 0.014272107430577774, 0.012191126614209498, 0.009593933332521154, 0.03522889851954521, 0.006917213542299244]], [[0.9213133472379627, 0.017479985286583268, 0.011021129175197056, 0.010818845067544306, 0.03241154267156354, 0.006955150561149287], [0.9679867840257064, 0.011820982830173805, 0.009255321801368576, 0.0030018063330528163, 0.0049332986766454975, 0.0030018063330528163], [0.9295108816294485, 0.041082695156815695, 0.00301832112529328, 0.004803949468084337, 0.018565831495064886, 0.00301832112529328], [0.9163150775106893, 0.04799095196498124, 0.00301167511201176, 0.004795278932199135, 0.02487534136810691, 0.00301167511201176], [0.9164304025918313, 0.0464196556609435, 0.0030147019146231687, 0.004801645645959233, 0.026318892272019674, 0.0030147019146231687], [0.9166467083796546, 0.0477975530974619, 0.003011751496974932, 0.004797074430144446, 0.024735161098789198, 0.003011751496974932], [0.8925448552843533, 0.06582662877049182, 0.003010244023867125, 0.005549623030799457, 0.030058404866621282, 0.003010244023867125], [0.8340824533304046, 0.11312959752133686, 0.0030043909177091812, 0.006314549482196465, 0.04046461783064359, 0.0030043909177091812], [0.7877302516201535, 0.14841677684851978, 0.003021599228219526, 0.009274563928118405, 0.04853520914676922, 0.003021599228219526], [0.11968481357097598, 0.1576572687144225, 0.0030510737066197723, 0.009571579116108925, 0.706984191185253, 0.0030510737066197723], [0.5051150992887444, 0.2520734000065352, 0.0030206148097066915, 0.01717092440143714, 0.2195993466838698, 0.0030206148097066915], [0.7860123917630206, 0.15066576527832173, 0.0030236716939055146, 0.009414430982547262, 0.04786006858829941, 0.0030236716939055146], [0.8023073352544279, 0.13263176801400142, 0.0030087836075259108, 0.009386007576069322, 0.049657321940449556, 0.0030087836075259108], [0.8174613335957477, 0.11687458419084314, 0.0030056532315130093, 0.008697891002373639, 0.05095488474800955, 0.0030056532315130093], [0.8795365258232358, 0.07249230341120691, 0.0030263092415979947, 0.006214226959257754, 0.035704325323103574, 0.0030263092415979947], [0.8885885863398738, 0.0662519229011146, 0.0030147111183822664, 0.006035741614174098, 0.033094326908073006, 0.0030147111183822664], [0.8595575306929186, 0.09100751197755508, 0.0030422974403673795, 0.006760830434211879, 0.0365895320145798, 0.0030422974403673795], [0.7976743320546232, 0.13447324878667727, 0.0030088022556924734, 0.009480625993345442, 0.052354188653969215, 0.0030088022556924734], [0.1253127147929513, 0.06503125902647569, 0.07659992083979517, 0.014183463158809606, 0.7150805543429307, 0.0037920878390374658], [0.7898708615586677, 0.05911105735284995, 0.08816460268178382, 0.01229053079450347, 0.04753063240749788, 0.003032315204697206], [0.12587192358499802, 0.20271935700777186, 0.003140400768501827, 0.012769915652015617, 0.6523580022182108, 0.003140400768501827], [0.11086947979918599, 0.16485228291700654, 0.0030386361154937764, 0.010063474750995456, 0.7081374903018245, 0.0030386361154937764], [0.8574971910965585, 0.10206517246400747, 0.003043468296240425, 0.005906742368315957, 0.02844395747863698, 0.003043468296240425], [0.9023730676740732, 0.06253370914489069, 0.0030030375882852166, 0.004869426265257723, 0.02421772173920789, 0.0030030375882852166], [0.06971278129765562, 0.055627425383987676, 0.003031510509243867, 0.004969279105746464, 0.8636274931941225, 0.003031510509243867], [0.9586094589871791, 0.02272604743304633, 0.0030159380618944307, 0.0030159380618944307, 0.00961667939409121, 0.0030159380618944307], [0.9264715624388575, 0.0385114941228392, 0.0030251909220913344, 0.004903859146378562, 0.024062702447742116, 0.0030251909220913344], [0.9163711659615219, 0.04673820593274327, 0.003015407970281567, 0.004889440374894943, 0.025970371790276836, 0.003015407970281567], [0.8834855857008909, 0.07265113289941358, 0.00301454551492731, 0.005483594734762478, 0.032350595635078486, 0.00301454551492731], [0.8246757672205105, 0.12341463349386775, 0.0030048262901050753, 0.006355385662907703, 0.03954456104250398, 0.0030048262901050753], [0.7890328296264033, 0.15125920786921643, 0.003018608083247215, 0.007892939882520534, 0.04577780645536549, 0.003018608083247215], [0.75615750019148, 0.17317440525719513, 0.00305801457242259, 0.009472685993125576, 0.055079379413354175, 0.00305801457242259], [0.49498962764183496, 0.25965397452486233, 0.003021278791728783, 0.018632625506877304, 0.22068121474296798, 0.003021278791728783], [0.7585336378490889, 0.16467808468657702, 0.0030501287258537188, 0.011060696511054615, 0.059627323501571995, 0.0030501287258537188], [0.8003713675261851, 0.12886591791087548, 0.0030099760608216144, 0.009327149691520134, 0.055415612749775855, 0.0030099760608216144], [0.8272393167228441, 0.10363254560209087, 0.0030113603117094207, 0.009243727875964261, 0.053861689175681814, 0.0030113603117094207], [0.8296553276923687, 0.10798862236572443, 0.003006880704231464, 0.007744230712919263, 0.04859805782052475, 0.003006880704231464], [0.06932019217516307, 0.0647057486543794, 0.003026444874465066, 0.004960082959080416, 0.8549610864624471, 0.003026444874465066], [0.9321692479290097, 0.02277283381163849, 0.021497473150947667, 0.004226435378000096, 0.016321298607691197, 0.0030127111227129418], [0.9259416015607108, 0.013878600651596771, 0.011645540684758277, 0.010193219209655829, 0.03070465951008295, 0.0076363783831954095]], [[0.9149287650868265, 0.020712041506032848, 0.01203776546729878, 0.013436815410672636, 0.030534230852668882, 0.00835038167650035], [0.9414615765403845, 0.018622072595057108, 0.018002527690101973, 0.004160887364974331, 0.01473226401578652, 0.0030206717936954223], [0.8986804769466601, 0.06724863469715495, 0.003002378286186204, 0.004782311068875656, 0.0232838207149369, 0.003002378286186204], [0.10923624539942973, 0.06597091820269721, 0.0030300441099779516, 0.005037384951466966, 0.8136953632264502, 0.0030300441099779516], [0.09836002467904693, 0.05930304188811206, 0.0030156766834107443, 0.004927936810451648, 0.831377643255568, 0.0030156766834107443], [0.9026925877227658, 0.05452591897160979, 0.0030148733510633693, 0.005717100679536641, 0.031034645923961077, 0.0030148733510633693], [0.9079695711474096, 0.05486040115139107, 0.0030076781746688876, 0.004868390748023684, 0.026286280603838003, 0.0030076781746688876], [0.8668510079362474, 0.0861567928381434, 0.003033146248582311, 0.007222726534297915, 0.033703180194146795, 0.003033146248582311], [0.8044892660860243, 0.13592435252432514, 0.0030079404886639103, 0.008896790133894049, 0.04467371027842875, 0.0030079404886639103], [0.7749179392391773, 0.15892633549032553, 0.0030367700462042243, 0.010160203857189364, 0.04992198132089941, 0.0030367700462042243], [0.7802151279790338, 0.1520444444146451, 0.0030286572958561912, 0.010193093693688315, 0.05149001932092026, 0.0030286572958561912], [0.7772166722927882, 0.15211475066391134, 0.003033042657389653, 0.00985962481505856, 0.05474286691346265, 0.003033042657389653], [0.12040014430476559, 0.13207594343697196, 0.0030277560255867818, 0.010086244641113537, 0.7313821555659754, 0.0030277560255867818], [0.877450393906046, 0.07521781695725131, 0.0030237293623839034, 0.00694971330638763, 0.03433461710554714, 0.0030237293623839034], [0.8901708839568757, 0.06643583574830884, 0.003012344645759394, 0.006167526549775803, 0.031201064453520614, 0.003012344645759394], [0.8847046146670912, 0.06587251432519262, 0.0030241425823711227, 0.006701786789839735, 0.0366727990531343, 0.0030241425823711227], [0.818727227840319, 0.11797446021457288, 0.003003384345982778, 0.008568948498471986, 0.04872259475467048, 0.003003384345982778], [0.7891774857255647, 0.14284777133362273, 0.003014549150201416, 0.009355089346105613, 0.05259055529430425, 0.003014549150201416], [0.7617476525154162, 0.16972990054741136, 0.0030462673313212947, 0.011981991520261245, 0.050447920754268676, 0.0030462673313212947], [0.4822120551469141, 0.2849574711493637, 0.0030529747608121125, 0.01762516522570093, 0.20909935895639706, 0.0030529747608121125], [0.7459966943593771, 0.185423688724337, 0.003078038847111004, 0.011893258756214208, 0.05053028046584975, 0.003078038847111004], [0.770152062570385, 0.1624676999439623, 0.003033966699321841, 0.011331737228355482, 0.0499805668586536, 0.003033966699321841], [0.8019706106443262, 0.13837206025673532, 0.0030072374966829043, 0.00837124089297577, 0.04527161321259701, 0.0030072374966829043], [0.08077437251170136, 0.09096842915706246, 0.0030697119738354556, 0.006043822660481013, 0.8160739517230843, 0.0030697119738354556], [0.06941813999905352, 0.053989167576991286, 0.0030321399017178945, 0.0049696739255145955, 0.8655587386950049, 0.0030321399017178945], [0.9183411080690462, 0.048047209934565294, 0.0030120572861411683, 0.004884048771128764, 0.02270351865297734, 0.0030120572861411683], [0.9591202186096235, 0.02266016966560649, 0.0030135600083978503, 0.0030135600083978503, 0.00917893169957665, 0.0030135600083978503], [0.9126326872656344, 0.05165773346026371, 0.003009579840216146, 0.0048807136287849955, 0.02480970596488475, 0.003009579840216146], [0.8998433413286181, 0.06391627544756806, 0.003003583609890375, 0.004872168374910166, 0.025361047629122946, 0.003003583609890375], [0.869206351286109, 0.08982850351829727, 0.00302323015400559, 0.005730490636189085, 0.02918819425139324, 0.00302323015400559], [0.8038685186238673, 0.14036116517529654, 0.0030083964676409012, 0.00788574254947779, 0.04186778071607628, 0.0030083964676409012], [0.781744211263937, 0.1518601913321064, 0.0030212552798799543, 0.009587466869082604, 0.05076561997511386, 0.0030212552798799543], [0.7731621483179074, 0.15070037609216277, 0.0030308046184372053, 0.010696504698882925, 0.059379361654172576, 0.0030308046184372053], [0.7808925945938269, 0.1363011465325468, 0.003030648284120898, 0.011121543542414628, 0.06562341876296984, 0.003030648284120898], [0.793839329945553, 0.12816397929207282, 0.003018006374182106, 0.010699167828687507, 0.061261510185322485, 0.003018006374182106], [0.13039166609819255, 0.11997133926699301, 0.0030351955776886635, 0.009410359410834105, 0.734156244068603, 0.0030351955776886635], [0.8030641189004445, 0.1255474339723673, 0.003009053702599407, 0.009779792692929572, 0.05559054702905975, 0.003009053702599407], [0.8280476321252446, 0.11877797216228131, 0.003003116424189224, 0.007654786049393917, 0.039513376814701705, 0.003003116424189224], [0.9170388940220434, 0.02749952305332181, 0.02544202989034944, 0.004790781065080391, 0.022219687445437116, 0.0030090845237679058], [0.9100426227132857, 0.017275516688631115, 0.012196553092542653, 0.012677101045026532, 0.0388823854926293, 0.008925820967884782]], [[0.9118408114996972, 0.0196661805139955, 0.013236634764533465, 0.014281499213904212, 0.03136765534094745, 0.009607218666922164], [0.9212796788839496, 0.025586073792586435, 0.026044717041645397, 0.004367744060633783, 0.019715512193342388, 0.003006274027842633], [0.8733311174018321, 0.08623867918037897, 0.003022040650883828, 0.005745303692381732, 0.028640818423639573, 0.003022040650883828], [0.1167623488772736, 0.13448078555641685, 0.0030229990503000547, 0.00862313657807345, 0.7340877308876361, 0.0030229990503000547], [0.876528827061654, 0.08072631192588423, 0.0030190395629275885, 0.006167870141298004, 0.030538911745308556, 0.0030190395629275885], [0.10477286486063843, 0.06401151300472327, 0.0030220688787156794, 0.006192646479189851, 0.8189788378980171, 0.0030220688787156794], [0.8880764960602464, 0.0646947220624659, 0.00301988024504187, 0.006868105855872961, 0.034320915531331146, 0.00301988024504187], [0.115651214618861, 0.09289380961995417, 0.0030301117433897537, 0.007914172560453847, 0.7774805797139515, 0.0030301117433897537], [0.7894194375524612, 0.14496454239559556, 0.0030186781171642283, 0.009821207475087749, 0.049757456342526915, 0.0030186781171642283], [0.781051994650739, 0.14811443914808736, 0.003027669146344914, 0.010256056229034262, 0.054522171679449616, 0.003027669146344914], [0.14936682249462055, 0.16552090473909964, 0.003132855795495811, 0.011975651546810928, 0.6668709096284773, 0.003132855795495811], [0.1258810783648995, 0.13938773992579392, 0.003041770085358604, 0.010133132497891153, 0.7185145090406982, 0.003041770085358604], [0.8519658824939049, 0.09695728269467839, 0.0030644987167076847, 0.007178635666879246, 0.03776920171112209, 0.0030644987167076847], [0.8885880385545655, 0.06851569291731129, 0.003012456120588708, 0.005869459434825562, 0.03100189685212025, 0.003012456120588708], [0.90537990812251, 0.05335638284113592, 0.0030132620184578837, 0.005468881739268869, 0.029768303260169608, 0.0030132620184578837], [0.9054638371694855, 0.05337450101725924, 0.0030129957537142833, 0.005547947296132419, 0.029587723009694204, 0.0030129957537142833], [0.8864526946759234, 0.06826371793664501, 0.003013981961309091, 0.006442132672209679, 0.03281349079260377, 0.003013981961309091], [0.8080491828684704, 0.12816710302064213, 0.0030031865832020233, 0.009556000800285349, 0.048221340144198266, 0.0030031865832020233], [0.7741351607369656, 0.15153632737765627, 0.003028572913422661, 0.010843107764165107, 0.057428258294367825, 0.003028572913422661], [0.7580447243049903, 0.16520864173125321, 0.0030507598071801752, 0.011144590984817331, 0.059500523364578874, 0.0030507598071801752], [0.7682118894476987, 0.16180901208354787, 0.003036675358568889, 0.010405207386794096, 0.05350054036482167, 0.003036675358568889], [0.7818512026653447, 0.15573425734338972, 0.003023010929532882, 0.009506989785901521, 0.04686152834629854, 0.003023010929532882], [0.8571930623619204, 0.09902818832449523, 0.003041926334884641, 0.006567929096066738, 0.031126967547748404, 0.003041926334884641], [0.8887195979946139, 0.07263612715783267, 0.003005100276710399, 0.005721203505608938, 0.026912870788523734, 0.003005100276710399], [0.9110243749790949, 0.05452769424428588, 0.0030065851181708294, 0.004876656511509559, 0.023558104028767783, 0.0030065851181708294], [0.9585314505384565, 0.0236873710761331, 0.0030111019234448262, 0.0030111019234448262, 0.008747872615076105, 0.0030111019234448262], [0.9524827948930175, 0.027925393034137207, 0.003021779563567723, 0.003021779563567723, 0.010526473382142236, 0.003021779563567723], [0.9538172738307324, 0.028168589469493722, 0.003012741908803258, 0.003012741908803258, 0.008975910973364077, 0.003012741908803258], [0.06524098377479651, 0.061868270134588205, 0.0030196732393909945, 0.004949092669461872, 0.8619023069423714, 0.0030196732393909945], [0.8887400247432357, 0.0714470156036133, 0.0030069821875368286, 0.005382566742487219, 0.0284164285355901, 0.0030069821875368286], [0.0774259086622306, 0.0932595667453739, 0.0030625312322266596, 0.006240703443116698, 0.8169487586848255, 0.0030625312322266596], [0.8051182114101677, 0.13329676073884564, 0.0030052792338467094, 0.00844540091781791, 0.04712906846547544, 0.0030052792338467094], [0.7902037001952202, 0.13490133837722199, 0.0030171431108356093, 0.009975171604750373, 0.05888550360113635, 0.0030171431108356093], [0.15081781361729635, 0.12364439527172945, 0.0030810730636642064, 0.009626739525397906, 0.709748905458248, 0.0030810730636642064], [0.7910136256109638, 0.1258107703869398, 0.0030278574598594475, 0.010691191578687096, 0.06642869750369036, 0.0030278574598594475], [0.803803786080569, 0.12377973794074716, 0.003009444740139974, 0.01012216184941763, 0.056275424648986314, 0.003009444740139974], [0.801281320231901, 0.1307899001561502, 0.003006713518522954, 0.009847418122417873, 0.05206793445248501, 0.003006713518522954], [0.7871486125333282, 0.14668298099287289, 0.0030148164052869806, 0.010395159266722482, 0.04974361439650246, 0.0030148164052869806], [0.8596970566276019, 0.04366579759116283, 0.046598312902495144, 0.008337733133767528, 0.038685217591711056, 0.0030158821532615685], [0.9073909862603563, 0.019957032361176248, 0.013734496440903753, 0.015506352584924405, 0.03279626832125575, 0.010614864031383517]], [[0.9116240858877764, 0.018591053497733035, 0.013424030747055893, 0.014189655113704748, 0.03209101212482431, 0.010080162628905518], [0.8971385131324476, 0.028821921677059496, 0.034135919790154685, 0.006282192370702143, 0.03058958866455963, 0.0030318643650764296], [0.8136380067641026, 0.12746949387251877, 0.0030034858190522524, 0.00866904957350244, 0.04421647815177161, 0.0030034858190522524], [0.792029558721064, 0.14308732639276173, 0.0030161324852602954, 0.009828979840764421, 0.04902187007488906, 0.0030161324852602954], [0.7865861839468826, 0.1455348600901391, 0.0030056930871368947, 0.010088806325330478, 0.05177876346337399, 0.0030056930871368947], [0.865780588098109, 0.08314327225311743, 0.0030427811773295, 0.007070131053132457, 0.037920446240982085, 0.0030427811773295], [0.8483137632416965, 0.08263409390185533, 0.003027760776865058, 0.009002530475017687, 0.05399409082770031, 0.003027760776865058], [0.8355902865039463, 0.09138514227100697, 0.00302213953495012, 0.010054419370488104, 0.05692587278465848, 0.00302213953495012], [0.8128257928635001, 0.11934328834765298, 0.003006214323639289, 0.0097842837797341, 0.052034206361834416, 0.003006214323639289], [0.5065210103421063, 0.22189105425192232, 0.0030050849246517396, 0.014760243239754417, 0.2508175223169135, 0.0030050849246517396], [0.7897466189116237, 0.1346269223268936, 0.003023419619577461, 0.009997925734109602, 0.059581693788218267, 0.003023419619577461], [0.7969707040306823, 0.1294164141146596, 0.003017078655139843, 0.009843146741341879, 0.05773557780303646, 0.003017078655139843], [0.13458751608033506, 0.11553017846880077, 0.0030499387997010405, 0.010059185081016204, 0.7337232427704459, 0.0030499387997010405], [0.881698356301545, 0.07015718976860509, 0.0030244046001176106, 0.006637769351246664, 0.035457875378368, 0.0030244046001176106], [0.07323484007960505, 0.05451244987705938, 0.0030431384769155126, 0.005176534085971785, 0.8609898990035328, 0.0030431384769155126], [0.07637344952744217, 0.04729556869984638, 0.003054650736520529, 0.005009091417467948, 0.8652125888822024, 0.003054650736520529], [0.9054353473953095, 0.05393130403482712, 0.0030117833214196948, 0.005540166723225648, 0.029069615203798346, 0.0030117833214196948], [0.08743308264579179, 0.07739857477569355, 0.0030801863438685967, 0.006892103474757675, 0.8221158664160199, 0.0030801863438685967], [0.7937707205311827, 0.1378162716702574, 0.003011215029710767, 0.009493901346424067, 0.052896676392714316, 0.003011215029710767], [0.13465024408957046, 0.13800049269008965, 0.003048309007341572, 0.00987784602613711, 0.7113747991795195, 0.003048309007341572], [0.11946644720762008, 0.1406063932931638, 0.003024257060236802, 0.009779620757658826, 0.7240990246210837, 0.003024257060236802], [0.8506475046485412, 0.10207563498302238, 0.0030559252054127464, 0.006795167843166558, 0.03436984211444435, 0.0030559252054127464], [0.8884356268851242, 0.07218406399522671, 0.003006344708954489, 0.005494075471576216, 0.027873544230163964, 0.003006344708954489], [0.8997316883923611, 0.06223865362824861, 0.0030048165009888567, 0.005302766240523283, 0.02671725873688937, 0.0030048165009888567], [0.9210374937270756, 0.04667710207600858, 0.0030133677689639514, 0.004886234506983099, 0.02137243415200486, 0.0030133677689639514], [0.9556703238309896, 0.0260786914423258, 0.0030133461966675335, 0.0030133461966675335, 0.009210946136682135, 0.0030133461966675335], [0.02503522662717553, 0.025130529395470946, 0.003054737598250426, 0.003054737598250426, 0.9406700311826023, 0.003054737598250426], [0.9185305717091171, 0.04554403452504272, 0.003016031003822455, 0.004891165091478498, 0.025002166666716796, 0.003016031003822455], [0.0680800147131131, 0.05391167827532333, 0.003029576382712938, 0.004967103684984196, 0.8669820505611535, 0.003029576382712938], [0.8941531211391368, 0.06091320968525252, 0.0030152365230018477, 0.005962816107894948, 0.03294038002171205, 0.0030152365230018477], [0.8886973193138891, 0.06607477166474637, 0.003014753702623867, 0.0060771178734882105, 0.0331212837426287, 0.003014753702623867], [0.0894634095693003, 0.08753434361113972, 0.0030967027854485116, 0.007869323556443068, 0.8089395176922198, 0.0030967027854485116], [0.8144882254048913, 0.10639980534875472, 0.003023005361369097, 0.00983265350998755, 0.06323330501362819, 0.003023005361369097], [0.797132071564029, 0.11632486099193402, 0.0030358485017397668, 0.010377761290128023, 0.07009360915042946, 0.0030358485017397668], [0.15035413800648012, 0.11917799036861078, 0.003079293268933522, 0.009596028438429258, 0.7147132566486128, 0.003079293268933522], [0.7933621561054197, 0.13117130098258042, 0.0030149064540610925, 0.010683094006766139, 0.05875363599711153, 0.0030149064540610925], [0.507026263611985, 0.23725799911010056, 0.00300535484999557, 0.017153695018275458, 0.23255133255964805, 0.00300535484999557], [0.12229782161754191, 0.157422037140345, 0.0030436154267016826, 0.010504051762955298, 0.7036888586257544, 0.0030436154267016826], [0.8311950865033184, 0.0421364299573699, 0.0708815932686978, 0.009102441976381803, 0.04367295810938155, 0.0030114901848505974], [0.9135267555784403, 0.017337243673275993, 0.014414594326289967, 0.014614272662946607, 0.029394277811013777, 0.0107128559480334]], [[0.9093245987430671, 0.01866892259235561, 0.014415339938331006, 0.015059328606033024, 0.03127506593024087, 0.011256744189972344], [0.8325736807176064, 0.04214333947813264, 0.06934182348569855, 0.008757353053940903, 0.04415905098517961, 0.0030247522794420523], [0.7676263688840212, 0.16402488867699538, 0.00304676774738604, 0.01081591838117691, 0.05143928856303444, 0.00304676774738604], [0.7757644362300791, 0.15495373017510203, 0.0030338876176145982, 0.010617138937473913, 0.05259691942211576, 0.0030338876176145982], [0.7784396024789797, 0.1544761181730383, 0.0030305964434398864, 0.010706287311869754, 0.050316799149232615, 0.0030305964434398864], [0.1480233205880098, 0.1298613374742296, 0.0030159364369478562, 0.010370657602594988, 0.70571281146127, 0.0030159364369478562], [0.09972892775665454, 0.07988724195277243, 0.0031483921227182013, 0.0077289632702218425, 0.8063580827749147, 0.0031483921227182013], [0.8425953628433154, 0.0871835690540468, 0.0030247747820903803, 0.008776153235603799, 0.05539536530285332, 0.0030247747820903803], [0.14435349303569073, 0.11604705421493436, 0.0030731066775882485, 0.011073102212948573, 0.7223801371812498, 0.0030731066775882485], [0.7876151610279759, 0.12420617416426304, 0.0030013500645635067, 0.009467438084066047, 0.07270852659456802, 0.0030013500645635067], [0.14001758815706383, 0.13394146225947473, 0.0030684440015172447, 0.011042773430448443, 0.7088612881499785, 0.0030684440015172447], [0.7840605447764809, 0.13951850709757085, 0.003016864813690725, 0.010909266894391933, 0.05947795160417491, 0.003016864813690725], [0.8011146336922184, 0.12517349507626163, 0.0030147015043387212, 0.010214617928319694, 0.05746785029452298, 0.0030147015043387212], [0.8390411054100313, 0.09858179261167888, 0.0030106897893827276, 0.007577551231204867, 0.048778171168319596, 0.0030106897893827276], [0.07838046259091659, 0.0594829813580567, 0.003054968623671372, 0.005692108201582382, 0.8503345106021016, 0.003054968623671372], [0.9106510298316027, 0.04900900308928363, 0.0030169445629487385, 0.004987887773646267, 0.029318190179569992, 0.0030169445629487385], [0.9032527846611785, 0.05377684684738338, 0.003015398109602499, 0.0057393404552982434, 0.031200231816934914, 0.003015398109602499], [0.8800244654538383, 0.07069506212470472, 0.0030250480777364594, 0.006489192541315524, 0.03674118372466835, 0.0030250480777364594], [0.811300875884844, 0.11760757080730756, 0.0030096351765005838, 0.009004785226256938, 0.05606749772859049, 0.0030096351765005838], [0.8021468253344867, 0.12004136002072609, 0.0030190589807469596, 0.009422651820272611, 0.06235104486302084, 0.0030190589807469596], [0.8053397497773198, 0.1207870013259383, 0.0030147057962458673, 0.008479027721834934, 0.05936480958241518, 0.0030147057962458673], [0.078582527276278, 0.07578453712492961, 0.0030497474503874233, 0.006692006583544228, 0.8328414341144733, 0.0030497474503874233], [0.07154331806665218, 0.0645066370817838, 0.003030444839358852, 0.0060229089344919495, 0.8518662462383544, 0.003030444839358852], [0.07281931316069576, 0.054755322284670685, 0.0030388666642043294, 0.005080498498876396, 0.8612671327273486, 0.0030388666642043294], [0.9063147648512315, 0.052887397136617366, 0.003013243701133909, 0.005366025560723818, 0.02940532504915952, 0.003013243701133909], [0.9216426255390826, 0.04457792776794723, 0.003016145027684378, 0.0048905346377955865, 0.02285662199980597, 0.003016145027684378], [0.9167891224465959, 0.048602689639095545, 0.0030118475204350538, 0.004883669351579722, 0.02370082352185878, 0.0030118475204350538], [0.9130659518007549, 0.05141709352889923, 0.0030096620119081556, 0.004881536445271212, 0.024616094201258425, 0.0030096620119081556], [0.884968103907908, 0.06879627256501437, 0.0030165808924112426, 0.006354362782735888, 0.03384809895951934, 0.0030165808924112426], [0.8477507437700487, 0.08407217595578903, 0.0030298047196817258, 0.00808658696146648, 0.05403088387333245, 0.0030298047196817258], [0.8851728636647511, 0.06312477578501437, 0.003031176252927034, 0.00687399965741481, 0.03876600838696563, 0.003031176252927034], [0.12915324369530226, 0.09159750285547677, 0.003047161625123071, 0.008999879045893696, 0.7641550511530811, 0.003047161625123071], [0.8170305419071101, 0.10206142742386043, 0.003030525862321704, 0.00912678108769019, 0.06572019785669608, 0.003030525862321704], [0.810238607424636, 0.10881639980998352, 0.0030239340391229447, 0.010559387483566019, 0.06433773720356838, 0.0030239340391229447], [0.8046798293216588, 0.12000336981053988, 0.0030129847014656905, 0.01025182837228449, 0.05903900309258548, 0.0030129847014656905], [0.7968025745071575, 0.1313550714827011, 0.003010371491268363, 0.010394882317766372, 0.055426728709838315, 0.003010371491268363], [0.7799035060896242, 0.15056764653849197, 0.0030222987458978787, 0.010091894808842572, 0.05339235507124556, 0.0030222987458978787], [0.7822880403099156, 0.15549378843884437, 0.0030224285987851996, 0.00968478158378525, 0.0464885324698844, 0.0030224285987851996], [0.8605853787303683, 0.05012662194550041, 0.044985751861107336, 0.008327116256480591, 0.03296194641764143, 0.0030131847889018487], [0.9182816536189066, 0.016650961285272447, 0.012841126150036249, 0.013283622658497066, 0.029450828530133553, 0.00949180775715416]], [[0.9045553065652758, 0.020504443333279554, 0.015038336291608497, 0.016951092848367582, 0.030740442312193094, 0.012210378649275513], [0.8155923853027304, 0.04537091562666447, 0.07133566094670056, 0.01118076483167788, 0.05348970479388252, 0.0030305684983442877], [0.1326850330110616, 0.16737102540473944, 0.0030917166199898147, 0.011318922114113065, 0.6824415862301062, 0.0030917166199898147], [0.49501369164449527, 0.2647606569726575, 0.003034472297126277, 0.018262086545479957, 0.21589462024311476, 0.003034472297126277], [0.7838536267443496, 0.14899752728786297, 0.0030235107300055687, 0.010811239988312023, 0.05029058451946435, 0.0030235107300055687], [0.8024628408375684, 0.12628204944572494, 0.0030118595251331483, 0.009965268139904147, 0.05526612252653631, 0.0030118595251331483], [0.8299955166153523, 0.10023878716399569, 0.0030126687109776553, 0.009632663982164285, 0.05410769481653242, 0.0030126687109776553], [0.8802009841684514, 0.06108247626298374, 0.0030633917396388592, 0.007308057359200701, 0.04528169873008648, 0.0030633917396388592], [0.8095657837095657, 0.1189101599078425, 0.0030213997057920014, 0.010048005336972986, 0.05543325163403486, 0.0030213997057920014], [0.13487741907633494, 0.13104588465436046, 0.0030545587660593806, 0.010873905824717187, 0.7170936729124687, 0.0030545587660593806], [0.7876868989694787, 0.1419901352084749, 0.0030094741595524826, 0.009699744787204524, 0.05460427271573707, 0.0030094741595524826], [0.5131576632906385, 0.2345559373308802, 0.0030073438189549173, 0.017085543739268988, 0.2291861680013026, 0.0030073438189549173], [0.12644050464738113, 0.12751735598688818, 0.003036047240088983, 0.009825714185368525, 0.7301443307001841, 0.003036047240088983], [0.8171749236482191, 0.11789191065412408, 0.0030045705068262496, 0.008983719169084099, 0.049940305514920284, 0.0030045705068262496], [0.11538298216785947, 0.08954870804127003, 0.003032890843983014, 0.007878070651032767, 0.7811244574518716, 0.003032890843983014], [0.08826544788426434, 0.06545197168677316, 0.003080778658074517, 0.00626000552591814, 0.8338610175868953, 0.003080778658074517], [0.882294790465204, 0.06905510100214059, 0.0030221701372462276, 0.006681674422123463, 0.03592409383603952, 0.0030221701372462276], [0.8205104089657248, 0.11014990099273994, 0.003007843117777289, 0.009742896338375199, 0.05358110746760564, 0.003007843117777289], [0.8073334362244317, 0.12072696489573159, 0.0030092990640672264, 0.009701096848768914, 0.05621990390293344, 0.0030092990640672264], [0.7941712498219482, 0.1266030972496569, 0.0030206389440855987, 0.010321006208560565, 0.06286336883166327, 0.0030206389440855987], [0.12890921693668184, 0.12116871935271663, 0.003032473629506319, 0.009672310455469105, 0.7341848059961198, 0.003032473629506319], [0.13498064651849243, 0.09948223820774217, 0.0030507552063425147, 0.00909270938546864, 0.7503428954756117, 0.0030507552063425147], [0.8878359455648881, 0.062094788708884824, 0.0030274270889953363, 0.006457352265461649, 0.037557059282774904, 0.0030274270889953363], [0.12059556161334031, 0.08891611279170479, 0.0030388446850063127, 0.008445931253909465, 0.7759647049710329, 0.0030388446850063127], [0.8955135857447561, 0.05848141562618143, 0.0030173305779333487, 0.006430037287209395, 0.033540300185986444, 0.0030173305779333487], [0.07162816542072473, 0.05933428719853981, 0.003032959283244333, 