{"prediction": [[[0.9066282226632534, 0.06941649983532736, 0.0036550891190746024, 0.0036550891190746024, 0.01299001014419536, 0.0036550891190746024], [0.8370475954382117, 0.0737290764860886, 0.023575386265471968, 0.004280720469290395, 0.057179955544027265, 0.004187265796910088], [0.8173216574946125, 0.08713829952074152, 0.013903905202519459, 0.004548745433678576, 0.07253864691476945, 0.004548745433678576], [0.8258204486280711, 0.07986537032051144, 0.023410796422863568, 0.004860661594323008, 0.06170555720775628, 0.004337165826474604], [0.8539962848350573, 0.07172466111277748, 0.016096637888452354, 0.0060548831980548464, 0.04811720560717422, 0.0040103273584836145], [0.8438115228149334, 0.07590859324802193, 0.02068767395604435, 0.005802867249782133, 0.04967432673021212, 0.004115016001006102], [0.8293677763323933, 0.07260039664540993, 0.030383099752019558, 0.005537329825947439, 0.057882498463195514, 0.004228898981034072], [0.818092555238134, 0.07796485420958767, 0.025387748520858323, 0.005677412484046501, 0.0684655420528562, 0.004411887494517451], [0.8683322095029181, 0.06092937572865454, 0.010989323567531671, 0.0058662922139831675, 0.05002579373074547, 0.0038570052561670933], [0.8342955286543731, 0.06994211862628034, 0.01537678461635335, 0.006572865110711879, 0.06955686630531716, 0.004255836686963997], [0.8679230503576049, 0.061311363593335624, 0.008152740120050187, 0.005151716944736438, 0.05356509919770876, 0.0038960297865639273], [0.8836476455865039, 0.05510827546741873, 0.009578760542067992, 0.0037067004933754024, 0.04425191741725862, 0.0037067004933754024], [0.8527032931561281, 0.062107962678697705, 0.019418008319977614, 0.004004174157530291, 0.05776238753013599, 0.004004174157530291], [0.8817791106218249, 0.05679423420529824, 0.00913257622888352, 0.0039606098838456194, 0.04460177015618873, 0.003731698903958978], [0.8359827106887382, 0.0715202248823261, 0.01816136481692064, 0.005023917151645524, 0.06508425734138577, 0.004227525118983766], [0.8547616752820684, 0.06216674971904435, 0.025209000658082157, 0.005562592089558608, 0.04837140878229581, 0.003928573468950765], [0.8112211898010788, 0.07781721350392942, 0.019548415334434868, 0.006360469398754347, 0.08050297936587028, 0.004549732595932194], [0.8557446394142129, 0.061190546905330136, 0.015680312072826906, 0.0058481005587945134, 0.057564124617750685, 0.003972276431084941], [0.8739329660393617, 0.05844366564752828, 0.02095355733170517, 0.0037493002967181454, 0.039171210387968655, 0.0037493002967181454], [0.8870238100724832, 0.05773965083754982, 0.013753116434350232, 0.0036542518633999772, 0.03417491892881671, 0.0036542518633999772], [0.8761640083117805, 0.06349257611392058, 0.017356886981655564, 0.0037630295787389008, 0.03546046943516557, 0.0037630295787389008], [0.9030142906443742, 0.05983017644137749, 0.015243749888879369, 0.003553683193136945, 0.014804416639095055, 0.003553683193136945], [0.9062475121959537, 0.05912297870500937, 0.007277053214528381, 0.003545365088378709, 0.0202617257077512, 0.003545365088378709], [0.8517572406014406, 0.07301565488996947, 0.019962720492749147, 0.004036844812606024, 0.0471906943906287, 0.004036844812606024], [0.8642098016636846, 0.06968123981202491, 0.01447793974405379, 0.003922559798851804, 0.0437858991825332, 0.003922559798851804], [0.8884298972662343, 0.06779162695413289, 0.009214861258905409, 0.0037227944029771852, 0.027118025714773016, 0.0037227944029771852], [0.8997209762611477, 0.06263342152219895, 0.0069376428511415825, 0.0036153584193917574, 0.023477242526728274, 0.0036153584193917574], [0.8826608145281484, 0.06325629484641215, 0.01683189680444551, 0.003707835919457745, 0.02983532198207855, 0.003707835919457745], [0.8937889090184254, 0.06149794612057173, 0.011568691867722582, 0.0036290471390887187, 0.02588635871510288, 0.0036290471390887187], [0.8886648879268028, 0.059404251529702565, 0.006000206087038246, 0.003695757004360461, 0.03853914044773562, 0.003695757004360461], [0.8825704788806495, 0.06124821889504423, 0.00907056271912143, 0.0037388479389981392, 0.03963304362718858, 0.0037388479389981392], [0.8754103735387422, 0.061462605454718953, 0.01623620831545344, 0.003766524619098373, 0.03935776345288881, 0.003766524619098373], [0.8902291992146834, 0.05692372845574837, 0.012628538304183572, 0.0036277032173484174, 0.03296312759068796, 0.0036277032173484174], [0.820708324861166, 0.07133544775640889, 0.022952021888523397, 0.004408285901724567, 0.07618763369045253, 0.004408285901724567], [0.8604403078884842, 0.06377549096403547, 0.01468779410274525, 0.003946302669621256, 0.05320380170549261, 0.003946302669621256], [0.8495702753279468, 0.06242282336640976, 0.02107843481370102, 0.0040320847969311, 0.058864296898080294, 0.0040320847969311], [0.8896857836632389, 0.05764619569983629, 0.011209483230695384, 0.0036431846735353055, 0.03417216805915884, 0.0036431846735353055], [0.8755697577132326, 0.0635667592268043, 0.009869391599974676, 0.0038126263261412585, 0.043368838807705964, 0.0038126263261412585], [0.8484361337917138, 0.06810704209065548, 0.01841416623844939, 0.0040712549498067106, 0.05690014797956797, 0.0040712549498067106], [0.911394583136545, 0.06597043072898373, 0.0035983180663015217, 0.0035983180663015217, 0.011840031935566602, 0.0035983180663015217]], [[0.8363524313457201, 0.07492448636482549, 0.019159902892361226, 0.00422906013096043, 0.061105059135172314, 0.00422906013096043], [0.88416268663367, 0.05236795598356872, 0.042469393765493794, 0.005073145454395284, 0.012924177228304676, 0.003002640934567549], [0.8577895304886121, 0.05843305227979099, 0.05740571649729285, 0.006777755361265629, 0.016584800506228868, 0.0030091448668095027], [0.05678612536674941, 0.07172336401881964, 0.08438502859870518, 0.009747254563879633, 0.7742952721090144, 0.0030629553428317257], [0.7256494920527691, 0.10128144123554608, 0.11526585945829065, 0.015414958211546183, 0.03937206556084676, 0.00301618348100144], [0.7072868108710032, 0.09598586196505227, 0.1289455140121943, 0.01793803424131891, 0.04681475577434641, 0.003029023136084816], [0.6889235976019861, 0.10063409209470249, 0.12913649234128155, 0.01894650537806766, 0.05933261325784458, 0.0030266993261176788], [0.7245157933130477, 0.09564416677945503, 0.11256473218379633, 0.016713314266368354, 0.04754989990099305, 0.003012093556339634], [0.7791268479123776, 0.07562990926534743, 0.08316506443484485, 0.013958599671995081, 0.045116443872468416, 0.0030031348429666645], [0.8351079371508259, 0.057051133639916825, 0.0509855088875185, 0.011256844407126357, 0.042558682895840784, 0.003039893018771563], [0.8176233603221872, 0.0431647816504567, 0.03618118979001259, 0.025682722525694566, 0.067329705374466, 0.010018240337182916], [0.8176539910282651, 0.06700417206757191, 0.057444553666834534, 0.01195999876742358, 0.042921172178989365, 0.003016112290915451], [0.07393127481716621, 0.05394920619267199, 0.07932969544886707, 0.009120081890576821, 0.7806351391969525, 0.0030346024537654444], [0.7831787672854068, 0.06940253182695982, 0.08793864553450188, 0.018932656209242664, 0.03753303256198369, 0.003014366581905161], [0.739204307128966, 0.07119151626236565, 0.13275088599908455, 0.012774699225735504, 0.04107540414766066, 0.0030031872361876697], [0.7685762746462813, 0.07914864304711032, 0.08671938642840835, 0.013462845320574643, 0.04908860164382106, 0.0030042489138043167], [0.7406365703221723, 0.057629406243148454, 0.06468787426145904, 0.03277291765051562, 0.09053014414066005, 0.013743087382044503], [0.759298323069712, 0.05493777476446521, 0.05251671383167666, 0.03073881094119295, 0.08927983746187719, 0.01322853993107612], [0.866784335864146, 0.04846909402407073, 0.043346087091099876, 0.00717147205398407, 0.03121954916461304, 0.003009461802086285], [0.9131340980743022, 0.03521340596865876, 0.031303876473931465, 0.004184629685927985, 0.013155072055811233, 0.0030089177413683424], [0.9235976282465712, 0.02968577135945213, 0.0292529650589113, 0.004192140824320057, 0.010255610802335616, 0.0030158837084097055], [0.014797391841488866, 0.020808223046786263, 0.018620912129731233, 0.0030055483081624958, 0.9397623763656687, 0.0030055483081624958], [0.9526218591365555, 0.020086577383741862, 0.016875838078158675, 0.003000735731236445, 0.004414253939071002, 0.003000735731236445], [0.02296476742512871, 0.02803000030825533, 0.027419698596401306, 0.004209449899490977, 0.9143521445154438, 0.0030239392552798556], [0.9581525990015706, 0.018514546616145464, 0.013555057686494693, 0.0030002115158749834, 0.003777373664039404, 0.0030002115158749834], [0.9600925522768834, 0.018069284075067225, 0.012271567333747022, 0.003000248218392837, 0.003566099877516715, 0.003000248218392837], [0.9583803186389359, 0.018368061958663476, 0.01343838749355155, 0.0030001028684402183, 0.0038130261719686196, 0.0030001028684402183], [0.021652609169135337, 0.028117303438763192, 0.025638612929640148, 0.004158869359384362, 0.9174090761276171, 0.0030235289754599205], [0.918885589312048, 0.0326505509900241, 0.03110839678233112, 0.004188354620614592, 0.010154480577037373, 0.003012627717944819], [0.9038791860513156, 0.03993276697937431, 0.03623933534777248, 0.0044240456892752755, 0.012519896571277818, 0.003004769360984619], [0.8828296080089255, 0.045711656071893494, 0.04718078984763243, 0.00566234116847958, 0.015614930747159332, 0.0030006741559094373], [0.8671258120565508, 0.049887912106115644, 0.055490854943365864, 0.006363750523091182, 0.01812837672529803, 0.0030032936455786515], [0.8592372693827742, 0.05221579343822656, 0.06136439249131427, 0.006522239403406534, 0.017652996539136927, 0.003007308745141495], [0.06635637320530166, 0.07647600395064792, 0.09677536719997044, 0.009966749887297888, 0.7474197027128454, 0.003005803043936581], [0.04807279522474949, 0.051697784027787456, 0.06405498923787056, 0.0065004139437729236, 0.8266629123040166, 0.0030111052618029418], [0.7480368234384991, 0.05583106470354246, 0.053618063511430204, 0.023244392665458583, 0.11046471105811571, 0.008804944622953894], [0.9112205489890498, 0.0381613494010367, 0.03201669736281398, 0.004183941187030002, 0.0114091557667611, 0.003008307293308447], [0.9499732854304923, 0.02379617996069403, 0.01632901271845451, 0.0030010962429870033, 0.003899329404384969, 0.0030010962429870033], [0.9558425861415321, 0.02105249022054975, 0.013615147835720019, 0.00300016473870091, 0.003489446324796274, 0.00300016473870091], [0.8704154528456575, 0.07002520091596351, 0.01917949534791818, 0.0038438523627016556, 0.03269214616505753, 0.0038438523627016556]], [[0.8503588004251649, 0.08111167421408583, 0.013606483914383932, 0.004126765176929785, 0.04666951109250585, 0.004126765176929785], [0.8727104468742259, 0.05383651371457851, 0.051048185431183904, 0.005585753137236517, 0.013814899955472767, 0.003004200887302301], [0.8057946558051939, 0.15586373376563634, 0.0030448481322851973, 0.008976465863989598, 0.023275448300609815, 0.0030448481322851973], [0.7299150314962056, 0.21269445706881332, 0.003014021819395847, 0.014832625340985905, 0.03652984245520358, 0.003014021819395847], [0.7119952617954856, 0.22352766574852645, 0.0030205482629009277, 0.016275219563979114, 0.042160756366207044, 0.0030205482629009277], [0.67985851015168, 0.24689674894792554, 0.003015384970866929, 0.017553572818165032, 0.04966039814049556, 0.003015384970866929], [0.40331041747178464, 0.366171976556047, 0.0030098036212821673, 0.04045951162524171, 0.18403848710436232, 0.0030098036212821673], [0.7059496230539124, 0.2013869028706952, 0.003008852149420351, 0.01859383754374559, 0.0680519322328062, 0.003008852149420351], [0.7247313703636076, 0.18396125103665284, 0.0030138622777732132, 0.018149043025344258, 0.06713061101884887, 0.0030138622777732132], [0.7449303229094733, 0.16634421480860065, 0.003009284540354738, 0.016893722499090148, 0.06581317070212643, 0.003009284540354738], [0.1264332663665417, 0.07892633244559273, 0.07858075338142251, 0.016091162971040924, 0.6969377978259973, 0.003030687009404795], [0.8233951391649501, 0.06057388965123246, 0.005461828108438442, 0.029527620335599986, 0.07624987833643002, 0.004791644403349038], [0.7624381319993612, 0.07844403606318304, 0.08740870580406238, 0.016435322256274348, 0.052265325007481205, 0.0030084788696379742], [0.7291386458328121, 0.19606089290540357, 0.0030048628534848046, 0.01658420988995196, 0.05220652566486297, 0.0030048628534848046], [0.7115317882836019, 0.2045658501995426, 0.003010748465779561, 0.025174611046913473, 0.052706253538382944, 0.003010748465779561], [0.4690111972305579, 0.29119164992993984, 0.003000548595949241, 0.026740854044071054, 0.20705520160353288, 0.003000548595949241], [0.113694731613536, 0.07797470774271077, 0.09829449345502661, 0.012454716710339809, 0.6945801670978606, 0.003001183380526287], [0.7822231595399364, 0.07505053948602397, 0.08362124029070045, 0.01332523166433706, 0.04277743216191308, 0.003002396857089043], [0.7631418284654976, 0.05582252236136709, 0.03535575913047778, 0.025543405684881393, 0.11175372139480898, 0.008382762962967095], [0.7759466172645294, 0.049938095355729545, 0.030915215484969522, 0.022231617146802427, 0.11400164438982993, 0.006966810358138984], [0.9168643445815571, 0.031977732634453845, 0.03127177670871643, 0.004187227738115088, 0.012687853747573944, 0.0030110645895836787], [0.02430172914618928, 0.059812299138432334, 0.0030347287824076005, 0.004703284248708809, 0.9051132299018544, 0.0030347287824076005], [0.9090031079197397, 0.0678974639364828, 0.0030154407334763676, 0.004662069544449481, 0.012406477132375263, 0.0030154407334763676], [0.9131479607914653, 0.06558015948067361, 0.003018973398684881, 0.004667217162897482, 0.010566715767593871, 0.003018973398684881], [0.9111992785755229, 0.06609531481158497, 0.0030169848202182513, 0.00466594330211919, 0.01200549367033642, 0.0030169848202182513], [0.9459153484044719, 0.0396618041310345, 0.003000913785529978, 0.003000913785529978, 0.005420106107903538, 0.003000913785529978], [0.915786694856932, 0.062188098535221885, 0.0030177720276485117, 0.004611206919046089, 0.011378455633503046, 0.0030177720276485117], [0.9064150735290502, 0.07059480354223019, 0.003011865908302488, 0.0046020883890726845, 0.012364302723042028, 0.003011865908302488], [0.044293288392847234, 0.09054908307273611, 0.003002880024879393, 0.005837198451885845, 0.8533146700327721, 0.003002880024879393], [0.8736370692281109, 0.09508093836788872, 0.0030018398435468128, 0.006377355860511028, 0.018900956856395687, 0.0030018398435468128], [0.8423626446678656, 0.12048754914918999, 0.0030079945538934103, 0.008402670156415213, 0.02273114691874237, 0.0030079945538934103], [0.052740960417439225, 0.1330357951897929, 0.0030131264157360438, 0.008403317683991019, 0.7997936738773048, 0.0030131264157360438], [0.7509704695895459, 0.19413871980309594, 0.003004995063240285, 0.01288311711045879, 0.035997703370418965, 0.003004995063240285], [0.7641571563794346, 0.1840288321080959, 0.0030044820924637746, 0.0115461711893951, 0.03425887613814692, 0.0030044820924637746], [0.7629278564930727, 0.08326712989867985, 0.105205580967054, 0.011667555607227886, 0.03393012498133933, 0.003001752052626288], [0.7587499704301935, 0.05866344400986777, 0.06332240114288429, 0.029392851290868632, 0.07557516653398527, 0.01429616659220025], [0.039459069723999436, 0.045805024775991084, 0.054456867566120656, 0.005058292532583645, 0.8522180794173135, 0.003002665983991737], [0.915157799074305, 0.06541127948449219, 0.0030215406036717095, 0.004669446595118704, 0.008718393638740784, 0.0030215406036717095], [0.9493874014048707, 0.024984099384244125, 0.016133670657490006, 0.003001571687238293, 0.0034916851789184612, 0.003001571687238293], [0.8976596935356905, 0.05899134006867991, 0.008861678040581876, 0.003596090907668768, 0.0272951065397101, 0.003596090907668768]], [[0.8558539778706011, 0.07374712963374919, 0.01802401042426197, 0.0040068831944587695, 0.04436111568247024, 0.0040068831944587695], [0.8861481000813384, 0.04824089666817339, 0.04519778527077372, 0.004730971013671785, 0.012680140629059254, 0.0030021063369833007], [0.8434121015065861, 0.12778774572123391, 0.003017078748509584, 0.007145229192091231, 0.015620766083069771, 0.003017078748509584], [0.7916589865186039, 0.16351420224817886, 0.0030576922850136692, 0.011729150903274152, 0.0269822757599159, 0.0030576922850136692], [0.7154368700923704, 0.22173346269718375, 0.0030193046260868937, 0.016256207288831086, 0.040534850669441014, 0.0030193046260868937], [0.6787066485676889, 0.24827067976566924, 0.003016653573540052, 0.01964832303371697, 0.047341041485844684, 0.003016653573540052], [0.6943716017093193, 0.2182218968262681, 0.0030196015935628905, 0.01967881059283261, 0.061688487684454264, 0.0030196015935628905], [0.6800270167684, 0.23317726235790914, 0.0030072851754534093, 0.01965254325166385, 0.06112860727112017, 0.0030072851754534093], [0.7069331226435214, 0.19562418003874904, 0.003015814022212753, 0.020363337166677837, 0.07104773210662625, 0.003015814022212753], [0.14361939889896816, 0.17743534094065438, 0.0030245187793054265, 0.020403668815692038, 0.6524925537860745, 0.0030245187793054265], [0.7403317155803896, 0.17002086919252693, 0.003009456830389917, 0.018853415403425167, 0.06477508616287847, 0.003009456830389917], [0.7514902116953033, 0.0852749306335026, 0.08097591033019874, 0.016426452282019388, 0.06280771776001637, 0.003024777298959736], [0.8055660068249785, 0.06448913968099534, 0.007094147331054159, 0.03070850592637156, 0.08693044651992525, 0.005211753716675054], [0.7562349992708199, 0.08069941153182092, 0.08538860106176231, 0.018137900948522537, 0.056522989098347645, 0.0030160980887267543], [0.7073198142999509, 0.18784315252393455, 0.0030098051968644934, 0.027992107962543974, 0.07082531481984167, 0.0030098051968644934], [0.12257832881554882, 0.2068144994786972, 0.003005194557856994, 0.0179183354800532, 0.6466784471099869, 0.003005194557856994], [0.7333894272851923, 0.19507144805445137, 0.0030007397707105606, 0.014911899919718138, 0.050625745199217094, 0.0030007397707105606], [0.777272511355007, 0.08000466271326959, 0.08271680114802489, 0.014619664896075532, 0.04238415690736368, 0.003002202980259296], [0.7547163258839948, 0.05548874033742904, 0.03597212317007404, 0.026998893061779536, 0.11876426853158913, 0.008059649015133591], [0.7578621296283015, 0.05541828002036352, 0.03222892963784456, 0.022095616812936068, 0.1264781082208994, 0.005916935679655176], [0.040043804017410436, 0.039297729553380324, 0.03455807898911036, 0.004903473682601585, 0.8781925435753227, 0.003004370182174532], [0.02851906538366011, 0.0678523556368326, 0.0030236449971809795, 0.004688825650251817, 0.8928924633348935, 0.0030236449971809795], [0.890847368540729, 0.08167068444040444, 0.0030056882443270845, 0.005247604262329442, 0.016222966267883023, 0.0030056882443270845], [0.044594210840463326, 0.09445467997631261, 0.0030022312609246688, 0.005968162770133923, 0.8489784838912408, 0.0030022312609246688], [0.9013319601147142, 0.07310578399220284, 0.003010357400812453, 0.004872322741192973, 0.014669218350265181, 0.003010357400812453], [0.8998549617665937, 0.07498606985656042, 0.0030079881658863846, 0.005134112285990049, 0.014008879759082986, 0.0030079881658863846], [0.9088857474114759, 0.06698271840524636, 0.0030126883665312575, 0.004605425725941156, 0.013500731724274156, 0.0030126883665312575], [0.8719559393439352, 0.09184798615626094, 0.003000288826576878, 0.007490909721535511, 0.022704587125114476, 0.003000288826576878], [0.8188984493560425, 0.1335553630946104, 0.0030183517392307533, 0.009861584644797201, 0.031647899426088526, 0.0030183517392307533], [0.06820113440958776, 0.1200723607140747, 0.003011871567279854, 0.010809222266354042, 0.7948935394754238, 0.003011871567279854], [0.0693766077334174, 0.13516232950725987, 0.003022607403312074, 0.011254330383067543, 0.778161517569631, 0.003022607403312074], [0.087194625639518, 0.19636173587673847, 0.0030031791576873514, 0.014162110866976775, 0.6962751693013921, 0.0030031791576873514], [0.7419306529112051, 0.1938769291218455, 0.0030029382809507147, 0.014127473013082995, 0.044059068391965044, 0.0030029382809507147], [0.7311007574044243, 0.20670938860218227, 0.003007540576021512, 0.015031252972445074, 0.041143519868905416, 0.003007540576021512], [0.7441177797016822, 0.08831641035609221, 0.11034087951343742, 0.014686324760333224, 0.03953385596666129, 0.003004749701793678], [0.7539030446387722, 0.06600644692542319, 0.05467534441134046, 0.03614271734109681, 0.07031272980942779, 0.018959716873939464], [0.05041314309074492, 0.04878273521237581, 0.06506342454666865, 0.0062661783384158195, 0.8264618272855314, 0.003012691526263446], [0.029443590470603066, 0.08758657220594401, 0.003013372438160904, 0.004672880242127962, 0.8722702122050032, 0.003013372438160904], [0.9216636608168322, 0.03168591650935984, 0.032113913954909666, 0.004190843275782286, 0.007329935742116462, 0.0030157297009994455], [0.886054115984258, 0.062203102682808015, 0.014169746748439864, 0.0036832644109041747, 0.030206505762685756, 0.0036832644109041747]], [[0.8904253959632248, 0.06985301355513464, 0.010593531978610595, 0.0037204677777764694, 0.021687122947477135, 0.0037204677777764694], [0.9332417497258203, 0.031088346379352323, 0.023763160449994374, 0.0030138030438175197, 0.0058791373571980485, 0.0030138030438175197], [0.02938779041733892, 0.11014077153319683, 0.0030114269281895953, 0.005795081252492597, 0.8486535029405925, 0.0030114269281895953], [0.8436372845764649, 0.12740373349225712, 0.00301673543098184, 0.007352315924155204, 0.015573195145159147, 0.00301673543098184], [0.7871070696338271, 0.16517100985875474, 0.0030619063243998022, 0.012591809763782087, 0.029006298094836354, 0.0030619063243998022], [0.7171349745910462, 0.21347814413448263, 0.0030147895930904395, 0.017695843373993027, 0.04566145871429725, 0.0030147895930904395], [0.6942226491525416, 0.23200952243143813, 0.0030083267615759746, 0.017866989808892317, 0.049884185083976094, 0.0030083267615759746], [0.12505914954660965, 0.21168146137565413, 0.003023485869950784, 0.02183791693101544, 0.6353745004068192, 0.003023485869950784], [0.714691399084698, 0.19650721814516495, 0.0030157080497518075, 0.019642655124696182, 0.06312731154593725, 0.0030157080497518075], [0.14922342363567243, 0.1822619966394874, 0.0030304777641897915, 0.019211527369301495, 0.6432420968271592, 0.0030304777641897915], [0.7393819725109523, 0.17806842088778307, 0.0030058288258317605, 0.017841344953337602, 0.05869660399626352, 0.0030058288258317605], [0.46492073297652514, 0.27234933875374917, 0.0030129221858778295, 0.028581083407877433, 0.22812300049009268, 0.0030129221858778295], [0.12814176038655573, 0.07131962555398164, 0.08404420682929536, 0.01316610380160415, 0.7002965510798465, 0.0030317523487167863], [0.8233484040655241, 0.06123877324254884, 0.00565514133577485, 0.03044679365631468, 0.07405804529848416, 0.005252842401353299], [0.7306777309265247, 0.08025818760252723, 0.08967308957042608, 0.018423229100198512, 0.07786393526218549, 0.003103827538138049], [0.7342653380619782, 0.17795399926574787, 0.0030071979532860942, 0.017691803960449684, 0.06407446280525193, 0.0030071979532860942], [0.7480957552556197, 0.17236784466711855, 0.0030024298226434777, 0.016428886704970218, 0.05710265372700465, 0.0030024298226434777], [0.8115900829917067, 0.12729765275384258, 0.003028513848120075, 0.01204893043370404, 0.043006306124506594, 0.003028513848120075], [0.8813126985703734, 0.049150421328443064, 0.03784284210975953, 0.00698373922874599, 0.021708355579012604, 0.0030019431836653962], [0.7508450115054442, 0.05624234064710225, 0.03173410066577567, 0.023088266920030288, 0.13184237883037656, 0.006247901431270752], [0.8082735318465208, 0.047754096586264456, 0.04243709608315176, 0.02348874402295428, 0.06808550318340964, 0.00996102827769906], [0.042202866385780746, 0.045281689139423174, 0.03477654061754776, 0.005408282432414674, 0.8693277152803698, 0.0030029061444639504], [0.8445577104823401, 0.11143869314753475, 0.003004841488507898, 0.009398899365057086, 0.028595014028052288, 0.003004841488507898], [0.8063535724174172, 0.14327677422113508, 0.003029281553468436, 0.01040006246000916, 0.03391102779450162, 0.003029281553468436], [0.8537854514248749, 0.10872608347510025, 0.003002706598251852, 0.008391400408785868, 0.0230916514947352, 0.003002706598251852], [0.8837878990269638, 0.08645145690142149, 0.003002258011179492, 0.0061342581084614595, 0.017621869940794257, 0.003002258011179492], [0.8606541624716736, 0.1002002670156633, 0.003001271119275629, 0.008702678431094332, 0.02444034984301752, 0.003001271119275629], [0.8155431770656555, 0.1326437061527216, 0.0030121742932431705, 0.011378499755751453, 0.03441026843938517, 0.0030121742932431705], [0.7792118018923602, 0.15318729798756242, 0.0030022725133876413, 0.01538300146669594, 0.04621335362660618, 0.0030022725133876413], [0.7624900693781166, 0.15972492686461612, 0.003002486321099056, 0.016182756457855198, 0.055597274657214237, 0.003002486321099056], [0.7389940111215348, 0.1764848708116586, 0.003005304523462392, 0.016603403107363482, 0.06190710591251835, 0.003005304523462392], [0.11260721101553232, 0.1859902024642358, 0.0030020952026878116, 0.016469784969763333, 0.678928611145093, 0.0030020952026878116], [0.7331104514785001, 0.20267683579612508, 0.0030058450175045022, 0.01579592438023413, 0.04240509831013187, 0.0030058450175045022], [0.43900963496886786, 0.3298581092557687, 0.0030036687470033517, 0.02547685516963442, 0.19964806311172248, 0.0030036687470033517], [0.746017229052131, 0.09044774681174692, 0.10486196947264906, 0.013661422254632597, 0.0420077968445315, 0.003003835564308997], [0.766752740485745, 0.05908171810130483, 0.056903107248063814, 0.03536252018802966, 0.06176807942252771, 0.020131834554329094], [0.8124338782293717, 0.06781770716521379, 0.07522728763192987, 0.009504706624403305, 0.03200802085558045, 0.0030083994935009824], [0.8663121705037942, 0.10164165598989926, 0.0030022159784664887, 0.006534305863661438, 0.01950743568571215, 0.0030022159784664887], [0.9145787224918343, 0.03437335630423638, 0.03502019566189044, 0.0041848852486889, 0.008832044610757825, 0.00301079568259234], [0.8938965099082895, 0.06164985655973103, 0.011225682161960628, 0.0036306011972804704, 0.025966748975458018, 0.0036306011972804704]], [[0.8577263237838201, 0.07944976931358456, 0.015205988873752881, 0.004033626477830448, 0.039550665073181564, 0.004033626477830448], [0.9440976326824514, 0.028217598007824075, 0.01780313659825145, 0.0030047881840125235, 0.003872056343448014, 0.0030047881840125235], [0.013135203270424995, 0.061796452304731936, 0.003015997256132992, 0.003089271202591426, 0.9159470787099857, 0.003015997256132992], [0.8670381736828021, 0.10852458735653163, 0.003008996266378628, 0.006105621017081065, 0.012313625410827811, 0.003008996266378628], [0.8436815898871192, 0.12146092807007965, 0.0030106952949925858, 0.008840065219045621, 0.01999602623377062, 0.0030106952949925858], [0.7909228689399788, 0.1551151313755818, 0.003053069365733992, 0.012854323622508242, 0.035001537330463225, 0.003053069365733992], [0.10438523055522736, 0.19722730208455205, 0.0030050045270898027, 0.017589318111290858, 0.6747881401947502, 0.0030050045270898027], [0.10975324678505906, 0.19292286126925134, 0.003004791487790664, 0.015976763266040365, 0.675337545704068, 0.003004791487790664], [0.7367590294022318, 0.18517966551819548, 0.003005275718957186, 0.016561780561762385, 0.05548897307989598, 0.003005275718957186], [0.4515042527345961, 0.2885932530044311, 0.0030008235845681865, 0.028173651908701282, 0.22572719518313514, 0.0030008235845681865], [0.7394585177982922, 0.17902935739452414, 0.0030057138215272513, 0.01647605926761659, 0.05902463789651265, 0.0030057138215272513], [0.7351591093907717, 0.16909180753190653, 0.0030005753909491764, 0.017811616746160847, 0.07193631554926265, 0.0030005753909491764], [0.7611345131029014, 0.15753749222470395, 0.0030122346322030372, 0.016874418773001137, 0.05842910663498758, 0.0030122346322030372], [0.7732311875235987, 0.07289208663030124, 0.07520830531168174, 0.016086809595111384, 0.0595629764778686, 0.003018634461438373], [0.7349906785524422, 0.14460903243592077, 0.003040969110082099, 0.028619104507095195, 0.08569924628437778, 0.003040969110082099], [0.7530989621115893, 0.16043077565410763, 0.0030059244253450366, 0.0185563356139417, 0.06190207776967118, 0.0030059244253450366], [0.13000819473338363, 0.16041160302402782, 0.0030097385062272763, 0.016790107361575136, 0.6867706178685589, 0.0030097385062272763], [0.7788392755995194, 0.1516682967909456, 0.0030027324518128156, 0.014819489944287792, 0.04866747276162161, 0.0030027324518128156], [0.8438416031101271, 0.10520409008011673, 0.0030065864473131625, 0.010477685727901032, 0.034463448187228955, 0.0030065864473131625], [0.047880722082885706, 0.05016156869521986, 0.047359970357685126, 0.006399053627174082, 0.8451959955672101, 0.0030026896698251222], [0.836005182772616, 0.06467516587264056, 0.059574813393934646, 0.009046282801712201, 0.02767615662413249, 0.003022398534964146], [0.7744443539205647, 0.056557267002573144, 0.03895936282515465, 0.030189935400713824, 0.08786684279141202, 0.011982238059581807], [0.07953513300294834, 0.07961243060713863, 0.08546011069037604, 0.012433671778339716, 0.7399552574906915, 0.0030033964305058785], [0.7698512735301539, 0.1632666593299244, 0.003013963317508332, 0.012441167691837797, 0.04841297281306719, 0.003013963317508332], [0.07641948991099104, 0.1561759752475752, 0.0030122233841229813, 0.01178058100882714, 0.7495995070643606, 0.0030122233841229813], [0.8265735349006142, 0.12233195796670204, 0.003017353962038196, 0.011108124755287538, 0.033951674453319834, 0.003017353962038196], [0.08062903480462773, 0.13734730386390667, 0.003014092842730223, 0.01213893985817403, 0.7638565357878311, 0.003014092842730223], [0.08432035066366511, 0.14882475200730985, 0.003006919220987158, 0.013331915047020295, 0.7475091438400304, 0.003006919220987158], [0.7827188200848194, 0.14697870722686085, 0.003004123393654511, 0.01509559674111017, 0.04919862915990064, 0.003004123393654511], [0.7666505768603284, 0.15181888714354874, 0.003005105977718319, 0.017478374381117833, 0.05804194965956835, 0.003005105977718319], [0.7485709042995019, 0.15798558855352562, 0.0030110283512479815, 0.01908080626854496, 0.06834064417593153, 0.0030110283512479815], [0.733809919372357, 0.17641250107280196, 0.003008672258921703, 0.017402109932126687, 0.06635812510487107, 0.003008672258921703], [0.725771118649156, 0.19312106242850816, 0.003006392325958141, 0.01721178809038579, 0.05788324618003381, 0.003006392325958141], [0.7301230006902346, 0.20198891986233702, 0.003005565921582239, 0.015842382746391485, 0.04603456485787249, 0.003005565921582239], [0.7370090204993306, 0.195279496865705, 0.0030033209193422628, 0.01512741308359308, 0.04657742771268684, 0.0030033209193422628], [0.7812488464154701, 0.07373645844598234, 0.09393940093238909, 0.01065735478693968, 0.03741691492131659, 0.0030010244979022703], [0.7726145137975247, 0.07609260987980518, 0.019041469438491918, 0.030767534178490263, 0.09224961434105368, 0.009234258364634339], [0.9005527461996559, 0.040159089316967045, 0.03941917953931015, 0.004178531807260364, 0.012686598295573412, 0.0030038548412331945], [0.02447208248304795, 0.032568039783223, 0.029159245999664303, 0.004201313694491222, 0.9065817292942029, 0.0030175887453707177], [0.8581030675815915, 0.06773201016841769, 0.019620743140207463, 0.003950597900062849, 0.046642983309657736, 0.003950597900062849]], [[0.8756484554421543, 0.07272861894931905, 0.009011497962853865, 0.0038619945124981443, 0.03488743862067661, 0.0038619945124981443], [0.9579208641906618, 0.0204052542000782, 0.012227928027842555, 0.0030001569057823744, 0.003445639769852516, 0.0030001569057823744], [0.9419966616195833, 0.04519212896789511, 0.0030035275297126186, 0.0030035275297126186, 0.0038006268233835893, 0.0030035275297126186], [0.012345512930694446, 0.05319632643813793, 0.0030071209993788282, 0.0030789309830737133, 0.9253649876493363, 0.0030071209993788282], [0.8802936516824358, 0.09391564931437343, 0.0030046175541401784, 0.006041864513943397, 0.013739599380967152, 0.0030046175541401784], [0.8718989453984682, 0.09711767136049225, 0.0030018717298872103, 0.007073287937079205, 0.017906351844185972, 0.0030018717298872103], [0.8070494124838756, 0.13948411086000903, 0.0030340223023379155, 0.012847162196696162, 0.03455126985474334, 0.0030340223023379155], [0.789306183160394, 0.16006627904599147, 0.003004316784259009, 0.010808711600999209, 0.033810192624097284, 0.003004316784259009], [0.07421157814770661, 0.17273602151183667, 0.003006511927405277, 0.012190381587097624, 0.7348489948985485, 0.003006511927405277], [0.7665931961727088, 0.16305628114717427, 0.0030006288000244564, 0.014185648531901846, 0.05016361654816612, 0.0030006288000244564], [0.261323909973633, 0.21201021309251245, 0.01548452852902939, 0.07597102074819546, 0.3073679841147935, 0.1278423435418364], [0.29927878243928674, 0.18488236446551864, 0.020717450701444214, 0.07958271837359761, 0.287870632713546, 0.12766805130660672], [0.7710081503226832, 0.14409277263344872, 0.00300905220944668, 0.01633484424738872, 0.06254612837758601, 0.00300905220944668], [0.7777170798706523, 0.13373022618215327, 0.0030151423816225913, 0.015967091054493544, 0.06655531812945582, 0.0030151423816225913], [0.783472145448558, 0.1394433395606895, 0.0030055323923096214, 0.017151201799715826, 0.0539222484064174, 0.0030055323923096214], [0.49016005326086215, 0.22102572549267324, 0.0030290994744256883, 0.023503900747208626, 0.25925212155040467, 0.0030290994744256883], [0.7682266069176302, 0.15207227739818066, 0.003004451245302785, 0.016839130819482736, 0.05685308237410083, 0.003004451245302785], [0.12236499581962794, 0.15669993714387864, 0.0030069527897089703, 0.01741603502379948, 0.697505126433276, 0.0030069527897089703], [0.7665368048594207, 0.15933061066980703, 0.0030021992714900207, 0.014010641119345094, 0.05411754480844713, 0.0030021992714900207], [0.7877900604915675, 0.1472858479202553, 0.0030047462787414895, 0.012365463883368965, 0.04654913514732502, 0.0030047462787414895], [0.7696810606874724, 0.07984940436397638, 0.08738742339942543, 0.013940647272540576, 0.04613880017006931, 0.003002664106515873], [0.7514573119416784, 0.0639361801081689, 0.04491713120462936, 0.03647189109253216, 0.08870008515369582, 0.014517400499295414], [0.7450764291841274, 0.08807322922239946, 0.10358483734681823, 0.014464724283831713, 0.04579174559403258, 0.0030090343687906485], [0.09347003517743806, 0.20356066306187703, 0.0030009847091954475, 0.014751863780378498, 0.6822154685619155, 0.0030009847091954475], [0.7478065630422392, 0.18400668719113608, 0.0030009128116185828, 0.014574711725741691, 0.04761021241764579, 0.0030009128116185828], [0.7633283232582897, 0.16890628477957778, 0.003000064515864922, 0.014761168440710432, 0.04700409448969236, 0.003000064515864922], [0.12183175655272575, 0.15133662241659224, 0.003008147621432659, 0.01597200252311939, 0.7048433232646973, 0.003008147621432659], [0.11263732644701446, 0.14335755219524968, 0.003007269170738309, 0.015541503509849721, 0.7224490795064096, 0.003007269170738309], [0.47725164903706097, 0.25440351445286724, 0.0030115791281237264, 0.026865232611675137, 0.23545644564214901, 0.0030115791281237264], [0.7604488192624006, 0.15402885523870052, 0.0030064864882185655, 0.01801597185303685, 0.0614933806694249, 0.0030064864882185655], [0.7410936504738493, 0.16462191420719657, 0.0030112047657191066, 0.01910803964129226, 0.06915398614622352, 0.0030112047657191066], [0.7400276182616919, 0.16387872325531302, 0.0030135039875373824, 0.017990764141824805, 0.07207588636609547, 0.0030135039875373824], [0.7324743668678081, 0.18240381320837337, 0.0030060071873793366, 0.017850793950538783, 0.061259011598521075, 0.0030060071873793366], [0.11198272158590558, 0.18993505559995946, 0.0030025167378606495, 0.014650471781108268, 0.6774267175573054, 0.0030025167378606495], [0.7547141822848851, 0.1876888879019675, 0.003002711360183722, 0.013031024610471531, 0.03856048248230854, 0.003002711360183722], [0.8314600974294651, 0.13084920306506218, 0.0030151345287051747, 0.007774166958145674, 0.023886263489916605, 0.0030151345287051747], [0.03573656756260682, 0.046419436081337, 0.04573130362449731, 0.004599558828555417, 0.8645119828594684, 0.003001151043535059], [0.775388989175634, 0.059484085435545994, 0.056790432025791183, 0.013937631488554484, 0.08960972978302655, 0.004789132091447924], [0.7742904831013323, 0.04864743509823203, 0.03941228961012816, 0.00827997935400787, 0.1242848782905034, 0.005084934545796357], [0.8640683733150745, 0.07115516892614841, 0.017144035977057423, 0.003916081738032424, 0.03980025830565506, 0.003916081738032424]], [[0.9103678079407879, 0.062290115288635546, 0.006267385940562799, 0.003555674246740872, 0.01396334233653204, 0.003555674246740872], [0.9631918136565111, 0.019218545132958068, 0.008140753435777604, 0.00300186996790276, 0.0034451478389478226, 0.00300186996790276], [0.9554038601164203, 0.03205724654841116, 0.003000157632633654, 0.003000157632633654, 0.003538420437267691, 0.003000157632633654], [0.010170159242867342, 0.03725869523569459, 0.0029999995678870544, 0.0030700556851489948, 0.943501090700515, 0.0029999995678870544], [0.9381418974848625, 0.04778345506286217, 0.0030051562194748855, 0.0030051562194748855, 0.005059178793850796, 0.0030051562194748855], [0.8901533643453469, 0.08228577742089711, 0.003004069831073135, 0.006192299339223171, 0.01536041923238649, 0.003004069831073135], [0.8782283563206011, 0.09097198283811084, 0.0030014974106545027, 0.006812093038291785, 0.017984572981687375, 0.0030014974106545027], [0.04549810771375638, 0.11166342238645674, 0.0030037248243432817, 0.007185654728950482, 0.8296453655221498, 0.0030037248243432817], [0.06980665706650688, 0.14559046556458924, 0.0030174760290635726, 0.010307782229311103, 0.7682601430814656, 0.0030174760290635726], [0.7916748672308587, 0.150164510887524, 0.003003110023342419, 0.01201510106368648, 0.04013930077124612, 0.003003110023342419], [0.30128077676424925, 0.1740976340846323, 0.029561354933892555, 0.07882782584490365, 0.2680174218011799, 0.1482149865711425], [0.25042701099142994, 0.17163449526697902, 0.03992828970866937, 0.07119320247073718, 0.339449399048388, 0.1273676025137964], [0.8278213998014119, 0.09367411476051075, 0.0030508106540981213, 0.012255406578927505, 0.060147457550953694, 0.0030508106540981213], [0.10057146252832228, 0.15601723528414702, 0.0030012111740875223, 0.014402200618456918, 0.7230066792208989, 0.0030012111740875223], [0.7534333001663245, 0.16218307604178223, 0.0030068653864440973, 0.018279673642571336, 0.06009021937643372, 0.0030068653864440973], [0.7536201250088794, 0.16973806725970575, 0.0030012888897230105, 0.016464537976737956, 0.05417469197523086, 0.0030012888897230105], [0.7385933287851738, 0.17537668936443204, 0.0030054852558303634, 0.01855571691951733, 0.06146329441921621, 0.0030054852558303634], [0.1342144113468987, 0.16869145101375219, 0.003000644376531276, 0.017444728477148175, 0.6736481204091385, 0.003000644376531276], [0.735607020154655, 0.1705884239268989, 0.0030007250951636006, 0.016862598033137572, 0.07094050769498127, 0.0030007250951636006], [0.7572926445685435, 0.07588060124405177, 0.09265420688678133, 0.015587152437579027, 0.055575814110697196, 0.003009580752347287], [0.7979743999541002, 0.06993392801739429, 0.00892501656066485, 0.033280554102201376, 0.08299160659579642, 0.006894494769842953], [0.7483159498187587, 0.08349969374960205, 0.1075159925435248, 0.014917481233230615, 0.04274695506563842, 0.003003927589245303], [0.10614519446357945, 0.20911670958279938, 0.003007038623893148, 0.018566563617623138, 0.6601574550882118, 0.003007038623893148], [0.41162615946344777, 0.3577491772650934, 0.0030025612035610143, 0.025835623382756828, 0.19878391748158, 0.0030025612035610143], [0.7276493443018265, 0.20158522403140522, 0.003000318479399681, 0.014558446053777548, 0.05020634865419149, 0.003000318479399681], [0.75363904561384, 0.1668556083473647, 0.00300311682084646, 0.016959928886772144, 0.05653918351033036, 0.00300311682084646], [0.7560653388643778, 0.15067079009269, 0.003