{"prediction": [[[0.98500332438622, 0.002999335122756038, 0.002999335122756038, 0.002999335122756038, 0.002999335122756038, 0.002999335122756038], [0.98500332438622, 0.002999335122756038, 0.002999335122756038, 0.002999335122756038, 0.002999335122756038, 0.002999335122756038], [0.98500332438622, 0.002999335122756038, 0.002999335122756038, 0.002999335122756038, 0.002999335122756038, 0.002999335122756038], [0.98500332438622, 0.002999335122756038, 0.002999335122756038, 0.002999335122756038, 0.002999335122756038, 0.002999335122756038], [0.98500332438622, 0.002999335122756038, 0.002999335122756038, 0.002999335122756038, 0.002999335122756038, 0.002999335122756038], [0.98500332438622, 0.002999335122756038, 0.002999335122756038, 0.002999335122756038, 0.002999335122756038, 0.002999335122756038], [0.98500332438622, 0.002999335122756038, 0.002999335122756038, 0.002999335122756038, 0.002999335122756038, 0.002999335122756038], [0.98500332438622, 0.002999335122756038, 0.002999335122756038, 0.002999335122756038, 0.002999335122756038, 0.002999335122756038], [0.98500332438622, 0.002999335122756038, 0.002999335122756038, 0.002999335122756038, 0.002999335122756038, 0.002999335122756038], [0.98500332438622, 0.002999335122756038, 0.002999335122756038, 0.002999335122756038, 0.002999335122756038, 0.002999335122756038], [0.98500332438622, 0.002999335122756038, 0.002999335122756038, 0.002999335122756038, 0.002999335122756038, 0.002999335122756038], [0.98500332438622, 0.002999335122756038, 0.002999335122756038, 0.002999335122756038, 0.002999335122756038, 0.002999335122756038], [0.98500332438622, 0.002999335122756038, 0.002999335122756038, 0.002999335122756038, 0.002999335122756038, 0.002999335122756038], [0.98500332438622, 0.002999335122756038, 0.002999335122756038, 0.002999335122756038, 0.002999335122756038, 0.002999335122756038], [0.98500332438622, 0.002999335122756038, 0.002999335122756038, 0.002999335122756038, 0.002999335122756038, 0.002999335122756038], [0.98500332438622, 0.002999335122756038, 0.002999335122756038, 0.002999335122756038, 0.002999335122756038, 0.002999335122756038], [0.98500332438622, 0.002999335122756038, 0.002999335122756038, 0.002999335122756038, 0.002999335122756038, 0.002999335122756038], [0.98500332438622, 0.002999335122756038, 0.002999335122756038, 0.002999335122756038, 0.002999335122756038, 0.002999335122756038], [0.98500332438622, 0.002999335122756038, 0.002999335122756038, 0.002999335122756038, 0.002999335122756038, 0.002999335122756038], [0.98500332438622, 0.002999335122756038, 0.002999335122756038, 0.002999335122756038, 0.002999335122756038, 0.002999335122756038], [0.98500332438622, 0.002999335122756038, 0.002999335122756038, 0.002999335122756038, 0.002999335122756038, 0.002999335122756038], [0.98500332438622, 0.002999335122756038, 0.002999335122756038, 0.002999335122756038, 0.002999335122756038, 0.002999335122756038], [0.98500332438622, 0.002999335122756038, 0.002999335122756038, 0.002999335122756038, 0.002999335122756038, 0.002999335122756038], [0.98500332438622, 0.002999335122756038, 0.002999335122756038, 0.002999335122756038, 0.002999335122756038, 0.002999335122756038], [0.98500332438622, 0.002999335122756038, 0.002999335122756038, 0.002999335122756038, 0.002999335122756038, 0.002999335122756038], [0.98500332438622, 0.002999335122756038, 0.002999335122756038, 0.002999335122756038, 0.002999335122756038, 0.002999335122756038], [0.98500332438622, 0.002999335122756038, 0.002999335122756038, 0.002999335122756038, 0.002999335122756038, 0.002999335122756038], [0.98500332438622, 0.002999335122756038, 0.002999335122756038, 0.002999335122756038, 0.002999335122756038, 0.002999335122756038], [0.98500332438622, 0.002999335122756038, 0.002999335122756038, 0.002999335122756038, 0.002999335122756038, 0.002999335122756038], [0.98500332438622, 0.002999335122756038, 0.002999335122756038, 0.002999335122756038, 0.002999335122756038, 0.002999335122756038], [0.98500332438622, 0.002999335122756038, 0.002999335122756038, 0.002999335122756038, 0.002999335122756038, 0.002999335122756038], [0.98500332438622, 0.002999335122756038, 0.002999335122756038, 0.002999335122756038, 0.002999335122756038, 0.002999335122756038], [0.98500332438622, 0.002999335122756038, 0.002999335122756038, 0.002999335122756038, 0.002999335122756038, 0.002999335122756038], [0.98500332438622, 0.002999335122756038, 0.002999335122756038, 0.002999335122756038, 0.002999335122756038, 0.002999335122756038], [0.98500332438622, 0.002999335122756038, 0.002999335122756038, 0.002999335122756038, 0.002999335122756038, 0.002999335122756038], [0.98500332438622, 0.002999335122756038, 0.002999335122756038, 0.002999335122756038, 0.002999335122756038, 0.002999335122756038], [0.98500332438622, 0.002999335122756038, 0.002999335122756038, 0.002999335122756038, 0.002999335122756038, 0.002999335122756038], [0.98500332438622, 0.002999335122756038, 0.002999335122756038, 0.002999335122756038, 0.002999335122756038, 0.002999335122756038], [0.98500332438622, 0.002999335122756038, 0.002999335122756038, 0.002999335122756038, 0.002999335122756038, 0.002999335122756038], [0.98500332438622, 0.002999335122756038, 0.002999335122756038, 0.002999335122756038, 0.002999335122756038, 0.002999335122756038]], [[0.98500332438622, 0.002999335122756038, 0.002999335122756038, 0.002999335122756038, 0.002999335122756038, 0.002999335122756038], [0.968059874926362, 0.013648631303021127, 0.007506535080849463, 0.003001247993849077, 0.0047824627020693665, 0.003001247993849077], [0.01441728424673582, 0.012852968193746983, 0.007698101513089811, 0.0030042211962140915, 0.9590232036539992, 0.0030042211962140915], [0.017862095912927332, 0.014387245703329759, 0.008974841690777297, 0.0030106537595705526, 0.9527545091738245, 0.0030106537595705526], [0.959964984347506, 0.015469179885835689, 0.01097731557677627, 0.0030040710709151822, 0.007580378048051726, 0.0030040710709151822], [0.9285580148728076, 0.025024422821811, 0.020731719027619375, 0.004784258530072566, 0.017893198057785484, 0.003008386689903946], [0.9223212565661983, 0.02564731024022858, 0.021262080401203524, 0.005076144477590968, 0.022683143343167483, 0.003010064971611146], [0.98500332438622, 0.002999335122756038, 0.002999335122756038, 0.002999335122756038, 0.002999335122756038, 0.002999335122756038], [0.11532201647497779, 0.03621839775756246, 0.0324655921385205, 0.008465059270785995, 0.8044588375055994, 0.00307009685255386], [0.9085809503461735, 0.02713354111828734, 0.030085608643516535, 0.006154072694871781, 0.025038689686725738, 0.0030071375104251514], [0.9107133086729965, 0.027050226099093477, 0.027575040364149622, 0.006215525062558231, 0.025437540064268904, 0.0030083597369333316], [0.9065822457415258, 0.027939833203922244, 0.02943204356167678, 0.006484431993396145, 0.026552084072123668, 0.0030093614273553914], [0.8625330380055005, 0.0386472379438656, 0.04702293644883763, 0.008656618763881813, 0.04012556210021014, 0.0030146067377043906], [0.9094148718817469, 0.028317100117273418, 0.02730885864906579, 0.006169185879721959, 0.025780912657758503, 0.003009070814433552], [0.9199742168700805, 0.025709900844056617, 0.02515653848709286, 0.005221003466149112, 0.020933570091592323, 0.003004770241028594], [0.049097114137791546, 0.02451349272722331, 0.02108503759634892, 0.004707665781857938, 0.8975807377664377, 0.0030159519903406123], [0.02711988100055296, 0.01492189138054002, 0.011237766123406238, 0.0031517054934122046, 0.9405217781400304, 0.003046977862058271], [0.929117478709435, 0.022719891384741574, 0.021998844688926548, 0.004748793010069688, 0.018405929007921863, 0.003009063198905423], [0.9189170547023164, 0.024744438942645355, 0.023672176766951474, 0.005543493740829756, 0.024112833495267768, 0.0030100023519891166], [0.08066706767663763, 0.029180351810604375, 0.023626899155955595, 0.007286436770668325, 0.8561541375613255, 0.0030851070248085815], [0.98500332438622, 0.002999335122756038, 0.002999335122756038, 0.002999335122756038, 0.002999335122756038, 0.002999335122756038], [0.07579458481107522, 0.03187290016851266, 0.029497465519319248, 0.007553313672149243, 0.8522154013598289, 0.003066334469114847], [0.054814030496478795, 0.027834371996886896, 0.024497961511998533, 0.00552851627735591, 0.8843069143077874, 0.0030182054094925327], [0.9290396414126444, 0.024073473149434758, 0.02118023697376535, 0.004746179997045957, 0.01795182272094237, 0.003008645746167175], [0.961199484762014, 0.015144925117883987, 0.010427471577608396, 0.003003158855464904, 0.007221800831563865, 0.003003158855464904], [0.9627111706102539, 0.014499905407344523, 0.00971101132272282, 0.003003201063679008, 0.007071510532320772, 0.003003201063679008], [0.020284733557993324, 0.014122704251892956, 0.009567245857285099, 0.0030191494883698173, 0.949987017356089, 0.0030191494883698173], [0.04784401884981588, 0.023745656966866393, 0.01994958260459182, 0.004522110718084107, 0.900922353187325, 0.0030162776733168267], [0.9200095385057101, 0.027070632357669974, 0.02524292411489216, 0.0051508882277681006, 0.01952219917575851, 0.003003817618201314], [0.9139650467585866, 0.027389937887270913, 0.027940733977417125, 0.005536143726373092, 0.02216399598819866, 0.003004141662153631], [0.054175959887438514, 0.02618390523244678, 0.02439187069052887, 0.0051069571468009434, 0.8871230824106464, 0.0030182246321383364], [0.051687278302207415, 0.02459037330849295, 0.020939589648497903, 0.004802927558936745, 0.8949608794832374, 0.0030189516986276177], [0.9592343302658627, 0.015994589927771575, 0.010854945523395748, 0.0030689442923634274, 0.007842363725619451, 0.003004826264987224], [0.9589303100030291, 0.015839487292557332, 0.010878961277182702, 0.003101724744613315, 0.0082436602959982, 0.003005856386619361], [0.049890737332106444, 0.02331985563584205, 0.0186391496074973, 0.004569145008963156, 0.9005605029447834, 0.0030206094708076538], [0.9193626877178148, 0.025527044319929776, 0.024468335311501714, 0.005388066778269828, 0.02224691962812317, 0.003006946244360605], [0.9090148788049089, 0.028485578619623385, 0.029964430741259967, 0.006050376843572221, 0.02348011914386927, 0.0030046158467661693], [0.8690917013693543, 0.038589637981234846, 0.042685804649615196, 0.008590500359792533, 0.03802419697440044, 0.003018158665602731], [0.9084433053367993, 0.030126110220289267, 0.0285167297516712, 0.006078895760717402, 0.02383000015650128, 0.0030049587740216244], [0.98500332438622, 0.002999335122756038, 0.002999335122756038, 0.002999335122756038, 0.002999335122756038, 0.002999335122756038]], [[0.98500332438622, 0.002999335122756038, 0.002999335122756038, 0.002999335122756038, 0.002999335122756038, 0.002999335122756038], [0.9676536535621275, 0.0134341978358881, 0.008036752024518236, 0.003000965116418639, 0.004873466344628943, 0.003000965116418639], [0.9595246307434347, 0.025847571827709335, 0.003000255340746702, 0.003000255340746702, 0.0056270314066158835, 0.003000255340746702], [0.02152462990289565, 0.031031659317094118, 0.003017987099803006, 0.003017987099803006, 0.9383897494806012, 0.003017987099803006], [0.9093523273717159, 0.06163761758513703, 0.0030027918073745954, 0.00478123101306313, 0.018223240415334754, 0.0030027918073745954], [0.8936685614892734, 0.07016456286314154, 0.00300146257655603, 0.00581561168317614, 0.024348338811296937, 0.00300146257655603], [0.8764984159658896, 0.08371432391885754, 0.003009837319359188, 0.006085213882332612, 0.02768237159420182, 0.003009837319359188], [0.8522930706338242, 0.04404718292495671, 0.047415233054873926, 0.009777242610450756, 0.04345548391770223, 0.0030117868581921643], [0.98500332438622, 0.002999335122756038, 0.002999335122756038, 0.002999335122756038, 0.002999335122756038, 0.002999335122756038], [0.8445604397938409, 0.04478322356270023, 0.05354728986177816, 0.010252821174276883, 0.043848396113411826, 0.0030078294939920418], [0.08356141033504706, 0.0929662927959656, 0.003060689977924234, 0.007810595412561598, 0.8095403215005773, 0.003060689977924234], [0.8112733124562935, 0.12716944467112348, 0.003002214461220775, 0.009345310587553423, 0.046207503362588, 0.003002214461220775], [0.8090359414626099, 0.1263577278856839, 0.0030029307545267484, 0.009546056010894864, 0.04905441313175786, 0.0030029307545267484], [0.815061356902917, 0.12340490182392448, 0.0030024372532720697, 0.00934155082804633, 0.04618731593856801, 0.0030024372532720697], [0.8828065364265216, 0.07664239682149977, 0.003007904336203652, 0.006326440748041762, 0.028208817331529495, 0.003007904336203652], [0.06203524736707708, 0.06262265249755876, 0.003010616160089131, 0.0055017278948081465, 0.8638191399203777, 0.003010616160089131], [0.9126426103402925, 0.05316383373887042, 0.003005828602076248, 0.005308006447859429, 0.022873892268825195, 0.003005828602076248], [0.9143551084041694, 0.026820781255443026, 0.02515783393311706, 0.005886886385261224, 0.02477074753831971, 0.003008642483689517], [0.98500332438622, 0.002999335122756038, 0.002999335122756038, 0.002999335122756038, 0.002999335122756038, 0.002999335122756038], [0.98500332438622, 0.002999335122756038, 0.002999335122756038, 0.002999335122756038, 0.002999335122756038, 0.002999335122756038], [0.98500332438622, 0.002999335122756038, 0.002999335122756038, 0.002999335122756038, 0.002999335122756038, 0.002999335122756038], [0.8275896885843632, 0.04977297717698059, 0.06131644304944892, 0.01069719776253166, 0.04761590327993519, 0.003007790146740453], [0.8684855288443291, 0.08785339445215153, 0.0030168782289541553, 0.006873637029330776, 0.030753683216280314, 0.0030168782289541553], [0.8928767441184837, 0.06837028735931835, 0.0030023261821529963, 0.006316780898231575, 0.02643153525966033, 0.0030023261821529963], [0.9131498296738051, 0.053692339773457325, 0.0030052715373106234, 0.005361611709751559, 0.02178567576836465, 0.0030052715373106234], [0.9500950794194668, 0.03136779675788706, 0.0030103767816700667, 0.003282275732337466, 0.009234094526968648, 0.0030103767816700667], [0.911614074738271, 0.05595355710390123, 0.003002787514475357, 0.0053877353696327734, 0.021039057759244195, 0.003002787514475357], [0.8978885716304241, 0.06717336597347905, 0.0030011081357310325, 0.005713768931392228, 0.023222077193242534, 0.0030011081357310325], [0.8689601454658612, 0.08846387185759086, 0.0030159983813583704, 0.006875110183274829, 0.02966887573055647, 0.0030159983813583704], [0.10059393789477084, 0.12479903988850807, 0.003002819907856839, 0.008996872515421871, 0.7596045098855855, 0.003002819907856839], [0.8748050644542775, 0.08617190208072838, 0.0030108944172714514, 0.006257350199120163, 0.02674389443133106, 0.0030108944172714514], [0.8914797328744104, 0.07033473159729274, 0.0030024110862293387, 0.006066481037045735, 0.02611423231879251, 0.0030024110862293387], [0.9097792163916175, 0.057294572487143314, 0.0030032544320691534, 0.005365350648374658, 0.021554351608726242, 0.0030032544320691534], [0.9068147635425166, 0.05910547192440338, 0.003002373245115916, 0.005619669956137655, 0.02245534808671066, 0.003002373245115916], [0.8979823949720358, 0.0650398339238545, 0.003001669476848556, 0.005939299049291155, 0.025035133101121435, 0.003001669476848556], [0.8732395536066035, 0.08327950268394212, 0.003012479617710739, 0.007026787472059239, 0.03042919700197355, 0.003012479617710739], [0.11123164852782277, 0.11146998996432855, 0.0030088114651225044, 0.009648583859300088, 0.7616321547183036, 0.0030088114651225044], [0.8207070149620401, 0.11947653181582996, 0.0030011656086558923, 0.009279919564829153, 0.04453420243998896, 0.0030011656086558923], [0.8643860202830933, 0.04149260804351584, 0.043646862955231965, 0.00905120239346553, 0.03840866925133024, 0.003014637073362983], [0.98500332438622, 0.002999335122756038, 0.002999335122756038, 0.002999335122756038, 0.002999335122756038, 0.002999335122756038]], [[0.98500332438622, 0.002999335122756038, 0.002999335122756038, 0.002999335122756038, 0.002999335122756038, 0.002999335122756038], [0.9651381304581498, 0.013932649939424502, 0.008969205353890865, 0.0030013141623660275, 0.005957385923802806, 0.0030013141623660275], [0.9550861810959991, 0.02915876813918746, 0.0030022082395479515, 0.0030022082395479515, 0.006748426046169568, 0.0030022082395479515], [0.915153015551713, 0.056960142766325224, 0.0030052395211782853, 0.004703304346041465, 0.017173058293563748, 0.0030052395211782853], [0.06130876726259598, 0.06854394742649576, 0.0030091815494709606, 0.005198917251859086, 0.8589300049601071, 0.0030091815494709606], [0.8790846023626371, 0.08393194435290142, 0.0030079224451468574, 0.005950011418623881, 0.025017596975544024, 0.0030079224451468574], [0.10357012995381026, 0.1247040104785164, 0.003003867189616275, 0.008948070298219903, 0.7567700548902209, 0.003003867189616275], [0.7978809222139478, 0.14284444853558378, 0.00300828453639442, 0.00947768622555176, 0.043780373952127735, 0.00300828453639442], [0.11601344299388411, 0.05608934208368541, 0.05986202716966336, 0.012906017347912803, 0.7520941612253886, 0.003035009179465706], [0.7938542861722059, 0.13720193530359007, 0.003008532179679969, 0.010328458983664343, 0.05259825518117981, 0.003008532179679969], [0.7948463201508403, 0.1367697064652678, 0.0030076965425936586, 0.01052385543016218, 0.05184472486854244, 0.0030076965425936586], [0.7957841195624836, 0.1364797202497772, 0.0030070273921335776, 0.010617068474846494, 0.05110503692862547, 0.0030070273921335776], [0.7665057828692627, 0.16087798122796115, 0.003007714428419701, 0.01061200182885397, 0.055988805217082695, 0.003007714428419701], [0.8061696600979299, 0.1290402166650817, 0.0030050794868609217, 0.00996551097180944, 0.04881445329145719, 0.0030050794868609217], [0.82963836874366, 0.11302488831339852, 0.0030016705844374846, 0.00844297990911853, 0.042890421864947965, 0.0030016705844374846], [0.8889491039904525, 0.0706929588250275, 0.003004396389677312, 0.006057912707794964, 0.02829123169737042, 0.003004396389677312], [0.9118996525196744, 0.0263688792306645, 0.027485564841835584, 0.005905760950684206, 0.025331591752332447, 0.003008550704808729], [0.98500332438622, 0.002999335122756038, 0.002999335122756038, 0.002999335122756038, 0.002999335122756038, 0.002999335122756038], [0.98500332438622, 0.002999335122756038, 0.002999335122756038, 0.002999335122756038, 0.002999335122756038, 0.002999335122756038], [0.98500332438622, 0.002999335122756038, 0.002999335122756038, 0.002999335122756038, 0.002999335122756038, 0.002999335122756038], [0.14993206671273066, 0.06702389452046191, 0.08955803334893639, 0.017882834298593806, 0.672460876509033, 0.0031422946102442812], [0.1259720020361052, 0.17510439182224594, 0.0030605872018440988, 0.012585473241821453, 0.6802169584961392, 0.0030605872018440988], [0.11511041031455484, 0.14745182321585443, 0.00301866004468021, 0.010411492055590957, 0.7209889543246394, 0.00301866004468021], [0.8624076834920302, 0.09093557486170899, 0.0030235473285970802, 0.007669228970861, 0.03294041801820564, 0.0030235473285970802], [0.8975486652961902, 0.06303473697681798, 0.0030034140430451597, 0.006161937229060748, 0.027247832411840808, 0.0030034140430451597], [0.9040390609890793, 0.05881735431421258, 0.003003107141434185, 0.005802198251248994, 0.025335172162591, 0.003003107141434185], [0.06420995904940595, 0.06566447413128663, 0.00301379615518382, 0.006011611534116662, 0.8580863629748231, 0.00301379615518382], [0.07472749007774133, 0.09905880174984202, 0.003055807506575251, 0.007343066474462872, 0.8127590266848034, 0.003055807506575251], [0.7911406716629894, 0.1358710708724755, 0.0030100319845707, 0.009747639183132584, 0.057220554312261, 0.0030100319845707], [0.1133534713427988, 0.15702316298081015, 0.0030248601892617676, 0.010774830676556973, 0.7127988146213106, 0.0030248601892617676], [0.11055451006048835, 0.1348648518313292, 0.0030088610182065828, 0.009850645829126122, 0.7387122702426432, 0.0030088610182065828], [0.8692079532352873, 0.08674809743327812, 0.003016145938608461, 0.00703382003122778, 0.030977837422989887, 0.003016145938608461], [0.07100445581821829, 0.0729398512836087, 0.003021583820508967, 0.006431380850586947, 0.8435811444065682, 0.003021583820508967], [0.8901594343976473, 0.06974636614087326, 0.003003385905086371, 0.006483285176209987, 0.027604142475096665, 0.003003385905086371], [0.8708983658707393, 0.08386150876885937, 0.0030153554443888616, 0.0071424307488296476, 0.03206698372279395, 0.0030153554443888616], [0.8212006633013441, 0.1172955736594148, 0.003001136010295479, 0.009710181055701761, 0.045791309962948334, 0.003001136010295479], [0.0029993351227560394, 0.0029993351227560394, 0.0029993351227560394, 0.0029993351227560394, 0.0029993351227560394, 0.9850033243862198], [0.0029993351227560394, 0.0029993351227560394, 0.0029993351227560394, 0.0029993351227560394, 0.0029993351227560394, 0.9850033243862198], [0.8377495085201343, 0.04376299585371589, 0.05847308014994266, 0.0110785898232609, 0.04592731848599834, 0.0030085071669478432], [0.98500332438622, 0.002999335122756038, 0.002999335122756038, 0.002999335122756038, 0.002999335122756038, 0.002999335122756038]], [[0.98500332438622, 0.002999335122756038, 0.002999335122756038, 0.002999335122756038, 0.002999335122756038, 0.002999335122756038], [0.9637179402756043, 0.0147688419445821, 0.0091616667008894, 0.0030017245238332588, 0.0063481020312576575, 0.0030017245238332588], [0.04692068297340914, 0.046266439976574286, 0.0030147136053192843, 0.004858735589584455, 0.8959247142497936, 0.0030147136053192843], [0.9091996988338417, 0.05902470331912822, 0.0030029185663055635, 0.004930219597276446, 0.020839541117142556, 0.0030029185663055635], [0.8864619527594516, 0.07640223346408645, 0.0030035327540276512, 0.00597457916803685, 0.02515416910036968, 0.0030035327540276512], [0.8260162072596393, 0.11768118639767891, 0.003001927792871156, 0.008422326610352991, 0.04187642414658651, 0.003001927792871156], [0.8114681663977448, 0.1320706391314458, 0.003003387546595329, 0.008919904976249953, 0.041534514401368856, 0.003003387546595329], [0.7996407555203574, 0.13663114492631542, 0.0030055766760998634, 0.010021368664752455, 0.04769557753637491, 0.0030055766760998634], [0.5111644098190777, 0.23454122464699825, 0.0030070180203482567, 0.01567155007651674, 0.2326087794167107, 0.0030070180203482567], [0.7835278832886882, 0.14518538764730643, 0.003014913081229005, 0.010804681073199075, 0.054452221828348336, 0.003014913081229005], [0.12871216489777104, 0.14469602414363153, 0.0030316341709219277, 0.01147701644076693, 0.7090515261759867, 0.0030316341709219277], [0.75978352393626, 0.15021552319883266, 0.0030128672951009526, 0.011084426656892849, 0.0728907916178125, 0.0030128672951009526], [0.4984966880517734, 0.2303942433887901, 0.003005827202521585, 0.017212731215887404, 0.2478846829385059, 0.003005827202521585], [0.7756138157094195, 0.15844172859823738, 0.0030047945655710274, 0.009992203395749214, 0.04994266316545189, 0.0030047945655710274], [0.11491127385317035, 0.11569062597272624, 0.0030124746317025447, 0.009574899537538374, 0.75379825137316, 0.0030124746317025447], [0.8422765961980117, 0.09856950725446151, 0.0030082297470718144, 0.00836655694332874, 0.044770880110054555, 0.0030082297470718144], [0.08093980237521607, 0.02830736080514677, 0.026727541825397785, 0.007259338271558553, 0.8536813061553761, 0.0030846505673047474], [0.98500332438622, 0.002999335122756038, 0.002999335122756038, 0.002999335122756038, 0.002999335122756038, 0.002999335122756038], [0.79533937269947, 0.05577663033799813, 0.07575757011258887, 0.01509423018392368, 0.05500475622702289, 0.0030274404389966656], [0.7656689757892537, 0.06480370894122144, 0.09159316865532376, 0.016060237369909323, 0.05881433699844488, 0.00305957224584691], [0.4720462296857699, 0.28557849250742817, 0.003051628833173215, 0.019447628936986844, 0.2168243912034687, 0.003051628833173215], [0.13313743604347522, 0.2107872500692037, 0.003071191370257421, 0.014050016055298618, 0.6358829150915076, 0.003071191370257421], [0.7636120668254718, 0.16328791299927822, 0.0030340974028731714, 0.011189599492323623, 0.05584222587718006, 0.0030340974028731714], [0.7971872529591074, 0.13368780156159069, 0.003006864430805541, 0.01047660479907331, 0.052634611818617554, 0.003006864430805541], [0.8763960023349814, 0.07519098815419525, 0.003015736762911732, 0.007246624219635051, 0.03513491176536484, 0.003015736762911732], [0.06894586321456068, 0.06372660971309993, 0.0030206845718390276, 0.0067399896360130955, 0.8545461682926483, 0.0030206845718390276], [0.8760412267502601, 0.07986855165761067, 0.003013841875202861, 0.006975698854064849, 0.031086838987658832, 0.003013841875202861], [0.10367221863618166, 0.14608544579087687, 0.0030044622522432717, 0.009907022471043843, 0.7343263885974111, 0.0030044622522432717], [0.745024839048126, 0.1888960136627992, 0.0030173498108116586, 0.011724253637565397, 0.0483201940298862, 0.0030173498108116586], [0.7701476766393409, 0.16166893688074868, 0.003027632803183421, 0.011388207940171846, 0.050739912933371774, 0.003027632803183421], [0.12083416792130654, 0.16455174137240455, 0.003040167321953774, 0.011818897488048126, 0.6967148585743332, 0.003040167321953774], [0.8085181927983003, 0.12716388084252056, 0.0030025087506705453, 0.010007994559082604, 0.04830491429875549, 0.0030025087506705453], [0.07771859780928127, 0.07684015073254101, 0.0030350806851587825, 0.007371362811367173, 0.8319997272764931, 0.0030350806851587825], [0.8744648852368004, 0.07942700165276832, 0.0030131324547754243, 0.0075153657316969005, 0.03256648246918358, 0.0030131324547754243], [0.8278740393536994, 0.11062999679176272, 0.0030021334882390912, 0.009742923230021908, 0.04574877364803772, 0.0030021334882390912], [0.7971954543490718, 0.13743006777522676, 0.0030062099994120546, 0.010584532278595805, 0.04877752559828144, 0.0030062099994120546], [0.15144524779531915, 0.14306870421683424, 0.0030166687416489962, 0.01179555702124643, 0.6876571534833023, 0.0030166687416489962], [0.4993947739213157, 0.22574946699082057, 0.0030039396506495683, 0.01698738545962759, 0.25186049432693697, 0.0030039396506495683], [0.8285812929853483, 0.04544808215052613, 0.05871620275426922, 0.011308032902918203, 0.052929839831642324, 0.003016549375295882], [0.98500332438622, 0.002999335122756038, 0.002999335122756038, 0.002999335122756038, 0.002999335122756038, 0.002999335122756038]], [[0.98500332438622, 0.002999335122756038, 0.002999335122756038, 0.002999335122756038, 0.002999335122756038, 0.002999335122756038], [0.9648922727077661, 0.014056121615591059, 0.008859981120440398, 0.003001638084583716, 0.006188348387035007, 0.003001638084583716], [0.9549257232176781, 0.02826489652045272, 0.003003733183777931, 0.003003733183777931, 0.007798180710535523, 0.003003733183777931], [0.9135696957876761, 0.05659867194723216, 0.0030043494235775592, 0.004995716024952185, 0.018827217392984513, 0.0030043494235775592], [0.8964606328871325, 0.06738307349365869, 0.003001203883020256, 0.005875216946523335, 0.02427866890664502, 0.003001203883020256], [0.8802694269284975, 0.08052814501519955, 0.003006914909408548, 0.006215470821460394, 0.026973127416025363, 0.003006914909408548], [0.10623450608483571, 0.12323445282120518, 0.0030050783705240476, 0.008847845836531277, 0.7556730385163796, 0.0030050783705240476], [0.8074035148975099, 0.13210793853475974, 0.0030031271919501007, 0.00960248897273477, 0.04487980321109524, 0.0030031271919501007], [0.798387113037796, 0.13490483046057133, 0.003006078444723173, 0.01020238323512217, 0.050493516377064195, 0.003006078444723173], [0.7999922842974164, 0.13192628365854436, 0.0030057276346945336, 0.010217591521229993, 0.05185238525342019, 0.0030057276346945336], [0.8077437677426653, 0.12655507266173066, 0.0030028570107282697, 0.010158597458393155, 0.049536848115754394, 0.0030028570107282697], [0.7988740017522268, 0.13241429664116985, 0.0030062675884062113, 0.010288663376132438, 0.05241050305365852, 0.0030062675884062113], [0.7902750629224113, 0.14015715235239307, 0.00301021793426911, 0.010713396883133783, 0.05283395197352354, 0.00301021793426911], [0.11932907758886646, 0.1316957140771898, 0.003019423515995898, 0.010500123140553593, 0.7324362381613982, 0.003019423515995898], [0.8293912235566578, 0.11001055846710993, 0.0030028668062780503, 0.008291918407431749, 0.046300565956244454, 0.0030028668062780503], [0.9116468909570193, 0.02791965310840318, 0.02423353232603205, 0.006576020045570545, 0.026612236420465535, 0.003011667142509288], [0.98500332438622, 0.002999335122756038, 0.002999335122756038, 0.002999335122756038, 0.002999335122756038, 0.002999335122756038], [0.98500332438622, 0.002999335122756038, 0.002999335122756038, 0.002999335122756038, 0.002999335122756038, 0.002999335122756038], [0.1239301069937081, 0.056324201709645416, 0.06555871059273342, 0.013994941179345575, 0.7371424617207443, 0.0030495778038232666], [0.125175511617516, 0.18982875339872168, 0.0030855124903668464, 0.015420811306383404, 0.6634038986966453, 0.0030855124903668464], [0.15892976673321807, 0.19830538239117826, 0.0031015469704701844, 0.01627897974734661, 0.6202827771873166, 0.0031015469704701844], [0.13626036470066227, 0.19715058978084973, 0.00311624784253604, 0.014261627159663828, 0.6460949226737521, 0.00311624784253604], [0.7705382278559915, 0.15915042944104862, 0.0030262415616642982, 0.011560514540120194, 0.05269834503951109, 0.0030262415616642982], [0.7832468849436137, 0.14370438949305703, 0.0030154172006442285, 0.0109025669735222, 0.056115324188518556, 0.0030154172006442285], [0.8208113789905499, 0.11079737580522593, 0.003004677450888954, 0.009946036529763124, 0.05243585377268316, 0.003004677450888954], [0.8790685317218653, 0.0715134932464332, 0.003019939599308719, 0.00693630687435195, 0.03644178895873201, 0.003019939599308719], [0.8363994808235887, 0.09935104037863492, 0.0030064100765200084, 0.009266583068736746, 0.04897007557599951, 0.0030064100765200084], [0.7667637244109191, 0.16375121971233259, 0.0030085965275983466, 0.010737852624537874, 0.05273001019701367, 0.0030085965275983466], [0.14431807937479693, 0.16361763843983396, 0.003029666465300455, 0.013969913559355876, 0.6720350356954122, 0.003029666465300455], [0.4817942582435367, 0.27228795789222576, 0.0030354108065715727, 0.018662780896902313, 0.22118418135419216, 0.0030354108065715727], [0.7609201228244058, 0.16728291098742848, 0.0030078076304472477, 0.011709799036309115, 0.05407155189096213, 0.0030078076304472477], [0.7998838965992631, 0.1313760038170915, 0.0030054516199406237, 0.010711414739361257, 0.05201778160440281, 0.0030054516199406237], [0.11375070035138604, 0.10708905047185051, 0.0030116728282125788, 0.010039378682198086, 0.7630975248381402, 0.0030116728282125788], [0.8819101897716966, 0.0726583571508485, 0.003009528706660682, 0.007267372944434381, 0.03214502271969917, 0.003009528706660682], [0.8609403547096345, 0.09043870978904552, 0.003026143767535227, 0.007973258113581011, 0.034595389852668634, 0.003026143767535227], [0.11480039075506118, 0.12579757685387968, 0.00300974146443853, 0.010160336016911613, 0.7432222134452704, 0.00300974146443853], [0.7843426620750605, 0.1493034638846581, 0.003014161911287883, 0.01126738928448416, 0.049058160933221455, 0.003014161911287883], [0.7798565709685343, 0.14525860603105326, 0.0030184917485237515, 0.010932862304677306, 0.05791497719868762, 0.0030184917485237515], [0.11667891085810579, 0.04982736651057237, 0.06590816378912143, 0.012064859046289955, 0.7524850704365488, 0.0030356293593616257], [0.98500332438622, 0.002999335122756038, 0.002999335122756038, 0.002999335122756038, 0.002999335122756038, 0.002999335122756038]], [[0.98500332438622, 0.002999335122756038, 0.002999335122756038, 0.002999335122756038, 0.002999335122756038, 0.002999335122756038], [0.9667102665278988, 0.01369525314631054, 0.007929092684127078, 0.0030015587302226828, 0.005662270181218179, 0.0030015587302226828], [0.9565180749019101, 0.027414218540765537, 0.0030021298251894524, 0.0030021298251894524, 0.007061317081756041, 0.0030021298251894524], [0.02371331991542082, 0.032187216587467087, 0.003025947301728254, 0.003025947301728254, 0.9350216215919274, 0.003025947301728254], [0.9080334518303812, 0.059422328545714956, 0.0030023436325054714, 0.005365755150334804, 0.021173777208558054, 0.0030023436325054714], [0.8876816680825741, 0.07254495416371487, 0.0030039381986483706, 0.006241925381702377, 0.02752357597471186, 0.0030039381986483706], [0.07617402673667946, 0.08457161184861674, 0.003036254493165472, 0.0070455878553557045, 0.8261362645730171, 0.003036254493165472], [0.8250007546663123, 0.11057142082264486, 0.0030033578402828913, 0.009358259853273003, 0.049062848977204095, 0.0030033578402828913], [0.826506122545781, 0.10974066485198582, 0.00300346086092449, 0.009224341600835032, 0.04852194927954916, 0.00300346086092449], [0.827683458729088, 0.10828434088847996, 0.003003895565551111, 0.009293728503740868, 0.04873068074758889, 0.003003895565551111], [0.8743946532374056, 0.07911289765059666, 0.0030143127315715368, 0.007102896542005522, 0.03336092710684909, 0.0030143127315715368], [0.8364242838969456, 0.10183320544016757, 0.003005996064870904, 0.009112524909155819, 0.04661799362398922, 0.003005996064870904], [0.8266048059293513, 0.10786195273676867, 0.0030047774579658893, 0.009196095252744209, 0.05032759116520404, 0.0030047774579658893], [0.1198949331943295, 0.10734584205229869, 0.003018630871629308, 0.009486763933744908, 0.7572351990763683, 0.003018630871629308], [0.8942212453212547, 0.0630517449201214, 0.0030073193038130976, 0.006428854321230789, 0.030283516829766956, 0.0030073193038130976], [0.9057496759090541, 0.05569120568928757, 0.003006042834784296, 0.005670468284538136, 0.026876564447551612, 0.003006042834784296], [0.9177046256412216, 0.025275121738255402, 0.023922280235225964, 0.005817951129514229, 0.024270396754089856, 0.0030096245016931044], [0.9003073333062548, 0.030053042070606748, 0.030497986396431004, 0.006786957596748028, 0.02934038711428662, 0.003014293515672751], [0.98500332438622, 0.002999335122756038, 0.002999335122756038, 0.002999335122756038, 0.002999335122756038, 0.002999335122756038], [0.12720213833770483, 0.06457627148140246, 0.07230958703399172, 0.014922087167085605, 0.717928141567453, 0.0030617744123623493], [0.14206112579547264, 0.18345591701778435, 0.00310143399404127, 0.0147683327075738, 0.6535117564910867, 0.00310143399404127], [0.48733047210956365, 0.2565721275769577, 0.0030212733742639667, 0.017488986099567998, 0.2325658674653827, 0.0030212733742639667], [0.7502841764952123, 0.1678609503285283, 0.0030490433384016405, 0.013311442105243286, 0.06244534439421287, 0.0030490433384016405], [0.7789716373702954, 0.14453438856347206, 0.003019102787577594, 0.011500772434687695, 0.05895499605638958, 0.003019102787577594], [0.8034469596172785, 0.12506999143873263, 0.00300672612486456, 0.010045620376885724, 0.05542397631737404, 0.00300672612486456], [0.8359989706978589, 0.09985874910404048, 0.003006225931072499, 0.009188715709660065, 0.048941112626295455, 0.003006225931072499], [0.8765252924025349, 0.07362035885961922, 0.0030205758945041237, 0.007462355197347013, 0.03635084175149057, 0.0030205758945041237], [0.8180700035420739, 0.11471570733768258, 0.003003653486015432, 0.010124365067628895, 0.051082617080583585, 0.003003653486015432], [0.12490617599649458, 0.1667880086567314, 0.003047839159311106, 0.012133816729956557, 0.6900763202981952, 0.003047839159311106], [0.7742180649151403, 0.15691313149013136, 0.003022908859327918, 0.011305602202048683, 0.05151738367402379, 0.003022908859327918], [0.7784397025047779, 0.15247142044900638, 0.0030185711873548958, 0.01143564358949044, 0.05161609108201551, 0.0030185711873548958], [0.8222007944639005, 0.11232411540257718, 0.0030026341698559432, 0.010103655816019774, 0.049366165977790796, 0.0030026341698559432], [0.8869617759426324, 0.0689244848104795, 0.0030073614900828012, 0.006951987426472997, 0.0311470288402496, 0.0030073614900828012], [0.8817650379253907, 0.07385899775885876, 0.0030084708141199616, 0.0071542230622524605, 0.03120479962525829, 0.0030084708141199616], [0.07895182768530967, 0.07810104845185617, 0.003038241301501982, 0.00765540610012887, 0.8292152351597013, 0.003038241301501982], [0.863195624289912, 0.08993616109434097, 0.0030230826271753406, 0.007518075316628951, 0.03330397404476734, 0.0030230826271753406], [0.8176598692093039, 0.12009000809995271, 0.0030011777350434144, 0.009785956871997965, 0.04646181034865868, 0.0030011777350434144], [0.8038600384430082, 0.1315893668299161, 0.003003818978790162, 0.01004882658303518, 0.048494130186460135, 0.003003818978790162], [0.857693315363957, 0.041292249316198515, 0.04783894288200789, 0.009270895197907842, 0.040892724334934426, 0.0030118729049942432], [0.98500332438622, 0.002999335122756038, 0.002999335122756038, 0.002999335122756038, 0.002999335122756038, 0.002999335122756038]], [[0.98500332438622, 0.002999335122756038, 0.002999335122756038, 0.002999335122756038, 0.002999335122756038, 0.002999335122756038], [0.9665431949617148, 0.013726703344261092, 0.008244971168333063, 0.0030011863007208474, 0.005482757924249313, 0.0030011863007208474], [0.9571413051284854, 0.026705928207452576, 0.003002143764053717, 0.003002143764053717, 0.007146335371900884, 0.003002143764053717], [0.9503383079605999, 0.03228600682679163, 0.00300722084423314, 0.00300722084423314, 0.00835402267990914, 0.00300722084423314], [0.05564667599413008, 0.0580175005777196, 0.003007301961315492, 0.005434703812475494, 0.8748865156930439, 0.003007301961315492], [0.8981213132310846, 0.06469749316472576, 0.0030016957778601404, 0.0060480530248863025, 0.02512974902358316, 0.0030016957778601404], [0.8768303265211242, 0.0769787230406458, 0.0030128102461571514, 0.007028555599276871, 0.033136774346638816, 0.0030128102461571514], [0.8365860630741038, 0.09946238136719636, 0.0030075458656911524, 0.009353060001868564, 0.048583403825449, 0.0030075458656911524], [0.11294086804775992, 0.0999113310081639, 0.0030151372289420933, 0.009425686110863642, 0.7716918403753283, 0.0030151372289420933], [0.8927336442006335, 0.06536457289101844, 0.0030053304263526507, 0.00638556179065456, 0.02950556026498833, 0.0030053304263526507], [0.8973376039540213, 0.060820042885406794, 0.0030059680862641954, 0.006442252066382667, 0.029388164921660864, 0.0030059680862641954], [0.8939397945092395, 0.06332276475331, 0.0030064887079043366, 0.0064538975709016585, 0.030270565750740174, 0.0030064887079043366], [0.8418123102265657, 0.0919727037830872, 0.003013578287212155, 0.009117138825303229, 0.05107069059061972, 0.003013578287212155], [0.8444311307752201, 0.09350573648274128, 0.0030096836016993127, 0.008426497490667683, 0.04761726804797226, 0.0030096836016993127], [0.8907019026159924, 0.06621435074658973, 0.0030080803001592722, 0.006292728945252706, 0.030774857091846547, 0.0030080803001592722], [0.06720943090330396, 0.05977232423996485, 0.0030173968120442186, 0.006061446380561894, 0.8609220048520808, 0.0030173968120442186], [0.9131860111800992, 0.052454848645025455, 0.0030063380243576555, 0.005307529441717678, 0.023038934684442288, 0.0030063380243576555], [0.06965314950489314, 0.06442766213575367, 0.0030195090543671996, 0.006193568941691407, 0.8536866013089274, 0.0030195090543671996], [0.0762673530756705, 0.03189744065397723, 0.032933348252602114, 0.007553403359951335, 0.8482804552023533, 0.0030679994554455776], [0.98500332438622, 0.002999335122756038, 0.002999335122756038, 0.002999335122756038, 0.002999335122756038, 0.002999335122756038], [0.1287702028504394, 0.06028167654486079, 0.06846697893210027, 0.014725790915751382, 0.7246936058602643, 0.0030617448965838388], [0.7920659006063103, 0.05750890010243907, 0.08072273936417992, 0.013734940938305778, 0.05294073311390921, 0.003026785874855731], [0.793500985228953, 0.057081144369535264, 0.07665721014513459, 0.014141855965965957, 0.055590456052651796, 0.0030283482377594715], [0.5205782972660444, 0.21896620207967804, 0.0030016061626798036, 0.01710908733781852, 0.2373432009910994, 0.0030016061626798036], [0.8047779235990435, 0.12608154250218778, 0.0030048766171987444, 0.010150304596657084, 0.05298047606771398, 0.0030048766171987444], [0.8315405765856277, 0.102090754558817, 0.0030065062594704928, 0.009245982494380323, 0.051109673842233874, 0.00