{"prediction": [[[0.98500332438622, 0.002999335122756038, 0.002999335122756038, 0.002999335122756038, 0.002999335122756038, 0.002999335122756038], [0.98500332438622, 0.002999335122756038, 0.002999335122756038, 0.002999335122756038, 0.002999335122756038, 0.002999335122756038], [0.98500332438622, 0.002999335122756038, 0.002999335122756038, 0.002999335122756038, 0.002999335122756038, 0.002999335122756038], [0.98500332438622, 0.002999335122756038, 0.002999335122756038, 0.002999335122756038, 0.002999335122756038, 0.002999335122756038], [0.98500332438622, 0.002999335122756038, 0.002999335122756038, 0.002999335122756038, 0.002999335122756038, 0.002999335122756038], [0.98500332438622, 0.002999335122756038, 0.002999335122756038, 0.002999335122756038, 0.002999335122756038, 0.002999335122756038], [0.98500332438622, 0.002999335122756038, 0.002999335122756038, 0.002999335122756038, 0.002999335122756038, 0.002999335122756038], [0.98500332438622, 0.002999335122756038, 0.002999335122756038, 0.002999335122756038, 0.002999335122756038, 0.002999335122756038], [0.98500332438622, 0.002999335122756038, 0.002999335122756038, 0.002999335122756038, 0.002999335122756038, 0.002999335122756038], [0.98500332438622, 0.002999335122756038, 0.002999335122756038, 0.002999335122756038, 0.002999335122756038, 0.002999335122756038], [0.98500332438622, 0.002999335122756038, 0.002999335122756038, 0.002999335122756038, 0.002999335122756038, 0.002999335122756038], [0.98500332438622, 0.002999335122756038, 0.002999335122756038, 0.002999335122756038, 0.002999335122756038, 0.002999335122756038], [0.98500332438622, 0.002999335122756038, 0.002999335122756038, 0.002999335122756038, 0.002999335122756038, 0.002999335122756038], [0.98500332438622, 0.002999335122756038, 0.002999335122756038, 0.002999335122756038, 0.002999335122756038, 0.002999335122756038], [0.98500332438622, 0.002999335122756038, 0.002999335122756038, 0.002999335122756038, 0.002999335122756038, 0.002999335122756038], [0.98500332438622, 0.002999335122756038, 0.002999335122756038, 0.002999335122756038, 0.002999335122756038, 0.002999335122756038], [0.98500332438622, 0.002999335122756038, 0.002999335122756038, 0.002999335122756038, 0.002999335122756038, 0.002999335122756038], [0.98500332438622, 0.002999335122756038, 0.002999335122756038, 0.002999335122756038, 0.002999335122756038, 0.002999335122756038], [0.98500332438622, 0.002999335122756038, 0.002999335122756038, 0.002999335122756038, 0.002999335122756038, 0.002999335122756038], [0.98500332438622, 0.002999335122756038, 0.002999335122756038, 0.002999335122756038, 0.002999335122756038, 0.002999335122756038], [0.98500332438622, 0.002999335122756038, 0.002999335122756038, 0.002999335122756038, 0.002999335122756038, 0.002999335122756038], [0.98500332438622, 0.002999335122756038, 0.002999335122756038, 0.002999335122756038, 0.002999335122756038, 0.002999335122756038], [0.98500332438622, 0.002999335122756038, 0.002999335122756038, 0.002999335122756038, 0.002999335122756038, 0.002999335122756038], [0.98500332438622, 0.002999335122756038, 0.002999335122756038, 0.002999335122756038, 0.002999335122756038, 0.002999335122756038], [0.98500332438622, 0.002999335122756038, 0.002999335122756038, 0.002999335122756038, 0.002999335122756038, 0.002999335122756038], [0.98500332438622, 0.002999335122756038, 0.002999335122756038, 0.002999335122756038, 0.002999335122756038, 0.002999335122756038], [0.98500332438622, 0.002999335122756038, 0.002999335122756038, 0.002999335122756038, 0.002999335122756038, 0.002999335122756038], [0.98500332438622, 0.002999335122756038, 0.002999335122756038, 0.002999335122756038, 0.002999335122756038, 0.002999335122756038], [0.98500332438622, 0.002999335122756038, 0.002999335122756038, 0.002999335122756038, 0.002999335122756038, 0.002999335122756038], [0.98500332438622, 0.002999335122756038, 0.002999335122756038, 0.002999335122756038, 0.002999335122756038, 0.002999335122756038], [0.98500332438622, 0.002999335122756038, 0.002999335122756038, 0.002999335122756038, 0.002999335122756038, 0.002999335122756038], [0.98500332438622, 0.002999335122756038, 0.002999335122756038, 0.002999335122756038, 0.002999335122756038, 0.002999335122756038], [0.98500332438622, 0.002999335122756038, 0.002999335122756038, 0.002999335122756038, 0.002999335122756038, 0.002999335122756038], [0.98500332438622, 0.002999335122756038, 0.002999335122756038, 0.002999335122756038, 0.002999335122756038, 0.002999335122756038], [0.98500332438622, 0.002999335122756038, 0.002999335122756038, 0.002999335122756038, 0.002999335122756038, 0.002999335122756038], [0.98500332438622, 0.002999335122756038, 0.002999335122756038, 0.002999335122756038, 0.002999335122756038, 0.002999335122756038], [0.98500332438622, 0.002999335122756038, 0.002999335122756038, 0.002999335122756038, 0.002999335122756038, 0.002999335122756038], [0.98500332438622, 0.002999335122756038, 0.002999335122756038, 0.002999335122756038, 0.002999335122756038, 0.002999335122756038], [0.98500332438622, 0.002999335122756038, 0.002999335122756038, 0.002999335122756038, 0.002999335122756038, 0.002999335122756038], [0.98500332438622, 0.002999335122756038, 0.002999335122756038, 0.002999335122756038, 0.002999335122756038, 0.002999335122756038]], [[0.98500332438622, 0.002999335122756038, 0.002999335122756038, 0.002999335122756038, 0.002999335122756038, 0.002999335122756038], [0.8927541557356851, 0.03531432641981366, 0.031290950448878085, 0.007543881837714846, 0.030079444567447867, 0.0030172409904605014], [0.8209279611203583, 0.05420972472277045, 0.06271160911018443, 0.012369340366553577, 0.04677392311880884, 0.003007441561324577], [0.13218743158814067, 0.060241464946597933, 0.08292156451029642, 0.01516293740231989, 0.7064078817380232, 0.0030787198146218957], [0.7902232646033307, 0.06075449225505165, 0.07869179154669928, 0.014270018408591769, 0.05303289233573613, 0.003027540850590514], [0.1273534402258374, 0.057078785268544846, 0.07604985092302491, 0.014622947728837325, 0.7218338664783416, 0.003061109375413915], [0.8335359434813691, 0.05092018941719119, 0.057140511621881995, 0.011159550453918837, 0.04423868676446559, 0.0030051182611734164], [0.8933858861138169, 0.032625696688945445, 0.034089838931720746, 0.00759467302644164, 0.0292886464073714, 0.0030152588317039555], [0.8562416361464417, 0.040986024359343703, 0.047529262098828684, 0.009309336208250567, 0.04292017621280068, 0.003013564974334746], [0.8321038838268967, 0.045754563812959184, 0.060127736939246834, 0.011222995110457289, 0.04778144083679212, 0.0030093794736479056], [0.8315550051230802, 0.04386462784911963, 0.05961065703501685, 0.011052873889091762, 0.05090262698650197, 0.003014209117189589], [0.8311709459580454, 0.04207759029803059, 0.06677771176767512, 0.010939163320862609, 0.0460251055457891, 0.003009483109597157], [0.1167996125792801, 0.03494602449063352, 0.030729263978157624, 0.007903258248316197, 0.8065441985704168, 0.0030776421331957238], [0.98500332438622, 0.002999335122756038, 0.002999335122756038, 0.002999335122756038, 0.002999335122756038, 0.002999335122756038], [0.98500332438622, 0.002999335122756038, 0.002999335122756038, 0.002999335122756038, 0.002999335122756038, 0.002999335122756038], [0.98500332438622, 0.002999335122756038, 0.002999335122756038, 0.002999335122756038, 0.002999335122756038, 0.002999335122756038], [0.9147502868915616, 0.02746171119824848, 0.01964170872382928, 0.005679364070725578, 0.029445356078169883, 0.0030215730374652246], [0.8527103079088162, 0.04179869989709376, 0.052327456218261306, 0.00929258475043301, 0.04086234326196433, 0.003008607963431405], [0.8334750602406147, 0.04600958193353996, 0.059720682533897125, 0.01129280932643084, 0.046493906290146235, 0.0030079596753711945], [0.8368616962011795, 0.04484902897531432, 0.06174334772341777, 0.010636087342316466, 0.04290484116481435, 0.0030049985929575997], [0.8932507922403293, 0.03260396013333065, 0.03596822476602467, 0.006814625576008186, 0.028348919138915872, 0.0030134781453912984], [0.06331946781000648, 0.030223424918850845, 0.026567422279557534, 0.006105335197154595, 0.8707515186152789, 0.0030328311791517327], [0.9198580288700321, 0.02712383427701541, 0.02492755507421327, 0.004916198864355534, 0.020169894773588038, 0.003004488140795722], [0.028607079996487768, 0.0167820116196542, 0.011700414919479473, 0.0035045057691256002, 0.9363487340898904, 0.0030572536053626643], [0.9208838779992548, 0.026213499363849233, 0.02355862784899084, 0.00511485912210477, 0.021222626580290536, 0.003006509085509909], [0.9211664742469624, 0.026238286311222565, 0.02328634334785214, 0.005118150377602634, 0.021184768692878383, 0.0030059770234818206], [0.9158508937488244, 0.026180530838420903, 0.02616464798820659, 0.005214664480456857, 0.023582267919769775, 0.0030069950243214634], [0.9265215538137195, 0.02433370687941392, 0.022248854909163417, 0.004709238803699147, 0.01917999498127173, 0.0030066506127323545], [0.9337255936539158, 0.022191576332741422, 0.019625696276027775, 0.004251716330385362, 0.017193045561317462, 0.0030123718456121673], [0.963239370243932, 0.01409729944853901, 0.010023598697040132, 0.003002080072055657, 0.006635571466377634, 0.003002080072055657], [0.966761375740737, 0.013563501566634573, 0.008033249891352885, 0.003001509496625507, 0.0056388538080246325, 0.003001509496625507], [0.014095212114922805, 0.011864165277451275, 0.007185127325118511, 0.00300438589966674, 0.9608467234831739, 0.00300438589966674], [0.010601564260788683, 0.010900060718752345, 0.006410277768118061, 0.0030025430101854374, 0.96608301123197, 0.0030025430101854374], [0.9721310045019661, 0.012078314612579093, 0.006218494006101213, 0.0030031478240781667, 0.0035658912311972188, 0.0030031478240781667], [0.972736035055898, 0.011551135484868002, 0.006045128629233723, 0.00300363088252289, 0.003660439064954619, 0.00300363088252289], [0.9721901499444489, 0.01199138465702594, 0.006282997994302052, 0.0030031383754685476, 0.0035291906532860856, 0.0030031383754685476], [0.971069642767876, 0.012052076064032878, 0.006800961314818822, 0.00300238970791966, 0.004072540437433074, 0.00300238970791966], [0.98500332438622, 0.002999335122756038, 0.002999335122756038, 0.002999335122756038, 0.002999335122756038, 0.002999335122756038], [0.9660728798478517, 0.015251874776865421, 0.007220191871524078, 0.003001838641005369, 0.005451376221748041, 0.003001838641005369], [0.98500332438622, 0.002999335122756038, 0.002999335122756038, 0.002999335122756038, 0.002999335122756038, 0.002999335122756038]], [[0.98500332438622, 0.002999335122756038, 0.002999335122756038, 0.002999335122756038, 0.002999335122756038, 0.002999335122756038], [0.8379288290025003, 0.0467719663249407, 0.05650854591427199, 0.010808936297142156, 0.044974866403612555, 0.003006856057532253], [0.771369612166559, 0.16196994834432882, 0.0030284127505805095, 0.010080568916738065, 0.05052304507121311, 0.0030284127505805095], [0.13133854890104973, 0.1846558462433865, 0.003084409136321602, 0.01234087192391776, 0.6654959146590028, 0.003084409136321602], [0.4854614239166571, 0.2701980829929306, 0.0030333701527160413, 0.017993652376004133, 0.22028010040897614, 0.0030333701527160413], [0.7496901600401963, 0.1739364637749398, 0.0030523808607811056, 0.011824684753317766, 0.05844392970998405, 0.0030523808607811056], [0.7708429750492426, 0.15257143171124923, 0.0030270070446183754, 0.010977157013422377, 0.05955442213684919, 0.0030270070446183754], [0.12847539301139996, 0.13611285999025322, 0.0030271391504139516, 0.010238073458837612, 0.7191193952386813, 0.0030271391504139516], [0.8002122442610877, 0.1266323974323149, 0.0030087169499420467, 0.010070546963510885, 0.057067377443202325, 0.0030087169499420467], [0.7878334950846368, 0.13415819019552244, 0.0030164315502191875, 0.010536955432574657, 0.06143849618682786, 0.0030164315502191875], [0.5246606349883762, 0.21190158373871854, 0.0030022175527581693, 0.015148137860599717, 0.242285208306789, 0.0030022175527581693], [0.14447706539469102, 0.04430481655448235, 0.05537300672315964, 0.01122188894421213, 0.7415220636718275, 0.0031011587116274494], [0.98500332438622, 0.002999335122756038, 0.002999335122756038, 0.002999335122756038, 0.002999335122756038, 0.002999335122756038], [0.8736086317961682, 0.03456622363458615, 0.034224395541241105, 0.008382002153449742, 0.046184050634608474, 0.003034696239946273], [0.9048695933095496, 0.0286577460642909, 0.024736715704748835, 0.0063791984461087445, 0.03233133737844976, 0.003025409096852053], [0.9069118922100888, 0.028018692347073625, 0.02490053958138993, 0.006366431968744126, 0.030782449287791017, 0.0030199946049124164], [0.98500332438622, 0.002999335122756038, 0.002999335122756038, 0.002999335122756038, 0.002999335122756038, 0.002999335122756038], [0.12456223154302629, 0.051587348648592914, 0.05994826326196722, 0.01289549554887058, 0.7479554997706293, 0.003051161226913746], [0.7825199967302109, 0.15160393252937815, 0.0030173584519606195, 0.009799685947838107, 0.050041667888651574, 0.0030173584519606195], [0.1210837221262339, 0.1643784683200149, 0.003040658425432269, 0.011644044843984605, 0.696812447858902, 0.003040658425432269], [0.7957239476744351, 0.14378596825611342, 0.003009878472735379, 0.008772906311766011, 0.04569742081221468, 0.003009878472735379], [0.07151500444427449, 0.09647510695872506, 0.0030394509981820743, 0.007094806994430473, 0.8188361796062057, 0.0030394509981820743], [0.8814209157793639, 0.07877332800139453, 0.003006539653733811, 0.006207498922919231, 0.027585177988854737, 0.003006539653733811], [0.06904590030899108, 0.0793079872834064, 0.003020889519585165, 0.006222734015151878, 0.8393815993532804, 0.003020889519585165], [0.8814238820745982, 0.07930392073888683, 0.003006622145891488, 0.006002536031416675, 0.02725641686331521, 0.003006622145891488], [0.8800586367724569, 0.08270963150298183, 0.003009287539127741, 0.0061177298723908095, 0.025095426773915016, 0.003009287539127741], [0.842427619925009, 0.10497730669714082, 0.0030041892135479593, 0.008025307566486398, 0.038561387384267835, 0.0030041892135479593], [0.8889470154947028, 0.07515282002577305, 0.0030040055503729244, 0.005617850490692389, 0.024274302888085957, 0.0030040055503729244], [0.9084886212182824, 0.058433086110265965, 0.0030030695109142043, 0.005086938273439907, 0.021985215376183254, 0.0030030695109142043], [0.04849016847209474, 0.022411199190224267, 0.019352500004617426, 0.004556170380195186, 0.9021707102257949, 0.0030192517270734957], [0.98500332438622, 0.002999335122756038, 0.002999335122756038, 0.002999335122756038, 0.002999335122756038, 0.002999335122756038], [0.9663677037770717, 0.013575335256506893, 0.008420520754007786, 0.0030012798370016294, 0.005633880538410421, 0.0030012798370016294], [0.9655244741905032, 0.0207332465044849, 0.0030012481039403092, 0.0030012481039403092, 0.004738534993190946, 0.0030012481039403092], [0.00900035898306653, 0.0189299372379414, 0.0030044436965101515, 0.0030044436965101515, 0.9630563726894615, 0.0030044436965101515], [0.9677576108636874, 0.019316614257701342, 0.003002276005534916, 0.003002276005534916, 0.003918946862006558, 0.003002276005534916], [0.008700014036314192, 0.01946893658050334, 0.003004070645987511, 0.003004070645987511, 0.9628188374452199, 0.003004070645987511], [0.9657940546421047, 0.02084045803356412, 0.003001178896572319, 0.003001178896572319, 0.0043619506346140955, 0.003001178896572319], [0.9672434707707118, 0.01359220247643686, 0.0082270794744152, 0.0030008527100488726, 0.004935541858338318, 0.0030008527100488726], [0.98500332438622, 0.002999335122756038, 0.002999335122756038, 0.002999335122756038, 0.002999335122756038, 0.002999335122756038], [0.98500332438622, 0.002999335122756038, 0.002999335122756038, 0.002999335122756038, 0.002999335122756038, 0.002999335122756038]], [[0.98500332438622, 0.002999335122756038, 0.002999335122756038, 0.002999335122756038, 0.002999335122756038, 0.002999335122756038], [0.08357356610423317, 0.03767735246669384, 0.04171754213144104, 0.008470468431368042, 0.825457101416315, 0.0031039694499489707], [0.11971040404505962, 0.1650594473800978, 0.0030400121381514043, 0.010767242525062995, 0.6983828817734767, 0.0030400121381514043], [0.7503133134118849, 0.17799198373737585, 0.0030533399845938, 0.012052743966758697, 0.053535278914792844, 0.0030533399845938], [0.7483214629916293, 0.17826461241614538, 0.003055644870364896, 0.011935158102742718, 0.055367476748752906, 0.003055644870364896], [0.7569458709951091, 0.16764866904852707, 0.0030419767175652772, 0.011880023886841232, 0.05744148263439209, 0.0030419767175652772], [0.7729128227396247, 0.155349269221135, 0.003024216003973118, 0.011046057647329618, 0.054643418383964526, 0.003024216003973118], [0.8473501892507097, 0.09967014847896202, 0.0030485309402930837, 0.007959814409049559, 0.03892278598069258, 0.0030485309402930837], [0.8189518981132852, 0.11349782865959687, 0.003004430113208309, 0.009373929434569455, 0.05216748356613193, 0.003004430113208309], [0.8022432003740957, 0.12746236983933013, 0.0030064362319019633, 0.009935416130841012, 0.054346141191929286, 0.0030064362319019633], [0.8284500679195724, 0.04768131739537833, 0.048188146161268104, 0.011722773039679639, 0.060921973844447745, 0.003035721639653817], [0.98500332438622, 0.002999335122756038, 0.002999335122756038, 0.002999335122756038, 0.002999335122756038, 0.002999335122756038], [0.0029993351227560394, 0.0029993351227560394, 0.0029993351227560394, 0.0029993351227560394, 0.0029993351227560394, 0.9850033243862198], [0.835007179705568, 0.09571942621477018, 0.0030123434451931608, 0.008807026141838266, 0.05444168104743713, 0.0030123434451931608], [0.8744771389613049, 0.07841169775597359, 0.003019456214153395, 0.0065364685363457605, 0.03453578231806907, 0.003019456214153395], [0.8282903701962435, 0.10681823809458964, 0.0030056742383421545, 0.008586031110435492, 0.05029401212204693, 0.0030056742383421545], [0.8537867678979407, 0.04095102237892615, 0.04374875099192193, 0.010180047512668378, 0.0483120139321244, 0.003021397286418504], [0.98500332438622, 0.002999335122756038, 0.002999335122756038, 0.002999335122756038, 0.002999335122756038, 0.002999335122756038], [0.5514121775965988, 0.05963546580749051, 0.1259098140438523, 0.016776915751106056, 0.24326295738443063, 0.003002669416521627], [0.7757596873335444, 0.15726133883823015, 0.0030238369147993485, 0.009645784724139366, 0.05128551527448748, 0.0030238369147993485], [0.12098377189435981, 0.15373192628183602, 0.0030297182788991293, 0.010505075248820876, 0.708719790017185, 0.0030297182788991293], [0.8131699245428156, 0.12523066216329898, 0.0030022664443242753, 0.008968986792694636, 0.046625893612542386, 0.0030022664443242753], [0.8708472615847873, 0.0841906989475036, 0.0030157868475717262, 0.006878122743976901, 0.032052343028588656, 0.0030157868475717262], [0.8756851175810176, 0.08173254138061985, 0.003011007584026727, 0.0065568454992480695, 0.03000348037106105, 0.003011007584026727], [0.0762605168707157, 0.0966105231948465, 0.0030488029637622265, 0.007040482551751014, 0.8139908714551624, 0.0030488029637622265], [0.1049977468384481, 0.12091263867158726, 0.00300608649103802, 0.008581917468073174, 0.7594955240398154, 0.00300608649103802], [0.8234509618870074, 0.12373481640302317, 0.0030027465520369116, 0.008233594623539415, 0.03857513398235622, 0.0030027465520369116], [0.09718890094714688, 0.10789978438956718, 0.0030049652464936203, 0.008421969233376932, 0.7804794149369217, 0.0030049652464936203], [0.907634900913449, 0.027729698058374653, 0.029437110308294566, 0.005863455000392702, 0.02632572889086279, 0.003009106828626318], [0.98500332438622, 0.002999335122756038, 0.002999335122756038, 0.002999335122756038, 0.002999335122756038, 0.002999335122756038], [0.98500332438622, 0.002999335122756038, 0.002999335122756038, 0.002999335122756038, 0.002999335122756038, 0.002999335122756038], [0.98500332438622, 0.002999335122756038, 0.002999335122756038, 0.002999335122756038, 0.002999335122756038, 0.002999335122756038], [0.9679318855996701, 0.013483640418099824, 0.007496595845151114, 0.003001467388947382, 0.005084943359184178, 0.003001467388947382], [0.9644291881262765, 0.021801211620117996, 0.003000702976594749, 0.003000702976594749, 0.004767491323821096, 0.003000702976594749], [0.964671264362481, 0.021397231905946976, 0.0030009217100362582, 0.0030009217100362582, 0.0049287386014632345, 0.0030009217100362582], [0.963613122888063, 0.022851732005713603, 0.003000285999339539, 0.003000285999339539, 0.004534287108204795, 0.003000285999339539], [0.01241544993096728, 0.02344294759921329, 0.0030014960057272422, 0.0030014960057272422, 0.9551371144526377, 0.0030014960057272422], [0.961992768087792, 0.023914181946718793, 0.0030001287141973062, 0.0030001287141973062, 0.0050926638228973335, 0.0030001287141973062], [0.013026771203552865, 0.012572320782451529, 0.007947575334505779, 0.0030023849168398964, 0.96044856284581, 0.0030023849168398964], [0.98500332438622, 0.002999335122756038, 0.002999335122756038, 0.002999335122756038, 0.002999335122756038, 0.002999335122756038]], [[0.98500332438622, 0.002999335122756038, 0.002999335122756038, 0.002999335122756038, 0.002999335122756038, 0.002999335122756038], [0.8993178036232012, 0.03358952559830201, 0.028678926953254826, 0.006778674941582826, 0.028621802668451844, 0.00301326621520733], [0.838605468373105, 0.11123366319777402, 0.0030623645906936, 0.007895269487924782, 0.036140869759808895, 0.0030623645906936], [0.7746424392064936, 0.1585967300480681, 0.0030240390585303343, 0.010676452155347155, 0.05003630047303061, 0.0030240390585303343], [0.7707612630695941, 0.15847117143349732, 0.0030266809342998613, 0.011008544215875835, 0.05370565941243312, 0.0030266809342998613], [0.7772410939791058, 0.15504698149882173, 0.003020870424930123, 0.01075824174311354, 0.05091194192909873, 0.003020870424930123], [0.08484616134806237, 0.10913430709954948, 0.003088576887939602, 0.008297733160696827, 0.7915446446158121, 0.003088576887939602], [0.8695581901964422, 0.08316750139842989, 0.003018349366242716, 0.007246032664019916, 0.033991577008622605, 0.003018349366242716], [0.878916164200362, 0.0744745434597846, 0.003012550479543896, 0.00707272856419901, 0.03351146281656646, 0.003012550479543896], [0.11983584331144898, 0.1056772790216704, 0.0030173911901168757, 0.009730842513000743, 0.7587212527736462, 0.0030173911901168757], [0.0029993351227560394, 0.0029993351227560394, 0.0029993351227560394, 0.0029993351227560394, 0.0029993351227560394, 0.9850033243862198], [0.8382388269060815, 0.04610908994391107, 0.046801245701226284, 0.0119228871188659, 0.05390415460631566, 0.003023795723599372], [0.0029993351227560394, 0.0029993351227560394, 0.0029993351227560394, 0.0029993351227560394, 0.0029993351227560394, 0.9850033243862198], [0.8143911051436796, 0.11670052244630491, 0.003005201539248083, 0.009994953756880143, 0.05290301557463908, 0.003005201539248083], [0.8321876783027408, 0.10486222103348654, 0.003004584288540682, 0.008619322419432945, 0.04832160966725835, 0.003004584288540682], [0.8715940461079094, 0.0823595721918836, 0.0030161534455634444, 0.006910700165085684, 0.03310337464399449, 0.0030161534455634444], [0.8287187607604598, 0.11058511265934073, 0.003003375293397694, 0.008396055126190708, 0.04629332086721349, 0.003003375293397694], [0.8310975509333501, 0.042018149887030266, 0.0597338258627663, 0.011644267015743994, 0.05248850439458372, 0.003017701906525672], [0.98500332438622, 0.002999335122756038, 0.002999335122756038, 0.002999335122756038, 0.002999335122756038, 0.002999335122756038], [0.8230856587601107, 0.049584896037666575, 0.06080344436499098, 0.012433030638917836, 0.05107989639121729, 0.0030130738070966033], [0.8119511147423301, 0.12638656669978768, 0.0030032230351495315, 0.00834407031583989, 0.04731180217174336, 0.0030032230351495315], [0.8666425399296055, 0.08758802367070112, 0.0030199812097028785, 0.006963490792024138, 0.032765983188263535, 0.0030199812097028785], [0.8776992022426181, 0.07662638739594659, 0.0030126057341127986, 0.006656414870146295, 0.03299278402306341, 0.0030126057341127986], [0.8715684533284503, 0.08588655287929617, 0.0030138883275540366, 0.006757945526532203, 0.029759271610613272, 0.0030138883275540366], [0.10756510033721908, 0.12672915161314394, 0.003005807331903081, 0.009090122492146706, 0.7506040108936841, 0.003005807331903081], [0.8121482101634325, 0.13227619697993748, 0.003004724955724842, 0.009018351093872525, 0.04054779185130779, 0.003004724955724842], [0.8082122545790552, 0.12855231010984416, 0.0030050596177017986, 0.009077743072130232, 0.04814757300356691, 0.0030050596177017986], [0.8465882523077336, 0.04473375618919589, 0.05472556475641844, 0.0098368151095998, 0.04111066043883141, 0.003004951198220982], [0.98500332438622, 0.002999335122756038, 0.002999335122756038, 0.002999335122756038, 0.002999335122756038, 0.002999335122756038], [0.9105250523907612, 0.028435348879099796, 0.02306091138920722, 0.0061605637379151725, 0.028801533926260225, 0.00301658967675645], [0.98500332438622, 0.002999335122756038, 0.002999335122756038, 0.002999335122756038, 0.002999335122756038, 0.002999335122756038], [0.04122554081840508, 0.02236861976302087, 0.019097778625547564, 0.004420039016156449, 0.9098732613859407, 0.00301476039092926], [0.015267944419978622, 0.024722346347008352, 0.0030038103746523694, 0.0030038103746523694, 0.9509982781090559, 0.0030038103746523694], [0.01471742002325961, 0.024244079830400382, 0.0030032446331659792, 0.0030032446331659792, 0.9520287662468421, 0.0030032446331659792], [0.9604160286297715, 0.025475011245084764, 0.002999999997201131, 0.002999999997201131, 0.005108960133540336, 0.002999999997201131], [0.015676070785708075, 0.026399899921904682, 0.0030040027297823764, 0.0030040027297823764, 0.9489120211030401, 0.0030040027297823764], [0.01761302328528701, 0.029490611434335335, 0.0030075518829371897, 0.0030075518829371897, 0.9438737096315661, 0.0030075518829371897], [0.03995771902599567, 0.04566426952918726, 0.00301720114407932, 0.004873839860921584, 0.9034697692957369, 0.00301720114407932], [0.9629930878803544, 0.015287514772721321, 0.01020132326596596, 0.003000603257738116, 0.005516867565482112, 0.003000603257738116], [0.98500332438622, 0.002999335122756038, 0.002999335122756038, 0.002999335122756038, 0.002999335122756038, 0.002999335122756038]], [[0.98500332438622, 0.002999335122756038, 0.002999335122756038, 0.002999335122756038, 0.002999335122756038, 0.002999335122756038], [0.9133004646929441, 0.028760162943202598, 0.024102317653220684, 0.005968236065211055, 0.024860025893757548, 0.0030087927516640827], [0.8651561190836952, 0.09067840542379907, 0.0030210842685887813, 0.0066624902662465605, 0.031460816689081766, 0.0030210842685887813], [0.08285424388321583, 0.10520582196641093, 0.003076450766694245, 0.007455722177647082, 0.7983313104393377, 0.003076450766694245], [0.7893906726769283, 0.14447958773712724, 0.003011687046354074, 0.0098671167828395, 0.05023924871039676, 0.003011687046354074], [0.8520919555072752, 0.09981038547235432, 0.0030387195041079638, 0.007377132371442113, 0.03464308764071249, 0.0030387195041079638], [0.869242720699981, 0.08663949836076862, 0.0030163867423037794, 0.006995192486670047, 0.031089814967972765, 0.0030163867423037794], [0.8847192481233704, 0.07050230668342865, 0.0030087726955436178, 0.0068817947481714156, 0.031879105053942286, 0.0030087726955436178], [0.8912047732060435, 0.06477497367591488, 0.0030079486683654657, 0.0065680898774996225, 0.03143626590381097, 0.0030079486683654657], [0.8412583150573847, 0.09270921535459566, 0.0030133343364748696, 0.008921352284340578, 0.05108444863072938, 0.0030133343364748696], [0.0029993351227560394, 0.0029993351227560394, 0.0029993351227560394, 0.0029993351227560394, 0.0029993351227560394, 0.9850033243862198], [0.8142242138126494, 0.10823420677927434, 0.0030154377307354363, 0.009289930153389588, 0.062220773793215736, 0.0030154377307354363], [0.5347543012086298, 0.20613035509887534, 0.0030026120943590314, 0.014278357901881495, 0.23883176160189543, 0.0030026120943590314], [0.8022590624310432, 0.12890383119124962, 0.0030084761668236907, 0.00962698533507802, 0.05319316870898198, 0.0030084761668236907], [0.12103752346656795, 0.1232326913144644, 0.003019433899992159, 0.009551600592143293, 0.74013931682684, 0.003019433899992159], [0.1050311999619379, 0.11026165476093569, 0.0030074723357952564, 0.008210796019057966, 0.770481404586478, 0.0030074723357952564], [0.86810308650722, 0.08681517982150486, 0.0030195781787609984, 0.006202636490492296, 0.03283994082326095, 0.0030195781787609984], [0.8622965986415051, 0.041270848376539285, 0.04500331699122544, 0.00878171580763726, 0.03963340192412358, 0.0030141182589694493], [0.98500332438622, 0.002999335122756038, 0.002999335122756038, 0.002999335122756038, 0.002999335122756038, 0.002999335122756038], [0.98500332438622, 0.002999335122756038, 0.002999335122756038, 0.002999335122756038, 0.002999335122756038, 0.002999335122756038], [0.0819252229184279, 0.03137709200095213, 0.027877500614806695, 0.007181018633680866, 0.8485504605582278, 0.0030887052739046123], [0.8893942460840082, 0.06699279087080112, 0.0030089569855971643, 0.0057186659810789945, 0.03187638309291752, 0.0030089569855971643], [0.8843269279141158, 0.07323290381049631, 0.003007310679371142, 0.006174135145141612, 0.030251411771504016, 0.003007310679371142], [0.11259071972344949, 0.11402511584776956, 0.003009539603597246, 0.009114181107145096, 0.7582509041144414, 0.003009539603597246], [0.817560290007404, 0.12379933792286811, 0.003001807298215578, 0.008699880255942542, 0.04393687721735421, 0.003001807298215578], [0.7986817944819906, 0.13149209192038383, 0.003010212829966079, 0.009868351251433021, 0.05393733668626017, 0.003010212829966079], [0.5366420944994311, 0.05322410937956343, 0.09943130107696611, 0.018821006010453077, 0.2888734782058328, 0.0030080108277535716], [0.98500332438622, 0.002999335122756038, 0.002999335122756038, 0.002999335122756038, 0.002999335122756038, 0.002999335122756038], [0.98500332438622, 0.002999335122756038, 0.002999335122756038, 0.002999335122756038, 0.002999335122756038, 0.002999335122756038], [0.8626407582610603, 0.03736271512926245, 0.04462853794362933, 0.009013999131406833, 0.043334443551676545, 0.0030195459829643403], [0.98500332438622, 0.002999335122756038, 0.002999335122756038, 0.002999335122756038, 0.002999335122756038, 0.002999335122756038], [0.04875452050089765, 0.02558027758832571, 0.022319071895358183, 0.004819263295937391, 0.8955131080046512, 0.003013758714829833], [0.04356555827562064, 0.045481205905570934, 0.003016113473769303, 0.004872407094186607, 0.9000486017770832, 0.003016113473769303], [0.9548224816873843, 0.02909367378465673, 0.003002716111081895, 0.003002716111081895, 0.007075696194713312, 0.003002716111081895], [0.9544091978808795, 0.028789988324130215, 0.003003942347183445, 0.003003942347183445, 0.007788986753439831, 0.003003942347183445], [0.9516937215725033, 0.03195050670153497, 0.0030048551356850286, 0.0030048551356850286, 0.0073412063189065985, 0.0030048551356850286], [0.9123624267356866, 0.05705976659812635, 0.0030041821635311745, 0.00471427286786296, 0.019855169471261713, 0.0030041821635311745], [0.9171267024229789, 0.05529133535428502, 0.0030063796996753914, 0.004715336349440735, 0.01685386647394455, 0.0030063796996753914], [0.9344264435153244, 0.02308331626489013, 0.019745876821696953, 0.004297652901219751, 0.015435104947470085, 0.0030116055493986647], [0.98500332438622, 0.002999335122756038, 0.002999335122756038, 0.002999335122756038, 0.002999335122756038, 0.002999335122756038]], [[0.98500332438622, 0.002999335122756038, 0.002999335122756038, 0.002999335122756038, 0.002999335122756038, 0.002999335122756038], [0.9511023086608458, 0.01855941292789151, 0.011835886605204227, 0.0037643434892373788, 0.011716175323307326, 0.003021872993513776], [0.878130570375813, 0.07912631830233817, 0.0030100027446320265, 0.006314703203315671, 0.030408402629269134, 0.0030100027446320265], [0.8674105119281064, 0.08711738280167874, 0.003019320505169795, 0.006804465224487196, 0.0326289990353882, 0.003019320505169795], [0.8683122466411551, 0.0843374695736832, 0.0030198335209624776, 0.007034115292993097, 0.03427650145024363, 0.0030198335209624776], [0.8849008237170541, 0.07342488106920969, 0.0030063068378782445, 0.006222365448785792, 0.029439316089193732, 0.0030063068378782445], [0.8975926007427265, 0.06131764371862095, 0.0030057946470131098, 0.005980630879494623, 0.02909753536513175, 0.0030057946470131098], [0.9042271887483464, 0.056569843991995473, 0.003005512372402669, 0.006121789239656732, 0.02707015327519602, 0.003005512372402669], [0.8973859021549074, 0.05710539613538181, 0.0030125653415113062, 0.006446640571832856, 0.03303693045485535, 0.0030125653415113062], [0.0029993351227560394, 0.0029993351227560394, 0.0029993351227560394, 0.0029993351227560394, 0.0029993351227560394, 0.9850033243862198], [0.8395780719774849, 0.09390583082755104, 0.003012208392173219, 0.009299862686300063, 0.05119181772431767, 0.003012208392173219], [0.11922073954631097, 0.12089759282625821, 0.003013515307930179, 0.009945803792383365, 0.7439088332191871, 0.003013515307930179], [0.8101122943698135, 0.12375625546876637, 0.003003904217287368, 0.009072404067148846, 0.05105123765969669, 0.003003904217287368], [0.8077670237028282, 0.12882701888050768, 0.003004764661922419, 0.009510443361441152, 0.04788598473137821, 0.003004764661922419], [0.8309112480198615, 0.11253763546427525, 0.003001935705783079, 0.008187822024270505, 0.042359423080026465, 0.003001935705783079], [0.882934402480194, 0.07668889499824807, 0.003006371646278931, 0.006022202645963778, 0.028341756583036413, 0.003006371646278931], [0.8992675913897169, 0.06420341984678153, 0.0030022830099942195, 0.0053618521393918005, 0.025162570604121408, 0.0030022830099942195], [0.8900670639036782, 0.07090539433536162, 0.003004164806807249, 0.00544969659789152, 0.027569515549454273, 0.003004164806807249], [0.8821569779053916, 0.034687391674360434, 0.03800336169762457, 0.0073990154932070465, 0.03472446197565795, 0.0030287912537584416], [0.0728961249797469, 0.02608287031792464, 0.02344731673620845, 0.006027071936431391, 0.8684855169970906, 0.003061099032598046], [0.98500332438622, 0.002999335122756038, 0.002999335122756038, 0.002999335122756038, 0.002999335122756038, 0.002999335122756038], [0.06359963205066266, 0.02473704540845142, 0.020188407594960652, 0.005450338950147107, 0.8829841495776157, 0.0030404264181624245], [0.06649759618550824, 0.026969700046491338, 0.024068378782994934, 0.006060953872199956, 0.8733607267430827, 0.003042644369722764], [0.9055287446787369, 0.027466212533629655, 0.030841333073109285, 0.00639616285667631, 0.026757718117308683, 0.003009828740539129], [0.8617939669905078, 0.03893672867002567, 0.04461361049801083, 0.009247780755774947, 0.04239047815579328, 0.00301743492988744], [0.8500759639826307, 0.04336068046037181, 0.04757094053855632, 0.01060454748252223, 0.04537513258473505, 0.0030127349511837815], [0.98500332438622, 0.002999335122756038, 0.002999335122756038, 0.002999335122756038, 0.002999335122756038, 0.002999335122756038], [0.8297468855410265, 0.048728160553846364, 0.05935142386477365, 0.01129006614039128, 0.047873529028051386, 0.003009934871910634], [0.839356565463806, 0.0467874036410802, 0.05637022994452549, 0.010345113191249795, 0.0441345324095356, 0.0030061553498030268], [0.8212899742155298, 0.1187784700037973, 0.0030013147315136215, 0.00917780093392131, 0.04475112538372427, 0.0030013147315136215], [0.06415923912876319, 0.033898857955542885, 0.027723977678840685, 0.006513066188274536, 0.864670230656796, 0.0030346283917827084], [0.05690682806542631, 0.06243060981991827, 0.003006555890855729, 0.005210519142174193, 0.8694389311907698, 0.003006555890855729], [0.053710366237344445, 0.055530113567706436, 0.003008387010554312, 0.00486110171140412, 0.8798816444624364, 0.003008387010554312], [0.9467515064789358, 0.03488949478594876, 0.003012278388407881, 0.003089659659354562, 0.009244782298945072, 0.003012278388407881], [0.9436568974201511, 0.036924480119838676, 0.0030177027313072944, 0.003262953053187849, 0.010120263944207765, 0.0030177027313072944], [0.9023765774562954, 0.06392010200979995, 0.003001159349574734, 0.005450790701950516, 0.02225021113280452, 0.003001159349574734], [0.8988793431503739, 0.06636489148796726, 0.003001153849068773, 0.005453828842083575, 0.02329962882143782, 0.003001153849068773], [0.06362341659548905, 0.07013450611082006, 0.0030116771775241876, 0.005361616957782308, 0.8548571059808603, 0.0030116771775241876], [0.9263307231644781, 0.025780530993879256, 0.022951874841293952, 0.004787306799794653, 0.017143766957788038, 0.0030057972427660214], [0.98500332438622, 0.002999335122756038, 0.002999335122756038, 0.002999335122756038, 0.002999335122756038, 0.002999335122756038]], [[0.98500332438622, 0.002999335122756038, 0.002999335122756038, 0.002999335122756038, 0.002999335122756038, 0.002999335122756038], [0.9236411936100739, 0.025466807486811405, 0.020604999874245643, 0.005070981415611011, 0.02220554176979959, 0.0030104758434583226], [0.8875044689763663, 0.07196136762303246, 0.00300494126120916, 0.006021924416525211, 0.02850235646165776, 0.00300494126120916], [0.8801372166318121, 0.07634911117868769, 0.003009719311911635, 0.0063019774497379685, 0.03119225611593903, 0.003009719311911635], [0.8865920299895843, 0.06980502138518752, 0.0030076962359901365, 0.006438611414794142, 0.03114894473845368, 0.0030076962359901365], [0.8997121445949389, 0.06091948768598782, 0.0030041891452876365, 0.005968236927935709, 0.027391752500562395, 0.0030041891452876365], [0.9019135989568127, 0.05930871837716146, 0.0030040595223571453, 0.006080358296740812, 0.026689205324570784, 0.0030040595223571453], [0.07145027734723366, 0.056262937277964414, 0.0030255640527228254, 0.006232005833360062, 0.8600036514359962, 0.0030255640527228254], [0.0029993351227560394, 0.0029993351227560394, 0.0029993351227560394, 0.0029993351227560394, 0.0029993351227560394, 0.9850033243862198], [0.0029993351227560394, 0.0029993351227560394, 0.0029993351227560394, 0.0029993351227560394, 0.0029993351227560394, 0.9850033243862198], [0.8840908383763482, 0.0719929111306031, 0.0030083595682629913, 0.006555069249234284, 0.0313444621072883, 0.0030083595682629913], [0.8373955436061165, 0.1052434735099909, 0.0030050044554785983, 0.008291917131620136, 0.0430590568413154, 0.0030050044554785983], [0.11211355937726919, 0.12637239896422386, 0.0030084677107683646, 0.00926350289565959, 0.7462336033413106, 0.0030084677107683646], [0.8328730010681284, 0.11119674233192414, 0.0030022033850588396, 0.008074432830879837, 0.04185141699894985, 0.0030022033850588396], [0.8815287082888151, 0.07876447692762853, 0.0030089567517606833, 0.0059080918770074405, 0.027780809403027507, 0.0030089567517606833], [0.9049476565361613, 0.06086672803632298, 0.0030021765574171277, 0.005267150612947832, 0.022914111699733758, 0.0030021765574171277], [0.05252068139860351, 0.052395748579361384, 0.003010127383208539, 0.004864542645628412, 0.8841987726099895, 0.003010127383208539], [0.9206843763580983, 0.04943803956139865, 0.003009494871052274, 0.0047201739953436125, 0.019138420343054935, 0.003009494871052274], [0.9131821724653234, 0.05200243386810127, 0.003007445168789081, 0.004851927417463615, 0.023948575911533453, 0.003007445168789081], [0.9241138067910085, 0.04510092472268452, 0.003013380215621974, 0.004727915643486816, 0.02003059241157625, 0.003013380215621974], [0.9302900107294026, 0.022014175404228183, 0.01838611749011638, 0.0048027573390482595, 0.021491599601860187, 0.0030153394353442664], [0.98500332438622, 0.002999335122756038, 0.002999335122756038, 0.002999335122756038, 0.002999335122756038, 0.002999335122756038], [0.98500332438622, 0.002999335122756038, 0.002999335122756038, 0.002999335122756038, 0.002999335122756038, 0.002999335122756038], [0.98500332438622, 0.002999335122756038, 0.002999335122756038, 0.002999335122756038, 0.002999335122756038, 0.002999335122756038], [0.98500332438622, 0.002999335122756038, 0.002999335122756038, 0.002999335122756038, 0.002999335122756038, 0.002999335122756038], [0.98500332438622, 0.002999335122756038, 0.002999335